pse_id,time_id,reg_id
2001,41,874
2001,42,879
2001,43,115
2001,44,714
2001,45,176
2001,46,177
2001,47,954
2001,48,614
2001,49,210
2001,50,277
2001,51,238
2001,52,309
2001,53,376
2001,54,20
2001,55,216
2001,56,122
2001,57,187
2001,58,214
2001,59,224
2001,60,222
2001,61,885
2001,62,411
2001,63,209
2001,64,28
2001,65,95
2001,66,59
2001,67,151
2001,68,680
2001,69,185
2001,70,153
2001,71,93
2001,72,96
2001,73,184
2001,74,245
2001,75,342
2001,76,115
2001,77,147
2001,78,212
2001,79,184
2001,80,153
2002,41,557
2002,42,298
2002,43,895
2002,44,960
2002,45,830
2002,46,995
2002,47,863
2002,48,643
2002,49,570
2002,50,732
2002,51,832
2002,52,634
2002,53,570
2002,54,667
2002,55,633
2002,56,634
2002,57,755
2002,58,891
2002,59,847
2002,60,892
2002,61,543
2002,62,325
2002,63,570
2002,64,569
2002,65,863
2002,66,703
2002,67,732
2002,68,763
2002,69,298
2002,70,702
2002,71,703
2002,72,671
2002,73,734
2002,74,671
2002,75,701
2002,76,702
2002,77,704
2002,78,763
2002,79,825
2002,80,825
2003,41,995
2003,42,83
2003,43,173
2003,44,173
2003,45,142
2003,46,142
2003,47,143
2003,48,143
2003,49,1010
2003,50,279
2003,51,88
2003,52,619
2003,53,932
2003,54,477
2003,55,596
2003,56,532
2003,57,804
2003,58,165
2003,59,688
2003,60,632
2003,61,844
2003,62,424
2003,63,181
2003,64,177
2003,65,209
2003,66,111
2003,67,176
2003,68,918
2003,69,745
2003,70,72
2003,71,501
2003,72,5
2003,73,36
2003,74,884
2003,75,291
2003,76,161
2003,77,163
2003,78,37
2003,79,98
2003,80,305
2004,41,546
2004,42,578
2004,43,414
2004,44,315
2004,45,343
2004,46,343
2004,47,438
2004,48,438
2004,49,754
2004,50,757
2004,51,890
2004,52,892
2004,53,888
2004,54,888
2004,55,862
2004,56,729
2004,57,602
2004,58,732
2004,59,732
2004,60,703
2004,61,860
2004,62,399
2004,63,380
2004,64,341
2004,65,380
2004,66,379
2004,67,379
2004,68,379
2004,69,379
2004,70,777
2004,71,350
2004,72,565
2004,73,381
2004,74,416
2004,75,348
2004,76,376
2004,77,376
2004,78,141
2004,79,748
2004,80,480
2005,41,729
2005,42,950
2005,43,5
2005,44,36
2005,45,36
2005,46,67
2005,47,131
2005,48,163
2005,49,99
2005,50,227
2005,51,71
2005,52,37
2005,53,99
2005,54,99
2005,55,104
2005,56,237
2005,57,104
2005,58,104
2005,59,338
2005,60,331
2005,61,889
2005,62,387
2005,63,67
2005,64,387
2005,65,39
2005,66,38
2005,67,694
2005,68,72
2005,69,69
2005,70,38
2005,71,137
2005,72,172
2005,73,108
2005,74,140
2005,75,202
2005,76,504
2005,77,527
2005,78,299
2005,79,299
2005,80,363
2006,41,957
2006,42,668
2006,43,501
2006,44,438
2006,45,406
2006,46,192
2006,47,564
2006,48,501
2006,49,564
2006,50,406
2006,51,436
2006,52,405
2006,53,607
2006,54,405
2006,55,436
2006,56,723
2006,57,755
2006,58,672
2006,59,660
2006,60,692
2006,61,569
2006,62,63
2006,63,40
2006,64,520
2006,65,520
2006,66,520
2006,67,167
2006,68,200
2006,69,167
2006,70,167
2006,71,327
2006,72,391
2006,73,326
2006,74,102
2006,75,102
2006,76,434
2006,77,199
2006,78,164
2006,79,135
2006,80,231
2007,41,468
2007,42,1016
2007,43,392
2007,44,361
2007,45,392
2007,46,439
2007,47,277
2007,48,215
2007,49,117
2007,50,116
2007,51,408
2007,52,408
2007,53,248
2007,54,365
2007,55,337
2007,56,275
2007,57,420
2007,58,439
2007,59,441
2007,60,314
2007,61,929
2007,62,1012
2007,63,439
2007,64,203
2007,65,104
2007,66,156
2007,67,236
2007,68,236
2007,69,178
2007,70,113
2007,71,82
2007,72,111
2007,73,955
2007,74,577
2007,75,210
2007,76,176
2007,77,241
2007,78,278
2007,79,819
2007,80,236
2008,41,908
2008,42,528
2008,43,731
2008,44,667
2008,45,693
2008,46,474
2008,47,477
2008,48,474
2008,49,476
2008,50,524
2008,51,342
2008,52,506
2008,53,506
2008,54,635
2008,55,635
2008,56,798
2008,57,667
2008,58,570
2008,59,666
2008,60,765
2008,61,275
2008,62,472
2008,63,667
2008,64,667
2008,65,733
2008,66,700
2008,67,589
2008,68,608
2008,69,798
2008,70,700
2008,71,893
2008,72,699
2008,73,570
2008,74,319
2008,75,1016
2008,76,825
2008,77,851
2008,78,138
2008,79,844
2008,80,856
2009,41,559
2009,42,300
2009,43,776
2009,44,898
2009,45,809
2009,46,422
2009,47,422
2009,48,809
2009,49,776
2009,50,465
2009,51,359
2009,52,964
2009,53,895
2009,54,773
2009,55,624
2009,56,805
2009,57,806
2009,58,808
2009,59,776
2009,60,713
2009,61,120
2009,62,90
2009,63,879
2009,64,972
2009,65,1003
2009,66,1003
2009,67,848
2009,68,1003
2009,69,923
2009,70,1001
2009,71,942
2009,72,377
2009,73,167
2009,74,942
2009,75,109
2009,76,1007
2009,77,880
2009,78,1003
2009,79,942
2009,80,1004
2010,41,659
2010,42,465
2010,43,399
2010,44,410
2010,45,479
2010,46,444
2010,47,473
2010,48,475
2010,49,444
2010,50,509
2010,51,442
2010,52,248
2010,53,84
2010,54,312
2010,55,313
2010,56,150
2010,57,345
2010,58,473
2010,59,640
2010,60,606
2010,61,968
2010,62,967
2010,63,992
2010,64,570
2010,65,442
2010,66,538
2010,67,14
2010,68,798
2010,69,978
2010,70,704
2010,71,31
2010,72,702
2010,73,825
2010,74,530
2010,75,992
2010,76,798
2010,77,433
2010,78,433
2010,79,80
2010,80,507
2011,41,574
2011,42,915
2011,43,560
2011,44,591
2011,45,530
2011,46,562
2011,47,501
2011,48,530
2011,49,625
2011,50,621
2011,51,594
2011,52,594
2011,53,739
2011,54,530
2011,55,618
2011,56,558
2011,57,558
2011,58,574
2011,59,558
2011,60,558
2011,61,830
2011,62,515
2011,63,562
2011,64,531
2011,65,562
2011,66,733
2011,67,497
2011,68,306
2011,69,529
2011,70,531
2011,71,181
2011,72,673
2011,73,464
2011,74,562
2011,75,529
2011,76,593
2011,77,593
2011,78,706
2011,79,497
2011,80,531
2012,41,967
2012,42,115
2012,43,141
2012,44,110
2012,45,141
2012,46,141
2012,47,48
2012,48,111
2012,49,113
2012,50,178
2012,51,853
2012,52,50
2012,53,50
2012,54,109
2012,55,114
2012,56,50
2012,57,831
2012,58,144
2012,59,111
2012,60,740
2012,61,832
2012,62,655
2012,63,467
2012,64,111
2012,65,113
2012,66,179
2012,67,200
2012,68,18
2012,69,18
2012,70,18
2012,71,19
2012,72,115
2012,73,50
2012,74,113
2012,75,82
2012,76,113
2012,77,113
2012,78,82
2012,79,855
2012,80,147
2013,41,274
2013,42,963
2013,43,3
2013,44,3
2013,45,37
2013,46,305
2013,47,396
2013,48,576
2013,49,295
2013,50,426
2013,51,423
2013,52,573
2013,53,271
2013,54,102
2013,55,134
2013,56,968
2013,57,267
2013,58,104
2013,59,2
2013,60,5
2013,61,513
2013,62,641
2013,63,71
2013,64,8
2013,65,133
2013,66,626
2013,67,69
2013,68,103
2013,69,38
2013,70,188
2013,71,297
2013,72,232
2013,73,165
2013,74,200
2013,75,422
2013,76,327
2013,77,70
2013,78,69
2013,79,101
2013,80,101
2014,41,756
2014,42,87
2014,43,410
2014,44,344
2014,45,624
2014,46,246
2014,47,469
2014,48,344
2014,49,405
2014,50,436
2014,51,746
2014,52,596
2014,53,695
2014,54,728
2014,55,762
2014,56,732
2014,57,700
2014,58,602
2014,59,960
2014,60,928
2014,61,399
2014,62,748
2014,63,972
2014,64,378
2014,65,281
2014,66,312
2014,67,122
2014,68,122
2014,69,410
2014,70,315
2014,71,281
2014,72,280
2014,73,85
2014,74,265
2014,75,118
2014,76,54
2014,77,151
2014,78,215
2014,79,246
2014,80,192
2015,41,818
2015,42,398
2015,43,599
2015,44,565
2015,45,597
2015,46,597
2015,47,718
2015,48,219
2015,49,375
2015,50,782
2015,51,626
2015,52,596
2015,53,91
2015,54,625
2015,55,625
2015,56,657
2015,57,595
2015,58,595
2015,59,595
2015,60,19
2015,61,817
2015,62,135
2015,63,628
2015,64,657
2015,65,688
2015,66,812
2015,67,966
2015,68,781
2015,69,718
2015,70,781
2015,71,626
2015,72,988
2015,73,562
2015,74,406
2015,75,406
2015,76,719
2015,77,567
2015,78,562
2015,79,597
2015,80,599
2016,41,77
2016,42,9
2016,43,113
2016,44,109
2016,45,323
2016,46,74
2016,47,41
2016,48,9
2016,49,72
2016,50,142
2016,51,621
2016,52,889
2016,53,294
2016,54,69
2016,55,326
2016,56,305
2016,57,200
2016,58,198
2016,59,199
2016,60,164
2016,61,621
2016,62,240
2016,63,370
2016,64,452
2016,65,481
2016,66,732
2016,67,738
2016,68,738
2016,69,743
2016,70,814
2016,71,454
2016,72,612
2016,73,139
2016,74,707
2016,75,186
2016,76,739
2016,77,709
2016,78,806
2016,79,903
2016,80,838
2017,41,361
2017,42,4
2017,43,994
2017,44,808
2017,45,740
2017,46,513
2017,47,577
2017,48,675
2017,49,452
2017,50,707
2017,51,769
2017,52,769
2017,53,739
2017,54,743
2017,55,706
2017,56,737
2017,57,738
2017,58,609
2017,59,613
2017,60,644
2017,61,927
2017,62,295
2017,63,999
2017,64,790
2017,65,808
2017,66,740
2017,67,675
2017,68,452
2017,69,481
2017,70,451
2017,71,610
2017,72,612
2017,73,609
2017,74,674
2017,75,214
2017,76,481
2017,77,452
2017,78,674
2017,79,545
2017,80,577
2018,41,130
2018,42,428
2018,43,929
2018,44,930
2018,45,929
2018,46,929
2018,47,899
2018,48,899
2018,49,833
2018,50,833
2018,51,833
2018,52,833
2018,53,833
2018,54,833
2018,55,833
2018,56,466
2018,57,718
2018,58,833
2018,59,833
2018,60,833
2018,61,287
2018,62,287
2018,63,1000
2018,64,335
2018,65,67
2018,66,2
2018,67,473
2018,68,875
2018,69,414
2018,70,366
2018,71,305
2018,72,237
2018,73,37
2018,74,67
2018,75,323
2018,76,195
2018,77,161
2018,78,166
2018,79,162
2018,80,71
2019,41,232
2019,42,36
2019,43,32
2019,44,310
2019,45,278
2019,46,874
2019,47,810
2019,48,810
2019,49,841
2019,50,811
2019,51,966
2019,52,997
2019,53,167
2019,54,626
2019,55,388
2019,56,904
2019,57,967
2019,58,1000
2019,59,841
2019,60,811
2019,61,408
2019,62,597
2019,63,474
2019,64,594
2019,65,604
2019,66,639
2019,67,444
2019,68,607
2019,69,603
2019,70,49
2019,71,207
2019,72,607
2019,73,444
2019,74,476
2019,75,415
2019,76,542
2019,77,918
2019,78,638
2019,79,606
2019,80,606
2020,41,868
2020,42,48
2020,43,278
2020,44,275
2020,45,242
2020,46,342
2020,47,275
2020,48,407
2020,49,375
2020,50,807
2020,51,719
2020,52,688
2020,53,656
2020,54,626
2020,55,688
2020,56,599
2020,57,719
2020,58,997
2020,59,872
2020,60,840
2020,61,420
2020,62,709
2020,63,342
2020,64,973
2020,65,143
2020,66,264
2020,67,264
2020,68,52
2020,69,264
2020,70,264
2020,71,752
2020,72,264
2020,73,264
2020,74,264
2020,75,264
2020,76,105
2020,77,264
2020,78,264
2020,79,109
2020,80,234
2021,41,750
2021,42,930
2021,43,905
2021,44,838
2021,45,838
2021,46,870
2021,47,968
2021,48,873
2021,49,811
2021,50,874
2021,51,875
2021,52,903
2021,53,610
2021,54,578
2021,55,343
2021,56,675
2021,57,577
2021,58,670
2021,59,679
2021,60,648
2021,61,188
2021,62,98
2021,63,812
2021,64,626
2021,65,841
2021,66,904
2021,67,781
2021,68,843
2021,69,809
2021,70,966
2021,71,967
2021,72,998
2021,73,966
2021,74,842
2021,75,1014
2021,76,26
2021,77,562
2021,78,381
2021,79,989
2021,80,622
2022,41,454
2022,42,355
2022,43,199
2022,44,168
2022,45,200
2022,46,72
2022,47,107
2022,48,438
2022,49,303
2022,50,270
2022,51,104
2022,52,304
2022,53,710
2022,54,278
2022,55,817
2022,56,786
2022,57,869
2022,58,863
2022,59,971
2022,60,247
2022,61,417
2022,62,961
2022,63,306
2022,64,247
2022,65,742
2022,66,306
2022,67,310
2022,68,272
2022,69,103
2022,70,72
2022,71,306
2022,72,231
2022,73,202
2022,74,103
2022,75,134
2022,76,140
2022,77,107
2022,78,113
2022,79,828
2022,80,112
2023,41,666
2023,42,83
2023,43,209
2023,44,211
2023,45,374
2023,46,345
2023,47,505
2023,48,54
2023,49,469
2023,50,472
2023,51,422
2023,52,423
2023,53,552
2023,54,423
2023,55,424
2023,56,366
2023,57,394
2023,58,861
2023,59,640
2023,60,539
2023,61,1024
2023,62,547
2023,63,273
2023,64,242
2023,65,110
2023,66,112
2023,67,221
2023,68,81
2023,69,744
2023,70,82
2023,71,315
2023,72,115
2023,73,84
2023,74,118
2023,75,54
2023,76,85
2023,77,85
2023,78,637
2023,79,247
2023,80,289
2024,41,368
2024,42,66
2024,43,236
2024,44,998
2024,45,485
2024,46,488
2024,47,420
2024,48,385
2024,49,290
2024,50,616
2024,51,649
2024,52,676
2024,53,740
2024,54,130
2024,55,773
2024,56,1000
2024,57,842
2024,58,647
2024,59,609
2024,60,137
2024,61,944
2024,62,1004
2024,63,675
2024,64,451
2024,65,394
2024,66,609
2024,67,610
2024,68,545
2024,69,249
2024,70,131
2024,71,391
2024,72,427
2024,73,623
2024,74,429
2024,75,395
2024,76,365
2024,77,452
2024,78,195
2024,79,226
2024,80,984
2025,41,156
2025,42,662
2025,43,49
2025,44,52
2025,45,183
2025,46,183
2025,47,689
2025,48,378
2025,49,315
2025,50,190
2025,51,222
2025,52,187
2025,53,63
2025,54,94
2025,55,572
2025,56,286
2025,57,546
2025,58,163
2025,59,255
2025,60,316
2025,61,31
2025,62,716
2025,63,243
2025,64,361
2025,65,202
2025,66,203
2025,67,304
2025,68,342
2025,69,216
2025,70,409
2025,71,444
2025,72,409
2025,73,179
2025,74,566
2025,75,566
2025,76,566
2025,77,809
2025,78,1001
2025,79,1014
2025,80,1007
2026,41,163
2026,42,635
2026,43,12
2026,44,354
2026,45,417
2026,46,291
2026,47,161
2026,48,163
2026,49,132
2026,50,101
2026,51,99
2026,52,5
2026,53,5
2026,54,1
2026,55,536
2026,56,68
2026,57,131
2026,58,100
2026,59,161
2026,60,165
2026,61,621
2026,62,58
2026,63,524
2026,64,633
2026,65,446
2026,66,291
2026,67,354
2026,68,162
2026,69,162
2026,70,162
2026,71,195
2026,72,99
2026,73,131
2026,74,997
2026,75,132
2026,76,68
2026,77,131
2026,78,53
2026,79,585
2026,80,801
2027,41,140
2027,42,795
2027,43,150
2027,44,117
2027,45,145
2027,46,392
2027,47,396
2027,48,421
2027,49,271
2027,50,104
2027,51,137
2027,52,270
2027,53,512
2027,54,992
2027,55,366
2027,56,392
2027,57,734
2027,58,391
2027,59,200
2027,60,698
2027,61,156
2027,62,454
2027,63,333
2027,64,895
2027,65,967
2027,66,634
2027,67,258
2027,68,667
2027,69,570
2027,70,351
2027,71,992
2027,72,700
2027,73,506
2027,74,537
2027,75,631
2027,76,375
2027,77,634
2027,78,538
2027,79,667
2027,80,103
2028,41,260
2028,42,468
2028,43,427
2028,44,496
2028,45,259
2028,46,497
2028,47,530
2028,48,438
2028,49,628
2028,50,879
2028,51,974
2028,52,880
2028,53,1006
2028,54,809
2028,55,431
2028,56,593
2028,57,657
2028,58,676
2028,59,74
2028,60,1005
2028,61,801
2028,62,18
2028,63,456
2028,64,557
2028,65,584
2028,66,391
2028,67,392
2028,68,395
2028,69,425
2028,70,470
2028,71,563
2028,72,529
2028,73,520
2028,74,504
2028,75,505
2028,76,502
2028,77,533
2028,78,660
2028,79,789
2028,80,789
2029,41,927
2029,42,827
2029,43,809
2029,44,809
2029,45,712
2029,46,745
2029,47,745
2029,48,713
2029,49,186
2029,50,908
2029,51,520
2029,52,745
2029,53,744
2029,54,777
2029,55,488
2029,56,299
2029,57,118
2029,58,299
2029,59,607
2029,60,272
2029,61,673
2029,62,1021
2029,63,889
2029,64,167
2029,65,71
2029,66,598
2029,67,335
2029,68,403
2029,69,402
2029,70,306
2029,71,402
2029,72,435
2029,73,951
2029,74,476
2029,75,435
2029,76,404
2029,77,404
2029,78,435
2029,79,404
2029,80,403
2030,41,902
2030,42,772
2030,43,200
2030,44,289
2030,45,390
2030,46,323
2030,47,557
2030,48,745
2030,49,842
2030,50,903
2030,51,577
2030,52,609
2030,53,360
2030,54,348
2030,55,642
2030,56,684
2030,57,677
2030,58,157
2030,59,710
2030,60,647
2030,61,564
2030,62,481
2030,63,363
2030,64,363
2030,65,841
2030,66,362
2030,67,392
2030,68,910
2030,69,125
2030,70,5
2030,71,70
2030,72,259
2030,73,327
2030,74,385
2030,75,838
2030,76,336
2030,77,167
2030,78,200
2030,79,264
2030,80,330
2031,41,1021
2031,42,216
2031,43,8
2031,44,8
2031,45,8
2031,46,4
2031,47,7
2031,48,8
2031,49,982
2031,50,102
2031,51,264
2031,52,71
2031,53,705
2031,54,199
2031,55,199
2031,56,646
2031,57,359
2031,58,511
2031,59,26
2031,60,263
2031,61,14
2031,62,854
2031,63,5
2031,64,39
2031,65,70
2031,66,70
2031,67,8
2031,68,71
2031,69,102
2031,70,227
2031,71,70
2031,72,8
2031,73,747
2031,74,103
2031,75,164
2031,76,420
2031,77,199
2031,78,359
2031,79,359
2031,80,134
2032,41,756
2032,42,203
2032,43,557
2032,44,428
2032,45,493
2032,46,712
2032,47,587
2032,48,617
2032,49,552
2032,50,423
2032,51,344
2032,52,356
2032,53,289
2032,54,323
2032,55,290
2032,56,80
2032,57,385
2032,58,259
2032,59,67
2032,60,2
2032,61,777
2032,62,230
2032,63,1005
2032,64,394
2032,65,331
2032,66,237
2032,67,349
2032,68,275
2032,69,247
2032,70,963
2032,71,847
2032,72,454
2032,73,108
2032,74,75
2032,75,72
2032,76,178
2032,77,146
2032,78,81
2032,79,566
2032,80,18
2033,41,320
2033,42,203
2033,43,423
2033,44,460
2033,45,459
2033,46,398
2033,47,333
2033,48,424
2033,49,422
2033,50,607
2033,51,426
2033,52,766
2033,53,616
2033,54,64
2033,55,840
2033,56,610
2033,57,610
2033,58,646
2033,59,357
2033,60,967
2033,61,571
2033,62,926
2033,63,433
2033,64,132
2033,65,452
2033,66,232
2033,67,102
2033,68,749
2033,69,102
2033,70,199
2033,71,102
2033,72,102
2033,73,295
2033,74,778
2033,75,134
2033,76,40
2033,77,8
2033,78,8
2033,79,8
2033,80,627
2034,41,545
2034,42,808
2034,43,597
2034,44,630
2034,45,208
2034,46,788
2034,47,144
2034,48,787
2034,49,754
2034,50,383
2034,51,566
2034,52,566
2034,53,596
2034,54,504
2034,55,692
2034,56,683
2034,57,693
2034,58,747
2034,59,162
2034,60,566
2034,61,143
2034,62,241
2034,63,936
2034,64,807
2034,65,740
2034,66,707
2034,67,773
2034,68,837
2034,69,191
2034,70,1000
2034,71,997
2034,72,349
2034,73,707
2034,74,642
2034,75,1012
2034,76,737
2034,77,737
2034,78,407
2034,79,773
2034,80,1005
2035,41,104
2035,42,969
2035,43,484
2035,44,517
2035,45,609
2035,46,674
2035,47,647
2035,48,703
2035,49,676
2035,50,811
2035,51,584
2035,52,620
2035,53,677
2035,54,677
2035,55,648
2035,56,679
2035,57,903
2035,58,805
2035,59,840
2035,60,875
2035,61,284
2035,62,431
2035,63,954
2035,64,586
2035,65,339
2035,66,555
2035,67,525
2035,68,589
2035,69,525
2035,70,589
2035,71,679
2035,72,769
2035,73,111
2035,74,679
2035,75,677
2035,76,742
2035,77,188
2035,78,807
2035,79,839
2035,80,968
2036,41,440
2036,42,621
2036,43,903
2036,44,683
2036,45,180
2036,46,248
2036,47,183
2036,48,538
2036,49,164
2036,50,613
2036,51,342
2036,52,137
2036,53,140
2036,54,170
2036,55,137
2036,56,167
2036,57,169
2036,58,412
2036,59,630
2036,60,71
2036,61,327
2036,62,549
2036,63,132
2036,64,75
2036,65,73
2036,66,39
2036,67,170
2036,68,271
2036,69,307
2036,70,309
2036,71,472
2036,72,440
2036,73,277
2036,74,469
2036,75,342
2036,76,182
2036,77,278
2036,78,277
2036,79,85
2036,80,49
2037,41,996
2037,42,808
2037,43,992
2037,44,682
2037,45,830
2037,46,43
2037,47,832
2037,48,730
2037,49,732
2037,50,473
2037,51,315
2037,52,248
2037,53,409
2037,54,315
2037,55,285
2037,56,254
2037,57,286
2037,58,254
2037,59,285
2037,60,313
2037,61,349
2037,62,895
2037,63,892
2037,64,981
2037,65,920
2037,66,337
2037,67,353
2037,68,888
2037,69,952
2037,70,732
2037,71,1000
2037,72,704
2037,73,733
2037,74,814
2037,75,96
2037,76,701
2037,77,830
2037,78,992
2037,79,182
2037,80,992
2038,41,716
2038,42,655
2038,43,404
2038,44,890
2038,45,305
2038,46,238
2038,47,992
2038,48,172
2038,49,331
2038,50,331
2038,51,233
2038,52,819
2038,53,202
2038,54,356
2038,55,323
2038,56,356
2038,57,289
2038,58,361
2038,59,627
2038,60,442
2038,61,490
2038,62,785
2038,63,365
2038,64,395
2038,65,365
2038,66,390
2038,67,474
2038,68,470
2038,69,478
2038,70,506
2038,71,375
2038,72,469
2038,73,406
2038,74,277
2038,75,184
2038,76,215
2038,77,54
2038,78,22
2038,79,54
2038,80,86
2039,41,29
2039,42,700
2039,43,209
2039,44,209
2039,45,209
2039,46,352
2039,47,211
2039,48,181
2039,49,211
2039,50,211
2039,51,560
2039,52,143
2039,53,211
2039,54,211
2039,55,211
2039,56,269
2039,57,209
2039,58,211
2039,59,725
2039,60,890
2039,61,728
2039,62,634
2039,63,1018
2039,64,753
2039,65,181
2039,66,181
2039,67,211
2039,68,181
2039,69,178
2039,70,211
2039,71,143
2039,72,211
2039,73,181
2039,74,211
2039,75,181
2039,76,418
2039,77,209
2039,78,209
2039,79,211
2039,80,211
2040,41,660
2040,42,916
2040,43,532
2040,44,719
2040,45,657
2040,46,813
2040,47,657
2040,48,214
2040,49,718
2040,50,264
2040,51,757
2040,52,561
2040,53,334
2040,54,648
2040,55,584
2040,56,990
2040,57,617
2040,58,683
2040,59,918
2040,60,921
2040,61,536
2040,62,114
2040,63,274
2040,64,242
2040,65,820
2040,66,361
2040,67,335
2040,68,337
2040,69,117
2040,70,501
2040,71,276
2040,72,712
2040,73,615
2040,74,795
2040,75,962
2040,76,426
2040,77,394
2040,78,112
2040,79,380
2040,80,438
2041,41,218
2041,42,637
2041,43,607
2041,44,18
2041,45,821
2041,46,309
2041,47,374
2041,48,480
2041,49,505
2041,50,536
2041,51,505
2041,52,238
2041,53,832
2041,54,334
2041,55,638
2041,56,443
2041,57,410
2041,58,924
2041,59,728
2041,60,574
2041,61,14
2041,62,680
2041,63,410
2041,64,472
2041,65,505
2041,66,474
2041,67,733
2041,68,991
2041,69,765
2041,70,733
2041,71,765
2041,72,992
2041,73,928
2041,74,634
2041,75,713
2041,76,765
2041,77,700
2041,78,442
2041,79,473
2041,80,312
2042,41,776
2042,42,373
2042,43,725
2042,44,685
2042,45,676
2042,46,555
2042,47,551
2042,48,555
2042,49,559
2042,50,618
2042,51,617
2042,52,153
2042,53,617
2042,54,552
2042,55,359
2042,56,390
2042,57,326
2042,58,295
2042,59,201
2042,60,326
2042,61,771
2042,62,464
2042,63,297
2042,64,233
2042,65,390
2042,66,342
2042,67,126
2042,68,440
2042,69,439
2042,70,150
2042,71,475
2042,72,375
2042,73,275
2042,74,534
2042,75,660
2042,76,594
2042,77,406
2042,78,533
2042,79,1011
2042,80,441
2043,41,877
2043,42,995
2043,43,391
2043,44,713
2043,45,488
2043,46,385
2043,47,722
2043,48,289
2043,49,354
2043,50,226
2043,51,390
2043,52,817
2043,53,391
2043,54,681
2043,55,616
2043,56,776
2043,57,650
2043,58,456
2043,59,552
2043,60,45
2043,61,779
2043,62,951
2043,63,389
2043,64,227
2043,65,68
2043,66,101
2043,67,28
2043,68,422
2043,69,481
2043,70,280
2043,71,426
2043,72,772
2043,73,334
2043,74,206
2043,75,169
2043,76,133
2043,77,133
2043,78,767
2043,79,258
2043,80,168
2044,41,327
2044,42,1010
2044,43,786
2044,44,693
2044,45,535
2044,46,756
2044,47,756
2044,48,790
2044,49,888
2044,50,976
2044,51,978
2044,52,1016
2044,53,241
2044,54,988
2044,55,988
2044,56,988
2044,57,891
2044,58,983
2044,59,478
2044,60,950
2044,61,623
2044,62,627
2044,63,1003
2044,64,942
2044,65,818
2044,66,817
2044,67,941
2044,68,908
2044,69,941
2044,70,908
2044,71,849
2044,72,817
2044,73,875
2044,74,712
2044,75,650
2044,76,737
2044,77,676
2044,78,647
2044,79,613
2044,80,679
2045,41,745
2045,42,891
2045,43,102
2045,44,164
2045,45,167
2045,46,565
2045,47,172
2045,48,268
2045,49,137
2045,50,69
2045,51,308
2045,52,851
2045,53,287
2045,54,70
2045,55,199
2045,56,102
2045,57,40
2045,58,40
2045,59,40
2045,60,40
2045,61,937
2045,62,972
2045,63,199
2045,64,166
2045,65,507
2045,66,200
2045,67,167
2045,68,69
2045,69,69
2045,70,115
2045,71,39
2045,72,71
2045,73,237
2045,74,395
2045,75,392
2045,76,1017
2045,77,745
2045,78,366
2045,79,393
2045,80,232
2046,41,150
2046,42,130
2046,43,103
2046,44,103
2046,45,104
2046,46,137
2046,47,102
2046,48,102
2046,49,797
2046,50,930
2046,51,151
2046,52,104
2046,53,236
2046,54,265
2046,55,265
2046,56,330
2046,57,462
2046,58,330
2046,59,363
2046,60,330
2046,61,591
2046,62,835
2046,63,330
2046,64,330
2046,65,233
2046,66,265
2046,67,213
2046,68,205
2046,69,236
2046,70,299
2046,71,236
2046,72,363
2046,73,330
2046,74,297
2046,75,265
2046,76,330
2046,77,585
2046,78,233
2046,79,233
2046,80,233
2047,41,982
2047,42,165
2047,43,202
2047,44,25
2047,45,243
2047,46,135
2047,47,168
2047,48,104
2047,49,70
2047,50,270
2047,51,272
2047,52,275
2047,53,374
2047,54,501
2047,55,625
2047,56,688
2047,57,752
2047,58,785
2047,59,752
2047,60,785
2047,61,301
2047,62,348
2047,63,203
2047,64,70
2047,65,202
2047,66,104
2047,67,913
2047,68,413
2047,69,199
2047,70,198
2047,71,70
2047,72,422
2047,73,199
2047,74,164
2047,75,162
2047,76,269
2047,77,323
2047,78,70
2047,79,386
2047,80,70
2048,41,266
2048,42,796
2048,43,1017
2048,44,1006
2048,45,908
2048,46,95
2048,47,1002
2048,48,982
2048,49,787
2048,50,787
2048,51,786
2048,52,245
2048,53,627
2048,54,626
2048,55,838
2048,56,620
2048,57,740
2048,58,740
2048,59,495
2048,60,743
2048,61,17
2048,62,467
2048,63,941
2048,64,1006
2048,65,941
2048,66,1003
2048,67,1005
2048,68,1004
2048,69,1007
2048,70,1006
2048,71,878
2048,72,878
2048,73,878
2048,74,1001
2048,75,136
2048,76,1004
2048,77,973
2048,78,817
2048,79,460
2048,80,1007
2049,41,678
2049,42,73
2049,43,169
2049,44,103
2049,45,934
2049,46,243
2049,47,471
2049,48,503
2049,49,430
2049,50,434
2049,51,61
2049,52,437
2049,53,306
2049,54,36
2049,55,2
2049,56,36
2049,57,276
2049,58,272
2049,59,304
2049,60,278
2049,61,427
2049,62,52
2049,63,452
2049,64,604
2049,65,773
2049,66,69
2049,67,67
2049,68,67
2049,69,5
2049,70,36
2049,71,2
2049,72,137
2049,73,342
2049,74,432
2049,75,758
2049,76,469
2049,77,930
2049,78,445
2049,79,626
2049,80,464
2050,41,876
2050,42,519
2050,43,179
2050,44,113
2050,45,50
2050,46,81
2050,47,115
2050,48,213
2050,49,309
2050,50,409
2050,51,524
2050,52,218
2050,53,157
2050,54,325
2050,55,255
2050,56,297
2050,57,223
2050,58,223
2050,59,192
2050,60,223
2050,61,625
2050,62,405
2050,63,883
2050,64,115
2050,65,661
2050,66,18
2050,67,49
2050,68,112
2050,69,115
2050,70,18
2050,71,81
2050,72,864
2050,73,48
2050,74,82
2050,75,79
2050,76,1002
2050,77,46
2050,78,46
2050,79,46
2050,80,48
2051,41,917
2051,42,544
2051,43,825
2051,44,825
2051,45,731
2051,46,827
2051,47,827
2051,48,952
2051,49,951
2051,50,825
2051,51,582
2051,52,538
2051,53,538
2051,54,768
2051,55,474
2051,56,710
2051,57,599
2051,58,129
2051,59,603
2051,60,538
2051,61,743
2051,62,249
2051,63,990
2051,64,475
2051,65,635
2051,66,203
2051,67,969
2051,68,20
2051,69,378
2051,70,441
2051,71,472
2051,72,400
2051,73,499
2051,74,472
2051,75,470
2051,76,402
2051,77,499
2051,78,593
2051,79,832
2051,80,657
2052,41,536
2052,42,872
2052,43,125
2052,44,52
2052,45,155
2052,46,157
2052,47,187
2052,48,153
2052,49,29
2052,50,93
2052,51,153
2052,52,54
2052,53,894
2052,54,151
2052,55,153
2052,56,184
2052,57,246
2052,58,337
2052,59,366
2052,60,691
2052,61,556
2052,62,229
2052,63,204
2052,64,22
2052,65,54
2052,66,474
2052,67,86
2052,68,118
2052,69,117
2052,70,183
2052,71,246
2052,72,19
2052,73,9
2052,74,310
2052,75,276
2052,76,179
2052,77,210
2052,78,192
2052,79,79
2052,80,78
2053,41,705
2053,42,942
2053,43,257
2053,44,265
2053,45,200
2053,46,906
2053,47,264
2053,48,200
2053,49,264
2053,50,170
2053,51,167
2053,52,916
2053,53,200
2053,54,263
2053,55,263
2053,56,758
2053,57,327
2053,58,781
2053,59,327
2053,60,134
2053,61,746
2053,62,904
2053,63,135
2053,64,135
2053,65,896
2053,66,133
2053,67,168
2053,68,165
2053,69,199
2053,70,55
2053,71,164
2053,72,164
2053,73,955
2053,74,199
2053,75,978
2053,76,162
2053,77,165
2053,78,165
2053,79,166
2053,80,168
2054,41,486
2054,42,418
2054,43,441
2054,44,441
2054,45,315
2054,46,749
2054,47,284
2054,48,284
2054,49,255
2054,50,315
2054,51,415
2054,52,381
2054,53,313
2054,54,313
2054,55,409
2054,56,696
2054,57,190
2054,58,504
2054,59,190
2054,60,223
2054,61,900
2054,62,82
2054,63,257
2054,64,410
2054,65,112
2054,66,313
2054,67,216
2054,68,248
2054,69,577
2054,70,215
2054,71,280
2054,72,116
2054,73,410
2054,74,278
2054,75,617
2054,76,311
2054,77,311
2054,78,311
2054,79,313
2054,80,313
2055,41,117
2055,42,74
2055,43,170
2055,44,271
2055,45,170
2055,46,521
2055,47,528
2055,48,334
2055,49,257
2055,50,336
2055,51,366
2055,52,947
2055,53,396
2055,54,996
2055,55,653
2055,56,366
2055,57,390
2055,58,232
2055,59,295
2055,60,390
2055,61,850
2055,62,644
2055,63,434
2055,64,246
2055,65,306
2055,66,304
2055,67,544
2055,68,176
2055,69,340
2055,70,272
2055,71,685
2055,72,273
2055,73,210
2055,74,275
2055,75,276
2055,76,338
2055,77,273
2055,78,372
2055,79,240
2055,80,304
2056,41,244
2056,42,946
2056,43,132
2056,44,164
2056,45,163
2056,46,163
2056,47,322
2056,48,68
2056,49,3
2056,50,684
2056,51,67
2056,52,3
2056,53,820
2056,54,846
2056,55,354
2056,56,324
2056,57,354
2056,58,513
2056,59,452
2056,60,425
2056,61,373
2056,62,140
2056,63,67
2056,64,3
2056,65,102
2056,66,108
2056,67,72
2056,68,926
2056,69,100
2056,70,163
2056,71,70
2056,72,237
2056,73,302
2056,74,302
2056,75,302
2056,76,302
2056,77,302
2056,78,302
2056,79,302
2056,80,302
2057,41,903
2057,42,100
2057,43,389
2057,44,322
2057,45,226
2057,46,356
2057,47,426
2057,48,395
2057,49,520
2057,50,534
2057,51,330
2057,52,656
2057,53,781
2057,54,166
2057,55,997
2057,56,998
2057,57,843
2057,58,83
2057,59,337
2057,60,626
2057,61,673
2057,62,1005
2057,63,166
2057,64,195
2057,65,67
2057,66,634
2057,67,135
2057,68,35
2057,69,958
2057,70,734
2057,71,1013
2057,72,402
2057,73,291
2057,74,405
2057,75,421
2057,76,420
2057,77,681
2057,78,552
2057,79,889
2057,80,291
2058,41,494
2058,42,846
2058,43,170
2058,44,170
2058,45,304
2058,46,202
2058,47,196
2058,48,73
2058,49,358
2058,50,326
2058,51,827
2058,52,359
2058,53,584
2058,54,456
2058,55,399
2058,56,424
2058,57,433
2058,58,435
2058,59,468
2058,60,476
2058,61,149
2058,62,38
2058,63,489
2058,64,263
2058,65,74
2058,66,107
2058,67,72
2058,68,108
2058,69,37
2058,70,71
2058,71,291
2058,72,276
2058,73,726
2058,74,375
2058,75,691
2058,76,599
2058,77,657
2058,78,468
2058,79,1007
2058,80,880
2059,41,66
2059,42,994
2059,43,805
2059,44,545
2059,45,738
2059,46,738
2059,47,675
2059,48,481
2059,49,612
2059,50,612
2059,51,612
2059,52,612
2059,53,308
2059,54,612
2059,55,612
2059,56,612
2059,57,612
2059,58,612
2059,59,612
2059,60,158
2059,61,210
2059,62,366
2059,63,323
2059,64,195
2059,65,325
2059,66,417
2059,67,610
2059,68,513
2059,69,738
2059,70,69
2059,71,737
2059,72,182
2059,73,706
2059,74,737
2059,75,706
2059,76,773
2059,77,514
2059,78,805
2059,79,740
2059,80,513
2060,41,419
2060,42,914
2060,43,521
2060,44,523
2060,45,522
2060,46,523
2060,47,492
2060,48,556
2060,49,556
2060,50,493
2060,51,636
2060,52,714
2060,53,620
2060,54,590
2060,55,560
2060,56,592
2060,57,529
2060,58,398
2060,59,432
2060,60,533
2060,61,936
2060,62,879
2060,63,176
2060,64,621
2060,65,649
2060,66,423
2060,67,424
2060,68,198
2060,69,341
2060,70,162
2060,71,785
2060,72,101
2060,73,117
2060,74,36
2060,75,167
2060,76,278
2060,77,7
2060,78,180
2060,79,237
2060,80,170
2061,41,331
2061,42,9
2061,43,396
2061,44,274
2061,45,275
2061,46,370
2061,47,493
2061,48,422
2061,49,395
2061,50,431
2061,51,469
2061,52,567
2061,53,596
2061,54,535
2061,55,35
2061,56,533
2061,57,569
2061,58,137
2061,59,732
2061,60,57
2061,61,738
2061,62,439
2061,63,337
2061,64,980
2061,65,392
2061,66,331
2061,67,395
2061,68,366
2061,69,338
2061,70,356
2061,71,79
2061,72,528
2061,73,495
2061,74,559
2061,75,928
2061,76,620
2061,77,589
2061,78,652
2061,79,227
2061,80,782
2062,41,359
2062,42,23
2062,43,974
2062,44,1007
2062,45,1007
2062,46,940
2062,47,848
2062,48,817
2062,49,787
2062,50,974
2062,51,347
2062,52,942
2062,53,941
2062,54,630
2062,55,630
2062,56,567
2062,57,755
2062,58,848
2062,59,818
2062,60,785
2062,61,126
2062,62,408
2062,63,664
2062,64,664
2062,65,632
2062,66,472
2062,67,409
2062,68,338
2062,69,375
2062,70,173
2062,71,79
2062,72,79
2062,73,16
2062,74,46
2062,75,16
2062,76,48
2062,77,144
2062,78,145
2062,79,114
2062,80,49
2063,41,844
2063,42,228
2063,43,896
2063,44,982
2063,45,983
2063,46,918
2063,47,920
2063,48,892
2063,49,857
2063,50,424
2063,51,827
2063,52,823
2063,53,822
2063,54,920
2063,55,794
2063,56,637
2063,57,794
2063,58,351
2063,59,731
2063,60,53
2063,61,213
2063,62,216
2063,63,950
2063,64,419
2063,65,983
2063,66,856
2063,67,888
2063,68,920
2063,69,573
2063,70,982
2063,71,920
2063,72,981
2063,73,918
2063,74,886
2063,75,885
2063,76,885
2063,77,853
2063,78,886
2063,79,852
2063,80,852
2064,41,395
2064,42,201
2064,43,918
2064,44,335
2064,45,395
2064,46,394
2064,47,364
2064,48,875
2064,49,699
2064,50,227
2064,51,195
2064,52,454
2064,53,426
2064,54,420
2064,55,70
2064,56,4
2064,57,385
2064,58,259
2064,59,389
2064,60,390
2064,61,763
2064,62,536
2064,63,391
2064,64,391
2064,65,395
2064,66,306
2064,67,434
2064,68,287
2064,69,598
2064,70,693
2064,71,122
2064,72,756
2064,73,630
2064,74,662
2064,75,595
2064,76,627
2064,77,188
2064,78,504
2064,79,537
2064,80,537
2065,41,661
2065,42,433
2065,43,752
2065,44,162
2065,45,684
2065,46,164
2065,47,232
2065,48,390
2065,49,417
2065,50,625
2065,51,35
2065,52,67
2065,53,323
2065,54,468
2065,55,628
2065,56,688
2065,57,750
2065,58,677
2065,59,391
2065,60,18
2065,61,636
2065,62,851
2065,63,469
2065,64,575
2065,65,204
2065,66,432
2065,67,172
2065,68,204
2065,69,465
2065,70,366
2065,71,298
2065,72,331
2065,73,956
2065,74,231
2065,75,94
2065,76,520
2065,77,745
2065,78,759
2065,79,30
2065,80,210
2066,41,702
2066,42,464
2066,43,356
2066,44,361
2066,45,335
2066,46,960
2066,47,488
2066,48,649
2066,49,423
2066,50,852
2066,51,610
2066,52,481
2066,53,385
2066,54,322
2066,55,392
2066,56,208
2066,57,449
2066,58,397
2066,59,162
2066,60,164
2066,61,228
2066,62,943
2066,63,99
2066,64,99
2066,65,129
2066,66,5
2066,67,5
2066,68,5
2066,69,1016
2066,70,99
2066,71,811
2066,72,99
2066,73,68
2066,74,130
2066,75,982
2066,76,130
2066,77,2
2066,78,356
2066,79,388
2066,80,545
2067,41,356
2067,42,500
2067,43,37
2067,44,195
2067,45,162
2067,46,558
2067,47,618
2067,48,116
2067,49,2
2067,50,70
2067,51,36
2067,52,101
2067,53,2
2067,54,597
2067,55,630
2067,56,523
2067,57,101
2067,58,5
2067,59,36
2067,60,99
2067,61,991
2067,62,65
2067,63,222
2067,64,3
2067,65,902
2067,66,36
2067,67,70
2067,68,101
2067,69,162
2067,70,162
2067,71,1016
2067,72,99
2067,73,195
2067,74,99
2067,75,195
2067,76,82
2067,77,99
2067,78,195
2067,79,133
2067,80,162
2068,41,835
2068,42,402
2068,43,600
2068,44,777
2068,45,417
2068,46,322
2068,47,438
2068,48,172
2068,49,239
2068,50,212
2068,51,115
2068,52,111
2068,53,79
2068,54,142
2068,55,191
2068,56,464
2068,57,139
2068,58,139
2068,59,76
2068,60,76
2068,61,99
2068,62,773
2068,63,481
2068,64,481
2068,65,227
2068,66,257
2068,67,996
2068,68,331
2068,69,424
2068,70,425
2068,71,450
2068,72,421
2068,73,422
2068,74,123
2068,75,850
2068,76,422
2068,77,399
2068,78,488
2068,79,713
2068,80,552
2069,41,193
2069,42,433
2069,43,70
2069,44,131
2069,45,132
2069,46,36
2069,47,800
2069,48,33
2069,49,33
2069,50,33
2069,51,65
2069,52,34
2069,53,65
2069,54,97
2069,55,97
2069,56,460
2069,57,97
2069,58,97
2069,59,97
2069,60,97
2069,61,807
2069,62,395
2069,63,71
2069,64,3
2069,65,306
2069,66,267
2069,67,331
2069,68,394
2069,69,392
2069,70,428
2069,71,427
2069,72,962
2069,73,424
2069,74,421
2069,75,260
2069,76,430
2069,77,427
2069,78,389
2069,79,367
2069,80,362
2070,41,56
2070,42,515
2070,43,240
2070,44,203
2070,45,169
2070,46,236
2070,47,275
2070,48,277
2070,49,277
2070,50,287
2070,51,881
2070,52,478
2070,53,880
2070,54,640
2070,55,538
2070,56,634
2070,57,599
2070,58,698
2070,59,634
2070,60,604
2070,61,899
2070,62,635
2070,63,176
2070,64,109
2070,65,110
2070,66,46
2070,67,110
2070,68,515
2070,69,205
2070,70,203
2070,71,116
2070,72,73
2070,73,337
2070,74,178
2070,75,627
2070,76,691
2070,77,110
2070,78,112
2070,79,331
2070,80,110
2071,41,703
2071,42,304
2071,43,902
2071,44,411
2071,45,343
2071,46,816
2071,47,505
2071,48,343
2071,49,443
2071,50,613
2071,51,816
2071,52,409
2071,53,505
2071,54,616
2071,55,20
2071,56,343
2071,57,664
2071,58,149
2071,59,380
2071,60,20
2071,61,653
2071,62,544
2071,63,343
2071,64,671
2071,65,225
2071,66,602
2071,67,637
2071,68,164
2071,69,670
2071,70,640
2071,71,635
2071,72,638
2071,73,670
2071,74,542
2071,75,575
2071,76,574
2071,77,347
2071,78,607
2071,79,607
2071,80,607
2072,41,146
2072,42,423
2072,43,2
2072,44,67
2072,45,69
2072,46,170
2072,47,67
2072,48,5
2072,49,5
2072,50,164
2072,51,69
2072,52,101
2072,53,3
2072,54,35
2072,55,230
2072,56,165
2072,57,37
2072,58,69
2072,59,267
2072,60,300
2072,61,872
2072,62,438
2072,63,54
2072,64,179
2072,65,373
2072,66,74
2072,67,535
2072,68,199
2072,69,390
2072,70,327
2072,71,295
2072,72,290
2072,73,357
2072,74,326
2072,75,390
2072,76,481
2072,77,353
2072,78,450
2072,79,199
2072,80,165
2073,41,314
2073,42,108
2073,43,621
2073,44,781
2073,45,499
2073,46,464
2073,47,594
2073,48,456
2073,49,470
2073,50,438
2073,51,375
2073,52,907
2073,53,469
2073,54,501
2073,55,776
2073,56,561
2073,57,468
2073,58,426
2073,59,430
2073,60,440
2073,61,653
2073,62,542
2073,63,968
2073,64,829
2073,65,438
2073,66,406
2073,67,438
2073,68,439
2073,69,440
2073,70,302
2073,71,375
2073,72,376
2073,73,344
2073,74,959
2073,75,850
2073,76,376
2073,77,439
2073,78,405
2073,79,375
2073,80,407
2074,41,165
2074,42,223
2074,43,255
2074,44,352
2074,45,348
2074,46,346
2074,47,378
2074,48,346
2074,49,415
2074,50,380
2074,51,415
2074,52,350
2074,53,820
2074,54,348
2074,55,348
2074,56,381
2074,57,348
2074,58,350
2074,59,348
2074,60,416
2074,61,721
2074,62,180
2074,63,284
2074,64,314
2074,65,314
2074,66,314
2074,67,254
2074,68,318
2074,69,409
2074,70,544
2074,71,544
2074,72,608
2074,73,664
2074,74,544
2074,75,542
2074,76,542
2074,77,506
2074,78,1006
2074,79,466
2074,80,441
2075,41,189
2075,42,892
2075,43,131
2075,44,455
2075,45,4
2075,46,839
2075,47,221
2075,48,68
2075,49,99
2075,50,132
2075,51,163
2075,52,2
2075,53,70
2075,54,37
2075,55,68
2075,56,102
2075,57,200
2075,58,220
2075,59,102
2075,60,3
2075,61,554
2075,62,506
2075,63,391
2075,64,67
2075,65,162
2075,66,3
2075,67,69
2075,68,298
2075,69,134
2075,70,264
2075,71,134
2075,72,232
2075,73,102
2075,74,36
2075,75,166
2075,76,462
2075,77,275
2075,78,1010
2075,79,989
2075,80,375
2076,41,238
2076,42,940
2076,43,704
2076,44,702
2076,45,733
2076,46,827
2076,47,955
2076,48,955
2076,49,827
2076,50,359
2076,51,1024
2076,52,765
2076,53,667
2076,54,634
2076,55,763
2076,56,635
2076,57,506
2076,58,732
2076,59,960
2076,60,798
2076,61,711
2076,62,157
2076,63,998
2076,64,538
2076,65,543
2076,66,543
2076,67,410
2076,68,285
2076,69,43
2076,70,320
2076,71,378
2076,72,285
2076,73,247
2076,74,279
2076,75,379
2076,76,697
2076,77,348
2076,78,348
2076,79,285
2076,80,346
2077,41,340
2077,42,335
2077,43,143
2077,44,242
2077,45,273
2077,46,581
2077,47,247
2077,48,307
2077,49,276
2077,50,231
2077,51,306
2077,52,337
2077,53,275
2077,54,985
2077,55,307
2077,56,610
2077,57,342
2077,58,342
2077,59,216
2077,60,122
2077,61,150
2077,62,51
2077,63,213
2077,64,859
2077,65,176
2077,66,209
2077,67,143
2077,68,346
2077,69,242
2077,70,592
2077,71,143
2077,72,181
2077,73,181
2077,74,209
2077,75,50
2077,76,275
2077,77,305
2077,78,342
2077,79,242
2077,80,274
2078,41,476
2078,42,85
2078,43,106
2078,44,363
2078,45,205
2078,46,207
2078,47,207
2078,48,332
2078,49,207
2078,50,206
2078,51,205
2078,52,142
2078,53,205
2078,54,1024
2078,55,174
2078,56,823
2078,57,271
2078,58,271
2078,59,173
2078,60,237
2078,61,528
2078,62,646
2078,63,141
2078,64,112
2078,65,110
2078,66,140
2078,67,363
2078,68,363
2078,69,236
2078,70,265
2078,71,233
2078,72,318
2078,73,234
2078,74,234
2078,75,233
2078,76,568
2078,77,233
2078,78,362
2078,79,330
2078,80,330
2079,41,652
2079,42,122
2079,43,706
2079,44,131
2079,45,52
2079,46,743
2079,47,745
2079,48,682
2079,49,354
2079,50,552
2079,51,394
2079,52,774
2079,53,336
2079,54,436
2079,55,456
2079,56,128
2079,57,327
2079,58,167
2079,59,168
2079,60,236
2079,61,713
2079,62,976
2079,63,518
2079,64,450
2079,65,420
2079,66,481
2079,67,346
2079,68,139
2079,69,515
2079,70,514
2079,71,514
2079,72,581
2079,73,456
2079,74,423
2079,75,678
2079,76,552
2079,77,274
2079,78,611
2079,79,679
2079,80,488
2080,41,377
2080,42,871
2080,43,185
2080,44,346
2080,45,377
2080,46,504
2080,47,596
2080,48,533
2080,49,278
2080,50,236
2080,51,104
2080,52,237
2080,53,238
2080,54,270
2080,55,137
2080,56,237
2080,57,203
2080,58,14
2080,59,874
2080,60,200
2080,61,13
2080,62,783
2080,63,692
2080,64,149
2080,65,255
2080,66,345
2080,67,283
2080,68,252
2080,69,250
2080,70,218
2080,71,629
2080,72,283
2080,73,890
2080,74,218
2080,75,78
2080,76,99
2080,77,487
2080,78,255
2080,79,223
2080,80,121
2081,41,692
2081,42,757
2081,43,777
2081,44,750
2081,45,601
2081,46,506
2081,47,538
2081,48,538
2081,49,537
2081,50,596
2081,51,723
2081,52,849
2081,53,593
2081,54,564
2081,55,308
2081,56,596
2081,57,597
2081,58,501
2081,59,738
2081,60,375
2081,61,572
2081,62,51
2081,63,842
2081,64,207
2081,65,489
2081,66,49
2081,67,390
2081,68,676
2081,69,488
2081,70,126
2081,71,609
2081,72,460
2081,73,622
2081,74,461
2081,75,461
2081,76,525
2081,77,495
2081,78,529
2081,79,529
2081,80,437
2082,41,1002
2082,42,978
2082,43,716
2082,44,622
2082,45,307
2082,46,682
2082,47,247
2082,48,622
2082,49,719
2082,50,1000
2082,51,773
2082,52,612
2082,53,107
2082,54,808
2082,55,777
2082,56,997
2082,57,520
2082,58,520
2082,59,649
2082,60,603
2082,61,89
2082,62,899
2082,63,182
2082,64,184
2082,65,64
2082,66,598
2082,67,91
2082,68,351
2082,69,309
2082,70,942
2082,71,343
2082,72,634
2082,73,634
2082,74,259
2082,75,1024
2082,76,863
2082,77,373
2082,78,859
2082,79,822
2082,80,796
2083,41,835
2083,42,370
2083,43,235
2083,44,143
2083,45,180
2083,46,399
2083,47,338
2083,48,312
2083,49,311
2083,50,311
2083,51,372
2083,52,311
2083,53,311
2083,54,184
2083,55,154
2083,56,86
2083,57,86
2083,58,151
2083,59,322
2083,60,52
2083,61,130
2083,62,492
2083,63,181
2083,64,183
2083,65,29
2083,66,92
2083,67,154
2083,68,151
2083,69,840
2083,70,974
2083,71,278
2083,72,246
2083,73,153
2083,74,151
2083,75,150
2083,76,150
2083,77,29
2083,78,29
2083,79,117
2083,80,93
2084,41,522
2084,42,903
2084,43,34
2084,44,937
2084,45,33
2084,46,35
2084,47,591
2084,48,72
2084,49,773
2084,50,984
2084,51,111
2084,52,79
2084,53,806
2084,54,111
2084,55,113
2084,56,113
2084,57,415
2084,58,489
2084,59,215
2084,60,52
2084,61,376
2084,62,429
2084,63,130
2084,64,129
2084,65,851
2084,66,129
2084,67,511
2084,68,727
2084,69,70
2084,70,104
2084,71,67
2084,72,607
2084,73,193
2084,74,193
2084,75,193
2084,76,193
2084,77,194
2084,78,36
2084,79,103
2084,80,72
2085,41,438
2085,42,927
2085,43,633
2085,44,664
2085,45,630
2085,46,942
2085,47,879
2085,48,911
2085,49,630
2085,50,19
2085,51,724
2085,52,533
2085,53,499
2085,54,652
2085,55,703
2085,56,365
2085,57,98
2085,58,366
2085,59,306
2085,60,309
2085,61,471
2085,62,695
2085,63,690
2085,64,690
2085,65,659
2085,66,690
2085,67,659
2085,68,382
2085,69,718
2085,70,719
2085,71,841
2085,72,810
2085,73,810
2085,74,743
2085,75,741
2085,76,714
2085,77,274
2085,78,488
2085,79,164
2085,80,166
2086,41,75
2086,42,316
2086,43,470
2086,44,502
2086,45,502
2086,46,470
2086,47,470
2086,48,470
2086,49,431
2086,50,470
2086,51,480
2086,52,478
2086,53,1009
2086,54,607
2086,55,509
2086,56,542
2086,57,638
2086,58,606
2086,59,131
2086,60,638
2086,61,172
2086,62,793
2086,63,864
2086,64,433
2086,65,468
2086,66,607
2086,67,575
2086,68,88
2086,69,607
2086,70,446
2086,71,446
2086,72,446
2086,73,446
2086,74,446
2086,75,446
2086,76,446
2086,77,446
2086,78,478
2086,79,470
2086,80,470
2087,41,762
2087,42,78
2087,43,662
2087,44,534
2087,45,563
2087,46,559
2087,47,558
2087,48,589
2087,49,338
2087,50,260
2087,51,842
2087,52,622
2087,53,622
2087,54,589
2087,55,589
2087,56,620
2087,57,154
2087,58,683
2087,59,563
2087,60,559
2087,61,269
2087,62,52
2087,63,596
2087,64,389
2087,65,395
2087,66,895
2087,67,1024
2087,68,864
2087,69,797
2087,70,442
2087,71,378
2087,72,378
2087,73,538
2087,74,540
2087,75,960
2087,76,830
2087,77,832
2087,78,787
2087,79,830
2087,80,960
2088,41,642
2088,42,195
2088,43,238
2088,44,138
2088,45,639
2088,46,637
2088,47,670
2088,48,638
2088,49,636
2088,50,164
2088,51,509
2088,52,607
2088,53,477
2088,54,479
2088,55,478
2088,56,572
2088,57,431
2088,58,812
2088,59,170
2088,60,270
2088,61,167
2088,62,675
2088,63,478
2088,64,779
2088,65,685
2088,66,783
2088,67,748
2088,68,752
2088,69,785
2088,70,942
2088,71,684
2088,72,682
2088,73,682
2088,74,7
2088,75,682
2088,76,683
2088,77,683
2088,78,654
2088,79,619
2088,80,587
2089,41,955
2089,42,137
2089,43,306
2089,44,330
2089,45,236
2089,46,309
2089,47,170
2089,48,170
2089,49,170
2089,50,291
2089,51,323
2089,52,289
2089,53,356
2089,54,323
2089,55,99
2089,56,33
2089,57,756
2089,58,35
2089,59,36
2089,60,36
2089,61,77
2089,62,40
2089,63,344
2089,64,376
2089,65,310
2089,66,184
2089,67,22
2089,68,151
2089,69,86
2089,70,118
2089,71,86
2089,72,728
2089,73,22
2089,74,54
2089,75,152
2089,76,54
2089,77,496
2089,78,386
2089,79,151
2089,80,86
2090,41,777
2090,42,697
2090,43,343
2090,44,263
2090,45,297
2090,46,265
2090,47,264
2090,48,109
2090,49,44
2090,50,141
2090,51,141
2090,52,304
2090,53,273
2090,54,237
2090,55,529
2090,56,204
2090,57,137
2090,58,138
2090,59,212
2090,60,446
2090,61,107
2090,62,419
2090,63,423
2090,64,716
2090,65,107
2090,66,78
2090,67,47
2090,68,110
2090,69,141
2090,70,206
2090,71,748
2090,72,300
2090,73,778
2090,74,183
2090,75,238
2090,76,429
2090,77,237
2090,78,202
2090,79,202
2090,80,274
2091,41,407
2091,42,886
2091,43,777
2091,44,114
2091,45,812
2091,46,968
2091,47,870
2091,48,838
2091,49,773
2091,50,781
2091,51,905
2091,52,858
2091,53,584
2091,54,713
2091,55,778
2091,56,616
2091,57,339
2091,58,842
2091,59,745
2091,60,842
2091,61,948
2091,62,265
2091,63,941
2091,64,908
2091,65,973
2091,66,817
2091,67,692
2091,68,817
2091,69,754
2091,70,817
2091,71,911
2091,72,908
2091,73,713
2091,74,845
2091,75,845
2091,76,845
2091,77,845
2091,78,809
2091,79,425
2091,80,853
2092,41,422
2092,42,937
2092,43,299
2092,44,938
2092,45,297
2092,46,392
2092,47,684
2092,48,129
2092,49,338
2092,50,361
2092,51,392
2092,52,161
2092,53,178
2092,54,335
2092,55,336
2092,56,335
2092,57,214
2092,58,505
2092,59,366
2092,60,336
2092,61,754
2092,62,782
2092,63,787
2092,64,359
2092,65,232
2092,66,297
2092,67,74
2092,68,23
2092,69,143
2092,70,140
2092,71,45
2092,72,143
2092,73,981
2092,74,379
2092,75,147
2092,76,72
2092,77,79
2092,78,72
2092,79,72
2092,80,110
2093,41,42
2093,42,618
2093,43,118
2093,44,54
2093,45,118
2093,46,118
2093,47,54
2093,48,54
2093,49,22
2093,50,55
2093,51,83
2093,52,274
2093,53,152
2093,54,170
2093,55,54
2093,56,118
2093,57,118
2093,58,118
2093,59,703
2093,60,118
2093,61,798
2093,62,540
2093,63,54
2093,64,152
2093,65,152
2093,66,152
2093,67,118
2093,68,118
2093,69,152
2093,70,54
2093,71,531
2093,72,118
2093,73,1005
2093,74,118
2093,75,54
2093,76,118
2093,77,232
2093,78,118
2093,79,118
2093,80,411
2094,41,754
2094,42,807
2094,43,834
2094,44,871
2094,45,469
2094,46,837
2094,47,807
2094,48,777
2094,49,960
2094,50,892
2094,51,510
2094,52,584
2094,53,456
2094,54,868
2094,55,613
2094,56,614
2094,57,28
2094,58,270
2094,59,612
2094,60,647
2094,61,849
2094,62,1015
2094,63,299
2094,64,138
2094,65,71
2094,66,541
2094,67,134
2094,68,134
2094,69,819
2094,70,8
2094,71,8
2094,72,8
2094,73,7
2094,74,40
2094,75,7
2094,76,139
2094,77,359
2094,78,813
2094,79,166
2094,80,101
2095,41,51
2095,42,337
2095,43,309
2095,44,305
2095,45,342
2095,46,374
2095,47,185
2095,48,718
2095,49,574
2095,50,606
2095,51,539
2095,52,575
2095,53,540
2095,54,575
2095,55,476
2095,56,374
2095,57,928
2095,58,237
2095,59,203
2095,60,307
2095,61,163
2095,62,349
2095,63,59
2095,64,439
2095,65,342
2095,66,275
2095,67,648
2095,68,404
2095,69,304
2095,70,337
2095,71,310
2095,72,272
2095,73,237
2095,74,304
2095,75,203
2095,76,786
2095,77,179
2095,78,125
2095,79,305
2095,80,305
2096,41,1022
2096,42,816
2096,43,431
2096,44,422
2096,45,607
2096,46,364
2096,47,365
2096,48,593
2096,49,279
2096,50,279
2096,51,725
2096,52,277
2096,53,337
2096,54,13
2096,55,367
2096,56,668
2096,57,276
2096,58,338
2096,59,402
2096,60,764
2096,61,923
2096,62,144
2096,63,276
2096,64,394
2096,65,337
2096,66,471
2096,67,467
2096,68,469
2096,69,215
2096,70,474
2096,71,433
2096,72,473
2096,73,472
2096,74,402
2096,75,469
2096,76,370
2096,77,274
2096,78,306
2096,79,306
2096,80,306
2097,41,784
2097,42,873
2097,43,309
2097,44,276
2097,45,306
2097,46,845
2097,47,407
2097,48,439
2097,49,666
2097,50,275
2097,51,971
2097,52,178
2097,53,242
2097,54,362
2097,55,452
2097,56,359
2097,57,421
2097,58,353
2097,59,290
2097,60,356
2097,61,392
2097,62,266
2097,63,469
2097,64,619
2097,65,375
2097,66,150
2097,67,694
2097,68,267
2097,69,205
2097,70,140
2097,71,75
2097,72,34
2097,73,140
2097,74,112
2097,75,111
2097,76,111
2097,77,179
2097,78,213
2097,79,212
2097,80,212
2098,41,874
2098,42,237
2098,43,467
2098,44,471
2098,45,477
2098,46,763
2098,47,432
2098,48,469
2098,49,505
2098,50,181
2098,51,505
2098,52,505
2098,53,505
2098,54,505
2098,55,466
2098,56,920
2098,57,429
2098,58,750
2098,59,429
2098,60,429
2098,61,900
2098,62,401
2098,63,469
2098,64,320
2098,65,432
2098,66,432
2098,67,432
2098,68,469
2098,69,505
2098,70,181
2098,71,181
2098,72,990
2098,73,181
2098,74,181
2098,75,181
2098,76,181
2098,77,181
2098,78,181
2098,79,505
2098,80,505
2099,41,701
2099,42,726
2099,43,309
2099,44,38
2099,45,422
2099,46,283
2099,47,454
2099,48,1020
2099,49,454
2099,50,486
2099,51,454
2099,52,679
2099,53,359
2099,54,808
2099,55,133
2099,56,133
2099,57,33
2099,58,33
2099,59,35
2099,60,37
2099,61,573
2099,62,58
2099,63,453
2099,64,422
2099,65,452
2099,66,199
2099,67,166
2099,68,169
2099,69,71
2099,70,71
2099,71,108
2099,72,108
2099,73,139
2099,74,73
2099,75,150
2099,76,78
2099,77,46
2099,78,77
2099,79,45
2099,80,45
2100,41,588
2100,42,538
2100,43,479
2100,44,350
2100,45,574
2100,46,538
2100,47,863
2100,48,1019
2100,49,470
2100,50,335
2100,51,412
2100,52,376
2100,53,406
2100,54,125
2100,55,439
2100,56,509
2100,57,107
2100,58,409
2100,59,823
2100,60,504
2100,61,53
2100,62,47
2100,63,532
2100,64,405
2100,65,422
2100,66,391
2100,67,295
2100,68,390
2100,69,556
2100,70,299
2100,71,174
2100,72,176
2100,73,111
2100,74,80
2100,75,50
2100,76,244
2100,77,958
2100,78,375
2100,79,423
2100,80,470
2101,41,958
2101,42,474
2101,43,184
2101,44,151
2101,45,149
2101,46,85
2101,47,646
2101,48,215
2101,49,122
2101,50,153
2101,51,20
2101,52,345
2101,53,215
2101,54,447
2101,55,894
2101,56,20
2101,57,216
2101,58,117
2101,59,409
2101,60,555
2101,61,67
2101,62,747
2101,63,118
2101,64,181
2101,65,359
2101,66,276
2101,67,276
2101,68,275
2101,69,779
2101,70,276
2101,71,246
2101,72,277
2101,73,277
2101,74,247
2101,75,60
2101,76,599
2101,77,300
2101,78,206
2101,79,303
2101,80,206
2102,41,100
2102,42,290
2102,43,501
2102,44,345
2102,45,287
2102,46,284
2102,47,346
2102,48,12
2102,49,380
2102,50,349
2102,51,635
2102,52,352
2102,53,416
2102,54,416
2102,55,448
2102,56,97
2102,57,382
2102,58,382
2102,59,380
2102,60,380
2102,61,928
2102,62,309
2102,63,102
2102,64,837
2102,65,728
2102,66,236
2102,67,113
2102,68,900
2102,69,260
2102,70,394
2102,71,394
2102,72,394
2102,73,584
2102,74,137
2102,75,199
2102,76,137
2102,77,236
2102,78,902
2102,79,615
2102,80,170
2103,41,566
2103,42,2
2103,43,259
2103,44,385
2103,45,827
2103,46,449
2103,47,449
2103,48,449
2103,49,449
2103,50,449
2103,51,168
2103,52,449
2103,53,231
2103,54,748
2103,55,449
2103,56,449
2103,57,449
2103,58,449
2103,59,449
2103,60,449
2103,61,218
2103,62,1006
2103,63,259
2103,64,99
2103,65,259
2103,66,259
2103,67,195
2103,68,99
2103,69,130
2103,70,717
2103,71,138
2103,72,84
2103,73,161
2103,74,967
2103,75,163
2103,76,74
2103,77,322
2103,78,291
2103,79,417
2103,80,163
2104,41,215
2104,42,425
2104,43,288
2104,44,940
2104,45,474
2104,46,378
2104,47,150
2104,48,215
2104,49,248
2104,50,776
2104,51,125
2104,52,63
2104,53,281
2104,54,149
2104,55,441
2104,56,414
2104,57,350
2104,58,415
2104,59,984
2104,60,281
2104,61,23
2104,62,681
2104,63,42
2104,64,106
2104,65,139
2104,66,72
2104,67,140
2104,68,171
2104,69,110
2104,70,108
2104,71,74
2104,72,493
2104,73,127
2104,74,133
2104,75,71
2104,76,40
2104,77,8
2104,78,7
2104,79,327
2104,80,69
2105,41,555
2105,42,67
2105,43,179
2105,44,249
2105,45,345
2105,46,441
2105,47,472
2105,48,476
2105,49,406
2105,50,244
2105,51,309
2105,52,438
2105,53,533
2105,54,369
2105,55,534
2105,56,534
2105,57,594
2105,58,626
2105,59,596
2105,60,750
2105,61,154
2105,62,414
2105,63,312
2105,64,136
2105,65,506
2105,66,506
2105,67,441
2105,68,469
2105,69,310
2105,70,409
2105,71,375
2105,72,342
2105,73,52
2105,74,209
2105,75,138
2105,76,177
2105,77,114
2105,78,49
2105,79,18
2105,80,316
2106,41,807
2106,42,439
2106,43,390
2106,44,358
2106,45,481
2106,46,651
2106,47,936
2106,48,707
2106,49,738
2106,50,903
2106,51,971
2106,52,259
2106,53,1004
2106,54,642
2106,55,513
2106,56,545
2106,57,390
2106,58,290
2106,59,390
2106,60,354
2106,61,494
2106,62,530
2106,63,888
2106,64,92
2106,65,153
2106,66,551
2106,67,275
2106,68,104
2106,69,70
2106,70,653
2106,71,797
2106,72,162
2106,73,67
2106,74,3
2106,75,8
2106,76,960
2106,77,7
2106,78,8
2106,79,99
2106,80,483
2107,41,470
2107,42,168
2107,43,544
2107,44,575
2107,45,323
2107,46,442
2107,47,377
2107,48,513
2107,49,405
2107,50,344
2107,51,344
2107,52,375
2107,53,702
2107,54,439
2107,55,533
2107,56,668
2107,57,824
2107,58,480
2107,59,313
2107,60,279
2107,61,407
2107,62,839
2107,63,608
2107,64,616
2107,65,472
2107,66,374
2107,67,640
2107,68,477
2107,69,479
2107,70,506
2107,71,918
2107,72,635
2107,73,640
2107,74,575
2107,75,576
2107,76,576
2107,77,542
2107,78,409
2107,79,863
2107,80,448
2108,41,260
2108,42,618
2108,43,138
2108,44,79
2108,45,79
2108,46,734
2108,47,299
2108,48,268
2108,49,205
2108,50,298
2108,51,204
2108,52,363
2108,53,520
2108,54,468
2108,55,434
2108,56,470
2108,57,466
2108,58,324
2108,59,389
2108,60,597
2108,61,312
2108,62,330
2108,63,856
2108,64,427
2108,65,468
2108,66,327
2108,67,1019
2108,68,522
2108,69,612
2108,70,614
2108,71,611
2108,72,646
2108,73,609
2108,74,328
2108,75,424
2108,76,396
2108,77,390
2108,78,552
2108,79,584
2108,80,584
2109,41,88
2109,42,769
2109,43,357
2109,44,390
2109,45,584
2109,46,29
2109,47,327
2109,48,327
2109,49,584
2109,50,323
2109,51,424
2109,52,390
2109,53,499
2109,54,470
2109,55,435
2109,56,436
2109,57,436
2109,58,437
2109,59,404
2109,60,474
2109,61,848
2109,62,476
2109,63,456
2109,64,520
2109,65,615
2109,66,365
2109,67,395
2109,68,584
2109,69,552
2109,70,745
2109,71,391
2109,72,71
2109,73,395
2109,74,366
2109,75,392
2109,76,391
2109,77,809
2109,78,809
2109,79,809
2109,80,661
2110,41,581
2110,42,920
2110,43,798
2110,44,538
2110,45,505
2110,46,846
2110,47,98
2110,48,775
2110,49,602
2110,50,474
2110,51,650
2110,52,575
2110,53,543
2110,54,542
2110,55,608
2110,56,538
2110,57,699
2110,58,933
2110,59,863
2110,60,676
2110,61,73
2110,62,745
2110,63,388
2110,64,700
2110,65,667
2110,66,732
2110,67,797
2110,68,702
2110,69,702
2110,70,700
2110,71,765
2110,72,895
2110,73,316
2110,74,346
2110,75,377
2110,76,700
2110,77,732
2110,78,793
2110,79,765
2110,80,765
2111,41,393
2111,42,455
2111,43,938
2111,44,3
2111,45,3
2111,46,689
2111,47,99
2111,48,153
2111,49,3
2111,50,70
2111,51,190
2111,52,940
2111,53,87
2111,54,456
2111,55,488
2111,56,456
2111,57,456
2111,58,424
2111,59,431
2111,60,585
2111,61,49
2111,62,730
2111,63,3
2111,64,109
2111,65,71
2111,66,926
2111,67,36
2111,68,69
2111,69,69
2111,70,69
2111,71,161
2111,72,167
2111,73,135
2111,74,167
2111,75,327
2111,76,134
2111,77,199
2111,78,164
2111,79,195
2111,80,195
2112,41,856
2112,42,968
2112,43,451
2112,44,423
2112,45,424
2112,46,432
2112,47,464
2112,48,398
2112,49,333
2112,50,452
2112,51,365
2112,52,337
2112,53,370
2112,54,404
2112,55,404
2112,56,200
2112,57,469
2112,58,985
2112,59,390
2112,60,264
2112,61,349
2112,62,241
2112,63,909
2112,64,428
2112,65,328
2112,66,452
2112,67,395
2112,68,431
2112,69,768
2112,70,336
2112,71,467
2112,72,398
2112,73,125
2112,74,452
2112,75,577
2112,76,675
2112,77,513
2112,78,481
2112,79,386
2112,80,386
2113,41,423
2113,42,970
2113,43,985
2113,44,517
2113,45,330
2113,46,233
2113,47,431
2113,48,203
2113,49,202
2113,50,51
2113,51,240
2113,52,334
2113,53,289
2113,54,322
2113,55,163
2113,56,67
2113,57,2
2113,58,354
2113,59,449
2113,60,481
2113,61,105
2113,62,801
2113,63,552
2113,64,176
2113,65,201
2113,66,135
2113,67,102
2113,68,147
2113,69,99
2113,70,3
2113,71,3
2113,72,36
2113,73,100
2113,74,356
2113,75,96
2113,76,2
2113,77,67
2113,78,322
2113,79,290
2113,80,257
2114,41,704
2114,42,269
2114,43,173
2114,44,504
2114,45,73
2114,46,74
2114,47,72
2114,48,139
2114,49,137
2114,50,925
2114,51,268
2114,52,109
2114,53,143
2114,54,370
2114,55,466
2114,56,719
2114,57,904
2114,58,717
2114,59,752
2114,60,652
2114,61,426
2114,62,280
2114,63,76
2114,64,743
2114,65,49
2114,66,110
2114,67,276
2114,68,61
2114,69,277
2114,70,309
2114,71,471
2114,72,275
2114,73,276
2114,74,503
2114,75,503
2114,76,503
2114,77,469
2114,78,583
2114,79,497
2114,80,561
2115,41,805
2115,42,54
2115,43,743
2115,44,681
2115,45,744
2115,46,841
2115,47,998
2115,48,903
2115,49,6
2115,50,594
2115,51,916
2115,52,677
2115,53,594
2115,54,273
2115,55,595
2115,56,928
2115,57,369
2115,58,626
2115,59,599
2115,60,843
2115,61,461
2115,62,401
2115,63,972
2115,64,234
2115,65,520
2115,66,520
2115,67,521
2115,68,925
2115,69,488
2115,70,319
2115,71,728
2115,72,835
2115,73,874
2115,74,409
2115,75,812
2115,76,657
2115,77,929
2115,78,501
2115,79,761
2115,80,817
2116,41,670
2116,42,900
2116,43,960
2116,44,895
2116,45,928
2116,46,255
2116,47,896
2116,48,934
2116,49,896
2116,50,830
2116,51,442
2116,52,570
2116,53,505
2116,54,700
2116,55,634
2116,56,830
2116,57,369
2116,58,313
2116,59,247
2116,60,313
2116,61,591
2116,62,1005
2116,63,202
2116,64,137
2116,65,199
2116,66,200
2116,67,102
2116,68,564
2116,69,264
2116,70,198
2116,71,185
2116,72,198
2116,73,103
2116,74,105
2116,75,167
2116,76,102
2116,77,92
2116,78,264
2116,79,327
2116,80,134
2117,41,85
2117,42,342
2117,43,843
2117,44,552
2117,45,904
2117,46,967
2117,47,655
2117,48,151
2117,49,811
2117,50,843
2117,51,810
2117,52,841
2117,53,840
2117,54,626
2117,55,174
2117,56,626
2117,57,595
2117,58,660
2117,59,692
2117,60,817
2117,61,925
2117,62,556
2117,63,562
2117,64,596
2117,65,497
2117,66,595
2117,67,594
2117,68,535
2117,69,690
2117,70,537
2117,71,442
2117,72,937
2117,73,57
2117,74,504
2117,75,274
2117,76,888
2117,77,181
2117,78,512
2117,79,700
2117,80,667
2118,41,17
2118,42,914
2118,43,207
2118,44,493
2118,45,417
2118,46,227
2118,47,227
2118,48,194
2118,49,661
2118,50,137
2118,51,9
2118,52,82
2118,53,40
2118,54,284
2118,55,174
2118,56,101
2118,57,164
2118,58,133
2118,59,162
2118,60,161
2118,61,793
2118,62,747
2118,63,161
2118,64,46
2118,65,161
2118,66,131
2118,67,3
2118,68,104
2118,69,203
2118,70,5
2118,71,238
2118,72,71
2118,73,235
2118,74,137
2118,75,3
2118,76,104
2118,77,270
2118,78,76
2118,79,270
2118,80,103
2119,41,480
2119,42,42
2119,43,281
2119,44,422
2119,45,428
2119,46,356
2119,47,697
2119,48,117
2119,49,264
2119,50,323
2119,51,289
2119,52,163
2119,53,985
2119,54,259
2119,55,853
2119,56,391
2119,57,307
2119,58,275
2119,59,270
2119,60,276
2119,61,974
2119,62,914
2119,63,837
2119,64,596
2119,65,773
2119,66,905
2119,67,998
2119,68,719
2119,69,908
2119,70,719
2119,71,54
2119,72,634
2119,73,506
2119,74,856
2119,75,443
2119,76,544
2119,77,575
2119,78,672
2119,79,640
2119,80,608
2120,41,666
2120,42,465
2120,43,315
2120,44,416
2120,45,415
2120,46,411
2120,47,99
2120,48,478
2120,49,798
2120,50,278
2120,51,315
2120,52,315
2120,53,379
2120,54,65
2120,55,352
2120,56,414
2120,57,415
2120,58,381
2120,59,348
2120,60,317
2120,61,226
2120,62,912
2120,63,540
2120,64,65
2120,65,525
2120,66,432
2120,67,389
2120,68,310
2120,69,99
2120,70,69
2120,71,356
2120,72,109
2120,73,107
2120,74,236
2120,75,39
2120,76,168
2120,77,136
2120,78,106
2120,79,223
2120,80,72
2121,41,868
2121,42,965
2121,43,356
2121,44,112
2121,45,163
2121,46,381
2121,47,200
2121,48,99
2121,49,131
2121,50,1
2121,51,35
2121,52,35
2121,53,712
2121,54,33
2121,55,259
2121,56,390
2121,57,387
2121,58,422
2121,59,422
2121,60,422
2121,61,1013
2121,62,470
2121,63,4
2121,64,131
2121,65,356
2121,66,163
2121,67,163
2121,68,689
2121,69,166
2121,70,161
2121,71,227
2121,72,391
2121,73,453
2121,74,485
2121,75,436
2121,76,454
2121,77,422
2121,78,385
2121,79,385
2121,80,385
2122,41,437
2122,42,57
2122,43,73
2122,44,248
2122,45,218
2122,46,249
2122,47,344
2122,48,356
2122,49,346
2122,50,344
2122,51,288
2122,52,164
2122,53,284
2122,54,118
2122,55,118
2122,56,24
2122,57,118
2122,58,54
2122,59,85
2122,60,54
2122,61,355
2122,62,732
2122,63,441
2122,64,442
2122,65,315
2122,66,222
2122,67,501
2122,68,430
2122,69,415
2122,70,932
2122,71,382
2122,72,128
2122,73,924
2122,74,694
2122,75,315
2122,76,345
2122,77,454
2122,78,441
2122,79,441
2122,80,441
2123,41,314
2123,42,339
2123,43,273
2123,44,607
2123,45,541
2123,46,284
2123,47,297
2123,48,316
2123,49,318
2123,50,612
2123,51,255
2123,52,254
2123,53,325
2123,54,346
2123,55,280
2123,56,477
2123,57,477
2123,58,473
2123,59,473
2123,60,473
2123,61,431
2123,62,518
2123,63,406
2123,64,280
2123,65,344
2123,66,610
2123,67,346
2123,68,316
2123,69,874
2123,70,597
2123,71,672
2123,72,610
2123,73,609
2123,74,646
2123,75,795
2123,76,557
2123,77,555
2123,78,564
2123,79,578
2123,80,375
2124,41,868
2124,42,832
2124,43,95
2124,44,94
2124,45,93
2124,46,60
2124,47,92
2124,48,92
2124,49,548
2124,50,152
2124,51,54
2124,52,118
2124,53,152
2124,54,152
2124,55,54
2124,56,54
2124,57,185
2124,58,63
2124,59,63
2124,60,63
2124,61,737
2124,62,768
2124,63,32
2124,64,95
2124,65,183
2124,66,95
2124,67,411
2124,68,152
2124,69,152
2124,70,152
2124,71,391
2124,72,151
2124,73,477
2124,74,473
2124,75,185
2124,76,151
2124,77,539
2124,78,183
2124,79,153
2124,80,60
2125,41,599
2125,42,239
2125,43,470
2125,44,346
2125,45,431
2125,46,466
2125,47,433
2125,48,468
2125,49,406
2125,50,984
2125,51,278
2125,52,278
2125,53,302
2125,54,278
2125,55,281
2125,56,861
2125,57,248
2125,58,347
2125,59,381
2125,60,218
2125,61,235
2125,62,638
2125,63,808
2125,64,157
2125,65,314
2125,66,211
2125,67,274
2125,68,209
2125,69,209
2125,70,177
2125,71,145
2125,72,142
2125,73,181
2125,74,179
2125,75,142
2125,76,269
2125,77,211
2125,78,84
2125,79,20
2125,80,117
2126,41,877
2126,42,845
2126,43,848
2126,44,424
2126,45,470
2126,46,434
2126,47,338
2126,48,304
2126,49,983
2126,50,239
2126,51,303
2126,52,335
2126,53,365
2126,54,87
2126,55,365
2126,56,468
2126,57,138
2126,58,452
2126,59,481
2126,60,385
2126,61,523
2126,62,868
2126,63,486
2126,64,455
2126,65,269
2126,66,92
2126,67,683
2126,68,175
2126,69,616
2126,70,681
2126,71,425
2126,72,430
2126,73,910
2126,74,449
2126,75,464
2126,76,488
2126,77,488
2126,78,423
2126,79,486
2126,80,552
2127,41,116
2127,42,525
2127,43,216
2127,44,184
2127,45,91
2127,46,183
2127,47,922
2127,48,218
2127,49,283
2127,50,188
2127,51,117
2127,52,187
2127,53,251
2127,54,456
2127,55,28
2127,56,690
2127,57,315
2127,58,281
2127,59,378
2127,60,380
2127,61,836
2127,62,587
2127,63,197
2127,64,25
2127,65,154
2127,66,378
2127,67,315
2127,68,409
2127,69,242
2127,70,940
2127,71,304
2127,72,275
2127,73,275
2127,74,104
2127,75,78
2127,76,170
2127,77,235
2127,78,398
2127,79,430
2127,80,424
2128,41,787
2128,42,23
2128,43,443
2128,44,443
2128,45,443
2128,46,314
2128,47,989
2128,48,638
2128,49,638
2128,50,606
2128,51,637
2128,52,637
2128,53,637
2128,54,637
2128,55,637
2128,56,638
2128,57,620
2128,58,244
2128,59,606
2128,60,604
2128,61,468
2128,62,913
2128,63,480
2128,64,480
2128,65,480
2128,66,480
2128,67,480
2128,68,480
2128,69,480
2128,70,480
2128,71,480
2128,72,480
2128,73,480
2128,74,480
2128,75,480
2128,76,480
2128,77,480
2128,78,480
2128,79,480
2128,80,984
2129,41,477
2129,42,776
2129,43,802
2129,44,726
2129,45,396
2129,46,284
2129,47,395
2129,48,365
2129,49,399
2129,50,366
2129,51,67
2129,52,382
2129,53,369
2129,54,369
2129,55,337
2129,56,303
2129,57,396
2129,58,393
2129,59,1024
2129,60,338
2129,61,55
2129,62,895
2129,63,106
2129,64,361
2129,65,365
2129,66,365
2129,67,364
2129,68,394
2129,69,392
2129,70,338
2129,71,584
2129,72,702
2129,73,178
2129,74,823
2129,75,367
2129,76,723
2129,77,623
2129,78,336
2129,79,338
2129,80,338
2130,41,41
2130,42,739
2130,43,106
2130,44,73
2130,45,106
2130,46,219
2130,47,38
2130,48,36
2130,49,237
2130,50,270
2130,51,281
2130,52,33
2130,53,34
2130,54,34
2130,55,35
2130,56,33
2130,57,13
2130,58,136
2130,59,270
2130,60,44
2130,61,964
2130,62,259
2130,63,587
2130,64,437
2130,65,10
2130,66,139
2130,67,236
2130,68,108
2130,69,74
2130,70,113
2130,71,112
2130,72,79
2130,73,50
2130,74,82
2130,75,736
2130,76,142
2130,77,445
2130,78,51
2130,79,51
2130,80,49
2131,41,777
2131,42,234
2131,43,264
2131,44,263
2131,45,322
2131,46,164
2131,47,906
2131,48,54
2131,49,71
2131,50,170
2131,51,236
2131,52,410
2131,53,271
2131,54,181
2131,55,1007
2131,56,305
2131,57,530
2131,58,965
2131,59,300
2131,60,118
2131,61,299
2131,62,546
2131,63,84
2131,64,442
2131,65,473
2131,66,467
2131,67,471
2131,68,476
2131,69,431
2131,70,431
2131,71,602
2131,72,429
2131,73,516
2131,74,391
2131,75,391
2131,76,584
2131,77,905
2131,78,871
2131,79,966
2131,80,905
2132,41,473
2132,42,540
2132,43,435
2132,44,42
2132,45,40
2132,46,436
2132,47,436
2132,48,441
2132,49,344
2132,50,505
2132,51,343
2132,52,345
2132,53,345
2132,54,374
2132,55,437
2132,56,466
2132,57,860
2132,58,604
2132,59,505
2132,60,376
2132,61,225
2132,62,820
2132,63,35
2132,64,557
2132,65,621
2132,66,432
2132,67,13
2132,68,497
2132,69,752
2132,70,427
2132,71,394
2132,72,426
2132,73,940
2132,74,431
2132,75,529
2132,76,343
2132,77,501
2132,78,790
2132,79,501
2132,80,501
2133,41,343
2133,42,1009
2133,43,597
2133,44,281
2133,45,718
2133,46,684
2133,47,712
2133,48,745
2133,49,775
2133,50,917
2133,51,210
2133,52,711
2133,53,671
2133,54,713
2133,55,586
2133,56,576
2133,57,974
2133,58,809
2133,59,809
2133,60,842
2133,61,5
2133,62,871
2133,63,488
2133,64,269
2133,65,810
2133,66,810
2133,67,422
2133,68,386
2133,69,227
2133,70,516
2133,71,137
2133,72,300
2133,73,202
2133,74,161
2133,75,161
2133,76,161
2133,77,164
2133,78,164
2133,79,199
2133,80,164
2134,41,173
2134,42,42
2134,43,409
2134,44,309
2134,45,137
2134,46,137
2134,47,69
2134,48,33
2134,49,70
2134,50,104
2134,51,644
2134,52,359
2134,53,83
2134,54,74
2134,55,106
2134,56,363
2134,57,172
2134,58,122
2134,59,393
2134,60,197
2134,61,486
2134,62,711
2134,63,762
2134,64,928
2134,65,730
2134,66,666
2134,67,453
2134,68,794
2134,69,539
2134,70,840
2134,71,634
2134,72,18
2134,73,635
2134,74,478
2134,75,310
2134,76,61
2134,77,117
2134,78,306
2134,79,502
2134,80,71
2135,41,59
2135,42,997
2135,43,879
2135,44,419
2135,45,35
2135,46,2
2135,47,844
2135,48,132
2135,49,291
2135,50,99
2135,51,67
2135,52,67
2135,53,2
2135,54,2
2135,55,100
2135,56,67
2135,57,100
2135,58,2
2135,59,2
2135,60,2
2135,61,538
2135,62,490
2135,63,2
2135,64,131
2135,65,34
2135,66,69
2135,67,67
2135,68,69
2135,69,166
2135,70,108
2135,71,48
2135,72,142
2135,73,982
2135,74,509
2135,75,71
2135,76,97
2135,77,714
2135,78,330
2135,79,423
2135,80,584
2136,41,1013
2136,42,944
2136,43,879
2136,44,473
2136,45,385
2136,46,385
2136,47,290
2136,48,356
2136,49,431
2136,50,433
2136,51,374
2136,52,889
2136,53,376
2136,54,374
2136,55,505
2136,56,504
2136,57,262
2136,58,504
2136,59,468
2136,60,461
2136,61,891
2136,62,325
2136,63,719
2136,64,597
2136,65,535
2136,66,692
2136,67,936
2136,68,1001
2136,69,1004
2136,70,910
2136,71,630
2136,72,566
2136,73,79
2136,74,504
2136,75,460
2136,76,601
2136,77,537
2136,78,537
2136,79,397
2136,80,505
2137,41,474
2137,42,826
2137,43,719
2137,44,626
2137,45,812
2137,46,836
2137,47,566
2137,48,93
2137,49,473
2137,50,575
2137,51,506
2137,52,537
2137,53,667
2137,54,538
2137,55,703
2137,56,667
2137,57,667
2137,58,343
2137,59,597
2137,60,719
2137,61,301
2137,62,811
2137,63,532
2137,64,266
2137,65,601
2137,66,688
2137,67,593
2137,68,594
2137,69,781
2137,70,622
2137,71,589
2137,72,525
2137,73,622
2137,74,626
2137,75,677
2137,76,328
2137,77,935
2137,78,724
2137,79,719
2137,80,466
2138,41,778
2138,42,641
2138,43,386
2138,44,431
2138,45,417
2138,46,76
2138,47,675
2138,48,740
2138,49,644
2138,50,642
2138,51,614
2138,52,611
2138,53,450
2138,54,597
2138,55,450
2138,56,382
2138,57,577
2138,58,546
2138,59,228
2138,60,421
2138,61,384
2138,62,140
2138,63,545
2138,64,138
2138,65,354
2138,66,354
2138,67,354
2138,68,473
2138,69,538
2138,70,383
2138,71,870
2138,72,837
2138,73,807
2138,74,657
2138,75,808
2138,76,776
2138,77,584
2138,78,421
2138,79,421
2138,80,157
2139,41,444
2139,42,560
2139,43,761
2139,44,763
2139,45,701
2139,46,634
2139,47,382
2139,48,888
2139,49,733
2139,50,602
2139,51,566
2139,52,468
2139,53,630
2139,54,596
2139,55,756
2139,56,973
2139,57,474
2139,58,499
2139,59,692
2139,60,831
2139,61,103
2139,62,502
2139,63,791
2139,64,981
2139,65,858
2139,66,856
2139,67,795
2139,68,890
2139,69,830
2139,70,701
2139,71,702
2139,72,442
2139,73,410
2139,74,476
2139,75,474
2139,76,473
2139,77,506
2139,78,54
2139,79,233
2139,80,901
2140,41,21
2140,42,514
2140,43,235
2140,44,168
2140,45,165
2140,46,272
2140,47,137
2140,48,849
2140,49,336
2140,50,303
2140,51,370
2140,52,124
2140,53,170
2140,54,71
2140,55,39
2140,56,39
2140,57,502
2140,58,180
2140,59,180
2140,60,212
2140,61,99
2140,62,116
2140,63,525
2140,64,726
2140,65,941
2140,66,948
2140,67,336
2140,68,572
2140,69,504
2140,70,426
2140,71,585
2140,72,468
2140,73,532
2140,74,673
2140,75,451
2140,76,421
2140,77,481
2140,78,546
2140,79,546
2140,80,355
2141,41,444
2141,42,173
2141,43,198
2141,44,231
2141,45,359
2141,46,424
2141,47,454
2141,48,454
2141,49,388
2141,50,322
2141,51,139
2141,52,238
2141,53,114
2141,54,212
2141,55,105
2141,56,109
2141,57,146
2141,58,146
2141,59,519
2141,60,114
2141,61,26
2141,62,206
2141,63,232
2141,64,326
2141,65,297
2141,66,201
2141,67,201
2141,68,297
2141,69,326
2141,70,326
2141,71,85
2141,72,396
2141,73,774
2141,74,522
2141,75,205
2141,76,982
2141,77,164
2141,78,232
2141,79,294
2141,80,201
2142,41,309
2142,42,605
2142,43,702
2142,44,702
2142,45,701
2142,46,702
2142,47,792
2142,48,795
2142,49,732
2142,50,732
2142,51,762
2142,52,597
2142,53,470
2142,54,478
2142,55,773
2142,56,128
2142,57,471
2142,58,474
2142,59,540
2142,60,538
2142,61,572
2142,62,551
2142,63,264
2142,64,952
2142,65,851
2142,66,724
2142,67,918
2142,68,918
2142,69,791
2142,70,960
2142,71,823
2142,72,822
2142,73,282
2142,74,756
2142,75,630
2142,76,662
2142,77,786
2142,78,773
2142,79,769
2142,80,779
2143,41,895
2143,42,892
2143,43,129
2143,44,188
2143,45,185
2143,46,91
2143,47,91
2143,48,216
2143,49,315
2143,50,509
2143,51,509
2143,52,608
2143,53,844
2143,54,325
2143,55,537
2143,56,803
2143,57,10
2143,58,1002
2143,59,574
2143,60,607
2143,61,681
2143,62,352
2143,63,59
2143,64,216
2143,65,284
2143,66,250
2143,67,185
2143,68,152
2143,69,118
2143,70,533
2143,71,52
2143,72,20
2143,73,280
2143,74,377
2143,75,313
2143,76,182
2143,77,912
2143,78,150
2143,79,378
2143,80,375
2144,41,882
2144,42,172
2144,43,330
2144,44,265
2144,45,265
2144,46,265
2144,47,265
2144,48,340
2144,49,893
2144,50,331
2144,51,299
2144,52,363
2144,53,172
2144,54,48
2144,55,48
2144,56,110
2144,57,176
2144,58,248
2144,59,176
2144,60,111
2144,61,725
2144,62,928
2144,63,728
2144,64,892
2144,65,560
2144,66,330
2144,67,330
2144,68,330
2144,69,330
2144,70,362
2144,71,230
2144,72,265
2144,73,999
2144,74,265
2144,75,36
2144,76,3
2144,77,69
2144,78,3
2144,79,34
2144,80,36
2145,41,852
2145,42,189
2145,43,557
2145,44,76
2145,45,108
2145,46,163
2145,47,322
2145,48,391
2145,49,299
2145,50,168
2145,51,392
2145,52,388
2145,53,385
2145,54,67
2145,55,131
2145,56,99
2145,57,2
2145,58,70
2145,59,53
2145,60,3
2145,61,302
2145,62,265
2145,63,164
2145,64,227
2145,65,289
2145,66,289
2145,67,389
2145,68,428
2145,69,395
2145,70,367
2145,71,305
2145,72,18
2145,73,81
2145,74,82
2145,75,242
2145,76,305
2145,77,334
2145,78,396
2145,79,395
2145,80,302
2146,41,411
2146,42,706
2146,43,1004
2146,44,973
2146,45,1002
2146,46,974
2146,47,1006
2146,48,911
2146,49,653
2146,50,848
2146,51,943
2146,52,992
2146,53,820
2146,54,755
2146,55,600
2146,56,535
2146,57,595
2146,58,466
2146,59,406
2146,60,375
2146,61,428
2146,62,475
2146,63,621
2146,64,346
2146,65,409
2146,66,59
2146,67,723
2146,68,880
2146,69,1007
2146,70,942
2146,71,756
2146,72,758
2146,73,307
2146,74,789
2146,75,789
2146,76,596
2146,77,535
2146,78,536
2146,79,505
2146,80,575
2147,41,188
2147,42,669
2147,43,593
2147,44,661
2147,45,648
2147,46,686
2147,47,675
2147,48,610
2147,49,609
2147,50,481
2147,51,385
2147,52,610
2147,53,706
2147,54,113
2147,55,577
2147,56,486
2147,57,811
2147,58,425
2147,59,429
2147,60,861
2147,61,549
2147,62,429
2147,63,900
2147,64,784
2147,65,309
2147,66,306
2147,67,304
2147,68,203
2147,69,433
2147,70,241
2147,71,276
2147,72,244
2147,73,238
2147,74,270
2147,75,199
2147,76,271
2147,77,275
2147,78,277
2147,79,214
2147,80,245
2148,41,440
2148,42,333
2148,43,505
2148,44,505
2148,45,505
2148,46,505
2148,47,52
2148,48,240
2148,49,182
2148,50,782
2148,51,52
2148,52,117
2148,53,51
2148,54,659
2148,55,146
2148,56,50
2148,57,555
2148,58,117
2148,59,150
2148,60,85
2148,61,971
2148,62,705
2148,63,776
2148,64,776
2148,65,776
2148,66,737
2148,67,740
2148,68,740
2148,69,743
2148,70,25
2148,71,552
2148,72,258
2148,73,470
2148,74,734
2148,75,470
2148,76,407
2148,77,148
2148,78,763
2148,79,505
2148,80,181
2149,41,54
2149,42,1
2149,43,307
2149,44,335
2149,45,207
2149,46,173
2149,47,74
2149,48,3
2149,49,644
2149,50,193
2149,51,2
2149,52,37
2149,53,264
2149,54,358
2149,55,456
2149,56,587
2149,57,707
2149,58,706
2149,59,645
2149,60,419
2149,61,1018
2149,62,778
2149,63,451
2149,64,278
2149,65,438
2149,66,843
2149,67,498
2149,68,525
2149,69,653
2149,70,589
2149,71,373
2149,72,620
2149,73,356
2149,74,426
2149,75,298
2149,76,178
2149,77,299
2149,78,428
2149,79,452
2149,80,873
2150,41,158
2150,42,64
2150,43,876
2150,44,881
2150,45,218
2150,46,219
2150,47,185
2150,48,250
2150,49,940
2150,50,379
2150,51,346
2150,52,315
2150,53,346
2150,54,279
2150,55,530
2150,56,558
2150,57,525
2150,58,589
2150,59,589
2150,60,661
2150,61,185
2150,62,69
2150,63,606
2150,64,185
2150,65,218
2150,66,442
2150,67,731
2150,68,863
2150,69,928
2150,70,763
2150,71,856
2150,72,856
2150,73,857
2150,74,177
2150,75,921
2150,76,856
2150,77,822
2150,78,389
2150,79,759
2150,80,760
2151,41,691
2151,42,3
2151,43,163
2151,44,165
2151,45,163
2151,46,101
2151,47,36
2151,48,237
2151,49,236
2151,50,69
2151,51,299
2151,52,460
2151,53,429
2151,54,563
2151,55,560
2151,56,542
2151,57,596
2151,58,806
2151,59,838
2151,60,875
2151,61,508
2151,62,276
2151,63,3
2151,64,36
2151,65,134
2151,66,167
2151,67,195
2151,68,99
2151,69,203
2151,70,241
2151,71,301
2151,72,472
2151,73,502
2151,74,467
2151,75,467
2151,76,342
2151,77,306
2151,78,203
2151,79,237
2151,80,60
2152,41,457
2152,42,145
2152,43,295
2152,44,239
2152,45,323
2152,46,526
2152,47,555
2152,48,385
2152,49,389
2152,50,163
2152,51,236
2152,52,205
2152,53,295
2152,54,390
2152,55,488
2152,56,423
2152,57,552
2152,58,616
2152,59,776
2152,60,808
2152,61,372
2152,62,712
2152,63,163
2152,64,356
2152,65,19
2152,66,485
2152,67,526
2152,68,454
2152,69,396
2152,70,335
2152,71,361
2152,72,364
2152,73,389
2152,74,357
2152,75,423
2152,76,430
2152,77,340
2152,78,469
2152,79,505
2152,80,216
2153,41,804
2153,42,239
2153,43,536
2153,44,879
2153,45,535
2153,46,718
2153,47,536
2153,48,725
2153,49,630
2153,50,728
2153,51,190
2153,52,132
2153,53,879
2153,54,423
2153,55,596
2153,56,693
2153,57,504
2153,58,504
2153,59,933
2153,60,504
2153,61,358
2153,62,787
2153,63,107
2153,64,776
2153,65,316
2153,66,821
2153,67,475
2153,68,412
2153,69,374
2153,70,338
2153,71,395
2153,72,428
2153,73,299
2153,74,451
2153,75,451
2153,76,578
2153,77,577
2153,78,674
2153,79,450
2153,80,401
2154,41,789
2154,42,662
2154,43,561
2154,44,622
2154,45,671
2154,46,683
2154,47,808
2154,48,295
2154,49,777
2154,50,452
2154,51,481
2154,52,14
2154,53,481
2154,54,323
2154,55,427
2154,56,420
2154,57,454
2154,58,229
2154,59,419
2154,60,449
2154,61,323
2154,62,369
2154,63,592
2154,64,533
2154,65,533
2154,66,533
2154,67,34
2154,68,568
2154,69,465
2154,70,540
2154,71,634
2154,72,701
2154,73,699
2154,74,698
2154,75,687
2154,76,896
2154,77,1024
2154,78,765
2154,79,599
2154,80,664
2155,41,337
2155,42,814
2155,43,638
2155,44,635
2155,45,424
2155,46,825
2155,47,960
2155,48,732
2155,49,634
2155,50,632
2155,51,565
2155,52,74
2155,53,719
2155,54,809
2155,55,422
2155,56,777
2155,57,649
2155,58,621
2155,59,20
2155,60,870
2155,61,596
2155,62,241
2155,63,535
2155,64,504
2155,65,598
2155,66,724
2155,67,600
2155,68,635
2155,69,699
2155,70,699
2155,71,952
2155,72,918
2155,73,961
2155,74,757
2155,75,973
2155,76,792
2155,77,756
2155,78,788
2155,79,819
2155,80,756
2156,41,379
2156,42,199
2156,43,920
2156,44,442
2156,45,442
2156,46,538
2156,47,507
2156,48,538
2156,49,506
2156,50,571
2156,51,921
2156,52,638
2156,53,421
2156,54,640
2156,55,480
2156,56,315
2156,57,378
2156,58,150
2156,59,953
2156,60,474
2156,61,178
2156,62,922
2156,63,640
2156,64,476
2156,65,411
2156,66,444
2156,67,444
2156,68,542
2156,69,537
2156,70,537
2156,71,570
2156,72,345
2156,73,345
2156,74,345
2156,75,442
2156,76,430
2156,77,506
2156,78,477
2156,79,945
2156,80,432
2157,41,13
2157,42,301
2157,43,782
2157,44,812
2157,45,809
2157,46,552
2157,47,905
2157,48,810
2157,49,904
2157,50,809
2157,51,840
2157,52,807
2157,53,806
2157,54,676
2157,55,584
2157,56,393
2157,57,331
2157,58,391
2157,59,426
2157,60,846
2157,61,757
2157,62,321
2157,63,649
2157,64,450
2157,65,513
2157,66,738
2157,67,738
2157,68,610
2157,69,783
2157,70,50
2157,71,739
2157,72,737
2157,73,449
2157,74,797
2157,75,610
2157,76,449
2157,77,912
2157,78,131
2157,79,484
2157,80,227
2158,41,882
2158,42,856
2158,43,683
2158,44,834
2158,45,501
2158,46,406
2158,47,343
2158,48,407
2158,49,439
2158,50,469
2158,51,466
2158,52,500
2158,53,826
2158,54,499
2158,55,469
2158,56,305
2158,57,213
2158,58,244
2158,59,242
2158,60,310
2158,61,271
2158,62,766
2158,63,441
2158,64,343
2158,65,374
2158,66,461
2158,67,217
2158,68,249
2158,69,250
2158,70,250
2158,71,324
2158,72,382
2158,73,348
2158,74,352
2158,75,352
2158,76,320
2158,77,288
2158,78,285
2158,79,668
2158,80,254
2159,41,876
2159,42,877
2159,43,476
2159,44,439
2159,45,276
2159,46,411
2159,47,309
2159,48,338
2159,49,395
2159,50,394
2159,51,428
2159,52,477
2159,53,540
2159,54,509
2159,55,574
2159,56,830
2159,57,634
2159,58,575
2159,59,597
2159,60,585
2159,61,798
2159,62,953
2159,63,504
2159,64,692
2159,65,942
2159,66,1001
2159,67,941
2159,68,809
2159,69,681
2159,70,681
2159,71,1020
2159,72,74
2159,73,873
2159,74,359
2159,75,909
2159,76,1007
2159,77,756
2159,78,535
2159,79,374
2159,80,304
2160,41,27
2160,42,661
2160,43,98
2160,44,68
2160,45,259
2160,46,195
2160,47,67
2160,48,162
2160,49,309
2160,50,131
2160,51,36
2160,52,1017
2160,53,2
2160,54,34
2160,55,130
2160,56,130
2160,57,3
2160,58,306
2160,59,306
2160,60,820
2160,61,299
2160,62,123
2160,63,162
2160,64,162
2160,65,162
2160,66,162
2160,67,68
2160,68,36
2160,69,1
2160,70,36
2160,71,763
2160,72,72
2160,73,667
2160,74,73
2160,75,79
2160,76,703
2160,77,914
2160,78,142
2160,79,50
2160,80,18
2161,41,513
2161,42,557
2161,43,129
2161,44,651
2161,45,53
2161,46,309
2161,47,237
2161,48,720
2161,49,209
2161,50,274
2161,51,211
2161,52,208
2161,53,811
2161,54,303
2161,55,303
2161,56,303
2161,57,303
2161,58,919
2161,59,303
2161,60,303
2161,61,259
2161,62,548
2161,63,467
2161,64,266
2161,65,310
2161,66,152
2161,67,54
2161,68,150
2161,69,185
2161,70,60
2161,71,59
2161,72,91
2161,73,277
2161,74,237
2161,75,471
2161,76,468
2161,77,362
2161,78,466
2161,79,466
2161,80,466
2162,41,125
2162,42,855
2162,43,13
2162,44,342
2162,45,469
2162,46,585
2162,47,480
2162,48,404
2162,49,467
2162,50,537
2162,51,439
2162,52,432
2162,53,434
2162,54,375
2162,55,407
2162,56,47
2162,57,439
2162,58,438
2162,59,537
2162,60,431
2162,61,799
2162,62,65
2162,63,566
2162,64,443
2162,65,566
2162,66,693
2162,67,1003
2162,68,693
2162,69,1003
2162,70,693
2162,71,535
2162,72,250
2162,73,537
2162,74,750
2162,75,633
2162,76,888
2162,77,519
2162,78,765
2162,79,960
2162,80,863
2163,41,714
2163,42,145
2163,43,607
2163,44,509
2163,45,572
2163,46,502
2163,47,510
2163,48,443
2163,49,824
2163,50,699
2163,51,699
2163,52,795
2163,53,56
2163,54,795
2163,55,795
2163,56,794
2163,57,794
2163,58,984
2163,59,731
2163,60,699
2163,61,307
2163,62,87
2163,63,539
2163,64,537
2163,65,537
2163,66,537
2163,67,537
2163,68,537
2163,69,537
2163,70,574
2163,71,542
2163,72,608
2163,73,672
2163,74,542
2163,75,260
2163,76,605
2163,77,476
2163,78,509
2163,79,352
2163,80,509
2164,41,548
2164,42,135
2164,43,583
2164,44,519
2164,45,848
2164,46,777
2164,47,683
2164,48,697
2164,49,947
2164,50,14
2164,51,327
2164,52,392
2164,53,425
2164,54,425
2164,55,428
2164,56,390
2164,57,323
2164,58,322
2164,59,480
2164,60,452
2164,61,136
2164,62,57
2164,63,678
2164,64,707
2164,65,675
2164,66,971
2164,67,520
2164,68,675
2164,69,706
2164,70,740
2164,71,842
2164,72,596
2164,73,530
2164,74,529
2164,75,464
2164,76,407
2164,77,533
2164,78,599
2164,79,719
2164,80,779
2165,41,406
2165,42,686
2165,43,133
2165,44,200
2165,45,263
2165,46,327
2165,47,694
2165,48,714
2165,49,199
2165,50,69
2165,51,69
2165,52,69
2165,53,940
2165,54,102
2165,55,198
2165,56,137
2165,57,199
2165,58,928
2165,59,110
2165,60,663
2165,61,807
2165,62,818
2165,63,264
2165,64,358
2165,65,295
2165,66,386
2165,67,454
2165,68,517
2165,69,235
2165,70,444
2165,71,616
2165,72,390
2165,73,552
2165,74,232
2165,75,199
2165,76,927
2165,77,165
2165,78,326
2165,79,390
2165,80,359
2166,41,706
2166,42,258
2166,43,47
2166,44,304
2166,45,50
2166,46,661
2166,47,50
2166,48,82
2166,49,81
2166,50,81
2166,51,111
2166,52,111
2166,53,539
2166,54,819
2166,55,183
2166,56,115
2166,57,700
2166,58,52
2166,59,52
2166,60,118
2166,61,106
2166,62,975
2166,63,1001
2166,64,203
2166,65,173
2166,66,855
2166,67,331
2166,68,331
2166,69,331
2166,70,331
2166,71,331
2166,72,173
2166,73,204
2166,74,142
2166,75,173
2166,76,864
2166,77,237
2166,78,237
2166,79,237
2166,80,858
2167,41,435
2167,42,268
2167,43,820
2167,44,164
2167,45,168
2167,46,168
2167,47,102
2167,48,411
2167,49,170
2167,50,942
2167,51,169
2167,52,170
2167,53,777
2167,54,389
2167,55,102
2167,56,102
2167,57,102
2167,58,231
2167,59,200
2167,60,265
2167,61,282
2167,62,868
2167,63,103
2167,64,102
2167,65,929
2167,66,102
2167,67,102
2167,68,102
2167,69,102
2167,70,102
2167,71,913
2167,72,102
2167,73,134
2167,74,72
2167,75,112
2167,76,79
2167,77,842
2167,78,174
2167,79,267
2167,80,203
2168,41,856
2168,42,825
2168,43,942
2168,44,1002
2168,45,423
2168,46,43
2168,47,973
2168,48,942
2168,49,660
2168,50,375
2168,51,315
2168,52,286
2168,53,653
2168,54,549
2168,55,53
2168,56,85
2168,57,55
2168,58,55
2168,59,118
2168,60,522
2168,61,509
2168,62,208
2168,63,531
2168,64,529
2168,65,529
2168,66,583
2168,67,275
2168,68,471
2168,69,440
2168,70,6
2168,71,467
2168,72,471
2168,73,503
2168,74,433
2168,75,432
2168,76,431
2168,77,556
2168,78,204
2168,79,679
2168,80,678
2169,41,89
2169,42,918
2169,43,474
2169,44,478
2169,45,443
2169,46,667
2169,47,632
2169,48,429
2169,49,468
2169,50,466
2169,51,467
2169,52,471
2169,53,471
2169,54,430
2169,55,161
2169,56,410
2169,57,150
2169,58,285
2169,59,180
2169,60,20
2169,61,865
2169,62,894
2169,63,624
2169,64,640
2169,65,474
2169,66,505
2169,67,504
2169,68,533
2169,69,274
2169,70,471
2169,71,435
2169,72,469
2169,73,501
2169,74,556
2169,75,469
2169,76,408
2169,77,405
2169,78,505
2169,79,250
2169,80,635
2170,41,103
2170,42,394
2170,43,70
2170,44,5
2170,45,369
2170,46,369
2170,47,370
2170,48,392
2170,49,340
2170,50,422
2170,51,520
2170,52,425
2170,53,395
2170,54,299
2170,55,299
2170,56,299
2170,57,331
2170,58,204
2170,59,299
2170,60,173
2170,61,864
2170,62,744
2170,63,670
2170,64,101
2170,65,70
2170,66,130
2170,67,168
2170,68,131
2170,69,268
2170,70,71
2170,71,450
2170,72,8
2170,73,2
2170,74,103
2170,75,277
2170,76,244
2170,77,439
2170,78,634
2170,79,336
2170,80,127
2171,41,848
2171,42,949
2171,43,607
2171,44,443
2171,45,172
2171,46,574
2171,47,547
2171,48,478
2171,49,479
2171,50,617
2171,51,607
2171,52,619
2171,53,672
2171,54,540
2171,55,280
2171,56,117
2171,57,248
2171,58,410
2171,59,410
2171,60,410
2171,61,360
2171,62,907
2171,63,256
2171,64,224
2171,65,285
2171,66,409
2171,67,344
2171,68,442
2171,69,441
2171,70,150
2171,71,150
2171,72,338
2171,73,118
2171,74,152
2171,75,152
2171,76,185
2171,77,216
2171,78,117
2171,79,378
2171,80,442
2172,41,603
2172,42,525
2172,43,546
2172,44,675
2172,45,545
2172,46,674
2172,47,545
2172,48,610
2172,49,610
2172,50,707
2172,51,54
2172,52,772
2172,53,739
2172,54,917
2172,55,706
2172,56,776
2172,57,744
2172,58,712
2172,59,875
2172,60,778
2172,61,301
2172,62,474
2172,63,904
2172,64,713
2172,65,682
2172,66,682
2172,67,552
2172,68,682
2172,69,742
2172,70,743
2172,71,712
2172,72,777
2172,73,681
2172,74,649
2172,75,552
2172,76,681
2172,77,106
2172,78,1006
2172,79,1006
2172,80,809
2173,41,164
2173,42,423
2173,43,117
2173,44,91
2173,45,143
2173,46,111
2173,47,109
2173,48,957
2173,49,70
2173,50,3
2173,51,102
2173,52,102
2173,53,70
2173,54,1000
2173,55,202
2173,56,170
2173,57,202
2173,58,203
2173,59,267
2173,60,331
2173,61,933
2173,62,262
2173,63,214
2173,64,280
2173,65,150
2173,66,151
2173,67,118
2173,68,54
2173,69,152
2173,70,276
2173,71,339
2173,72,209
2173,73,243
2173,74,83
2173,75,602
2173,76,480
2173,77,480
2173,78,237
2173,79,480
2173,80,987
2174,41,57
2174,42,971
2174,43,680
2174,44,557
2174,45,786
2174,46,908
2174,47,693
2174,48,693
2174,49,557
2174,50,880
2174,51,756
2174,52,756
2174,53,425
2174,54,973
2174,55,941
2174,56,856
2174,57,1007
2174,58,974
2174,59,612
2174,60,911
2174,61,439
2174,62,85
2174,63,755
2174,64,693
2174,65,848
2174,66,787
2174,67,168
2174,68,723
2174,69,701
2174,70,723
2174,71,660
2174,72,1002
2174,73,249
2174,74,1001
2174,75,693
2174,76,596
2174,77,344
2174,78,312
2174,79,311
2174,80,466
2175,41,310
2175,42,959
2175,43,436
2175,44,501
2175,45,440
2175,46,533
2175,47,534
2175,48,603
2175,49,496
2175,50,535
2175,51,535
2175,52,532
2175,53,998
2175,54,237
2175,55,813
2175,56,703
2175,57,967
2175,58,905
2175,59,841
2175,60,777
2175,61,708
2175,62,300
2175,63,298
2175,64,564
2175,65,811
2175,66,973
2175,67,751
2175,68,682
2175,69,242
2175,70,683
2175,71,682
2175,72,684
2175,73,687
2175,74,896
2175,75,562
2175,76,732
2175,77,499
2175,78,437
2175,79,946
2175,80,408
2176,41,444
2176,42,636
2176,43,366
2176,44,455
2176,45,3
2176,46,3
2176,47,167
2176,48,121
2176,49,323
2176,50,575
2176,51,425
2176,52,118
2176,53,183
2176,54,182
2176,55,117
2176,56,285
2176,57,316
2176,58,248
2176,59,409
2176,60,742
2176,61,51
2176,62,282
2176,63,424
2176,64,68
2176,65,391
2176,66,841
2176,67,777
2176,68,552
2176,69,200
2176,70,289
2176,71,449
2176,72,656
2176,73,617
2176,74,488
2176,75,464
2176,76,397
2176,77,399
2176,78,487
2176,79,119
2176,80,398
2177,41,808
2177,42,259
2177,43,203
2177,44,169
2177,45,170
2177,46,336
2177,47,392
2177,48,394
2177,49,61
2177,50,682
2177,51,778
2177,52,842
2177,53,750
2177,54,688
2177,55,813
2177,56,719
2177,57,626
2177,58,936
2177,59,842
2177,60,904
2177,61,587
2177,62,852
2177,63,39
2177,64,103
2177,65,162
2177,66,162
2177,67,513
2177,68,452
2177,69,481
2177,70,568
2177,71,678
2177,72,743
2177,73,745
2177,74,781
2177,75,842
2177,76,874
2177,77,874
2177,78,810
2177,79,776
2177,80,936
2178,41,408
2178,42,619
2178,43,425
2178,44,427
2178,45,432
2178,46,335
2178,47,365
2178,48,425
2178,49,481
2178,50,471
2178,51,904
2178,52,470
2178,53,429
2178,54,426
2178,55,199
2178,56,161
2178,57,72
2178,58,300
2178,59,366
2178,60,396
2178,61,201
2178,62,1020
2178,63,1019
2178,64,532
2178,65,528
2178,66,593
2178,67,561
2178,68,563
2178,69,468
2178,70,437
2178,71,909
2178,72,453
2178,73,635
2178,74,538
2178,75,505
2178,76,692
2178,77,564
2178,78,532
2178,79,280
2178,80,343
2179,41,255
2179,42,953
2179,43,1024
2179,44,143
2179,45,109
2179,46,140
2179,47,140
2179,48,109
2179,49,141
2179,50,141
2179,51,111
2179,52,381
2179,53,122
2179,54,493
2179,55,104
2179,56,149
2179,57,279
2179,58,406
2179,59,376
2179,60,312
2179,61,539
2179,62,376
2179,63,520
2179,64,647
2179,65,647
2179,66,647
2179,67,584
2179,68,584
2179,69,423
2179,70,912
2179,71,886
2179,72,427
2179,73,504
2179,74,862
2179,75,365
2179,76,235
2179,77,779
2179,78,683
2179,79,717
2179,80,717
2180,41,32
2180,42,902
2180,43,809
2180,44,968
2180,45,874
2180,46,333
2180,47,837
2180,48,903
2180,49,39
2180,50,868
2180,51,936
2180,52,838
2180,53,903
2180,54,873
2180,55,841
2180,56,609
2180,57,744
2180,58,808
2180,59,443
2180,60,520
2180,61,62
2180,62,722
2180,63,875
2180,64,842
2180,65,903
2180,66,777
2180,67,616
2180,68,646
2180,69,617
2180,70,743
2180,71,777
2180,72,681
2180,73,621
2180,74,214
2180,75,808
2180,76,650
2180,77,777
2180,78,811
2180,79,811
2180,80,966
2181,41,194
2181,42,431
2181,43,194
2181,44,427
2181,45,430
2181,46,265
2181,47,326
2181,48,134
2181,49,743
2181,50,134
2181,51,134
2181,52,134
2181,53,167
2181,54,69
2181,55,102
2181,56,167
2181,57,70
2181,58,38
2181,59,951
2181,60,39
2181,61,4
2181,62,808
2181,63,404
2181,64,437
2181,65,404
2181,66,404
2181,67,215
2181,68,501
2181,69,436
2181,70,436
2181,71,404
2181,72,404
2181,73,278
2181,74,437
2181,75,294
2181,76,436
2181,77,437
2181,78,278
2181,79,278
2181,80,11
2182,41,686
2182,42,696
2182,43,102
2182,44,102
2182,45,167
2182,46,74
2182,47,75
2182,48,107
2182,49,107
2182,50,41
2182,51,109
2182,52,72
2182,53,101
2182,54,101
2182,55,266
2182,56,162
2182,57,162
2182,58,769
2182,59,162
2182,60,164
2182,61,633
2182,62,13
2182,63,107
2182,64,71
2182,65,109
2182,66,137
2182,67,40
2182,68,40
2182,69,512
2182,70,568
2182,71,203
2182,72,267
2182,73,37
2182,74,102
2182,75,103
2182,76,958
2182,77,408
2182,78,472
2182,79,530
2182,80,499
2183,41,219
2183,42,262
2183,43,35
2183,44,3
2183,45,37
2183,46,2
2183,47,69
2183,48,68
2183,49,67
2183,50,573
2183,51,198
2183,52,135
2183,53,269
2183,54,134
2183,55,471
2183,56,195
2183,57,322
2183,58,675
2183,59,611
2183,60,646
2183,61,476
2183,62,363
2183,63,389
2183,64,389
2183,65,385
2183,66,452
2183,67,513
2183,68,323
2183,69,291
2183,70,163
2183,71,289
2183,72,356
2183,73,163
2183,74,258
2183,75,226
2183,76,354
2183,77,356
2183,78,163
2183,79,449
2183,80,453
2184,41,675
2184,42,13
2184,43,968
2184,44,872
2184,45,520
2184,46,520
2184,47,366
2184,48,394
2184,49,423
2184,50,392
2184,51,396
2184,52,396
2184,53,276
2184,54,366
2184,55,367
2184,56,276
2184,57,462
2184,58,3
2184,59,160
2184,60,170
2184,61,856
2184,62,231
2184,63,777
2184,64,361
2184,65,872
2184,66,872
2184,67,712
2184,68,776
2184,69,745
2184,70,968
2184,71,870
2184,72,806
2184,73,809
2184,74,842
2184,75,776
2184,76,476
2184,77,840
2184,78,903
2184,79,424
2184,80,29
2185,41,846
2185,42,410
2185,43,423
2185,44,584
2185,45,533
2185,46,683
2185,47,140
2185,48,752
2185,49,654
2185,50,595
2185,51,852
2185,52,628
2185,53,564
2185,54,28
2185,55,774
2185,56,619
2185,57,557
2185,58,593
2185,59,597
2185,60,501
2185,61,713
2185,62,856
2185,63,305
2185,64,331
2185,65,598
2185,66,684
2185,67,17
2185,68,271
2185,69,271
2185,70,979
2185,71,165
2185,72,1001
2185,73,164
2185,74,580
2185,75,177
2185,76,177
2185,77,149
2185,78,216
2185,79,216
2185,80,183
2186,41,465
2186,42,273
2186,43,610
2186,44,923
2186,45,785
2186,46,613
2186,47,587
2186,48,712
2186,49,796
2186,50,647
2186,51,557
2186,52,560
2186,53,848
2186,54,496
2186,55,563
2186,56,557
2186,57,969
2186,58,472
2186,59,716
2186,60,406
2186,61,230
2186,62,930
2186,63,647
2186,64,679
2186,65,825
2186,66,620
2186,67,644
2186,68,580
2186,69,614
2186,70,647
2186,71,648
2186,72,924
2186,73,677
2186,74,626
2186,75,644
2186,76,611
2186,77,609
2186,78,611
2186,79,611
2186,80,611
2187,41,837
2187,42,530
2187,43,617
2187,44,102
2187,45,91
2187,46,359
2187,47,927
2187,48,201
2187,49,238
2187,50,176
2187,51,25
2187,52,80
2187,53,48
2187,54,242
2187,55,307
2187,56,276
2187,57,940
2187,58,564
2187,59,721
2187,60,304
2187,61,492
2187,62,746
2187,63,264
2187,64,170
2187,65,267
2187,66,237
2187,67,202
2187,68,309
2187,69,343
2187,70,275
2187,71,306
2187,72,307
2187,73,366
2187,74,335
2187,75,885
2187,76,367
2187,77,795
2187,78,560
2187,79,460
2187,80,697
2188,41,155
2188,42,472
2188,43,343
2188,44,311
2188,45,142
2188,46,432
2188,47,431
2188,48,430
2188,49,160
2188,50,469
2188,51,434
2188,52,277
2188,53,926
2188,54,18
2188,55,81
2188,56,81
2188,57,50
2188,58,116
2188,59,149
2188,60,214
2188,61,339
2188,62,267
2188,63,536
2188,64,536
2188,65,374
2188,66,133
2188,67,501
2188,68,471
2188,69,23
2188,70,311
2188,71,313
2188,72,52
2188,73,117
2188,74,149
2188,75,858
2188,76,346
2188,77,598
2188,78,568
2188,79,800
2188,80,536
2189,41,550
2189,42,26
2189,43,91
2189,44,93
2189,45,296
2189,46,27
2189,47,58
2189,48,59
2189,49,58
2189,50,91
2189,51,90
2189,52,183
2189,53,246
2189,54,185
2189,55,282
2189,56,92
2189,57,29
2189,58,28
2189,59,733
2189,60,216
2189,61,938
2189,62,109
2189,63,91
2189,64,31
2189,65,95
2189,66,60
2189,67,184
2189,68,183
2189,69,122
2189,70,4
2189,71,64
2189,72,95
2189,73,154
2189,74,600
2189,75,91
2189,76,185
2189,77,218
2189,78,190
2189,79,219
2189,80,156
2190,41,442
2190,42,590
2190,43,204
2190,44,160
2190,45,172
2190,46,281
2190,47,426
2190,48,263
2190,49,332
2190,50,390
2190,51,386
2190,52,379
2190,53,518
2190,54,486
2190,55,370
2190,56,323
2190,57,487
2190,58,520
2190,59,520
2190,60,391
2190,61,790
2190,62,410
2190,63,141
2190,64,395
2190,65,356
2190,66,194
2190,67,323
2190,68,354
2190,69,419
2190,70,453
2190,71,388
2190,72,387
2190,73,964
2190,74,390
2190,75,217
2190,76,646
2190,77,228
2190,78,210
2190,79,1001
2190,80,194
2191,41,804
2191,42,35
2191,43,418
2191,44,115
2191,45,824
2191,46,422
2191,47,452
2191,48,390
2191,49,337
2191,50,366
2191,51,393
2191,52,365
2191,53,366
2191,54,394
2191,55,810
2191,56,305
2191,57,277
2191,58,316
2191,59,244
2191,60,410
2191,61,555
2191,62,650
2191,63,488
2191,64,390
2191,65,845
2191,66,227
2191,67,161
2191,68,123
2191,69,161
2191,70,161
2191,71,161
2191,72,237
2191,73,99
2191,74,867
2191,75,131
2191,76,735
2191,77,5
2191,78,67
2191,79,35
2191,80,33
2192,41,101
2192,42,640
2192,43,218
2192,44,115
2192,45,18
2192,46,599
2192,47,146
2192,48,237
2192,49,170
2192,50,22
2192,51,670
2192,52,732
2192,53,538
2192,54,602
2192,55,257
2192,56,480
2192,57,480
2192,58,509
2192,59,478
2192,60,640
2192,61,133
2192,62,535
2192,63,403
2192,64,370
2192,65,366
2192,66,490
2192,67,278
2192,68,347
2192,69,381
2192,70,381
2192,71,224
2192,72,478
2192,73,184
2192,74,279
2192,75,213
2192,76,402
2192,77,242
2192,78,241
2192,79,303
2192,80,793
2193,41,204
2193,42,230
2193,43,22
2193,44,548
2193,45,35
2193,46,2
2193,47,33
2193,48,35
2193,49,3
2193,50,69
2193,51,40
2193,52,40
2193,53,71
2193,54,358
2193,55,167
2193,56,167
2193,57,358
2193,58,146
2193,59,391
2193,60,358
2193,61,725
2193,62,112
2193,63,35
2193,64,65
2193,65,67
2193,66,70
2193,67,134
2193,68,264
2193,69,135
2193,70,167
2193,71,71
2193,72,2
2193,73,137
2193,74,102
2193,75,314
2193,76,68
2193,77,68
2193,78,360
2193,79,35
2193,80,101
2194,41,708
2194,42,472
2194,43,997
2194,44,615
2194,45,997
2194,46,443
2194,47,935
2194,48,831
2194,49,874
2194,50,997
2194,51,843
2194,52,626
2194,53,562
2194,54,812
2194,55,813
2194,56,595
2194,57,502
2194,58,886
2194,59,136
2194,60,719
2194,61,828
2194,62,344
2194,63,596
2194,64,472
2194,65,424
2194,66,11
2194,67,428
2194,68,423
2194,69,391
2194,70,289
2194,71,452
2194,72,887
2194,73,134
2194,74,167
2194,75,1011
2194,76,422
2194,77,486
2194,78,390
2194,79,425
2194,80,450
2195,41,739
2195,42,731
2195,43,640
2195,44,378
2195,45,574
2195,46,608
2195,47,576
2195,48,576
2195,49,606
2195,50,541
2195,51,542
2195,52,443
2195,53,295
2195,54,540
2195,55,574
2195,56,539
2195,57,541
2195,58,473
2195,59,873
2195,60,444
2195,61,122
2195,62,610
2195,63,542
2195,64,757
2195,65,640
2195,66,480
2195,67,416
2195,68,479
2195,69,706
2195,70,478
2195,71,505
2195,72,505
2195,73,184
2195,74,505
2195,75,505
2195,76,378
2195,77,7
2195,78,315
2195,79,474
2195,80,640
2196,41,927
2196,42,175
2196,43,310
2196,44,215
2196,45,52
2196,46,79
2196,47,645
2196,48,48
2196,49,51
2196,50,84
2196,51,215
2196,52,84
2196,53,215
2196,54,113
2196,55,179
2196,56,50
2196,57,82
2196,58,146
2196,59,50
2196,60,110
2196,61,400
2196,62,910
2196,63,102
2196,64,102
2196,65,134
2196,66,134
2196,67,168
2196,68,198
2196,69,135
2196,70,232
2196,71,170
2196,72,168
2196,73,166
2196,74,200
2196,75,680
2196,76,872
2196,77,163
2196,78,130
2196,79,129
2196,80,129
2197,41,554
2197,42,712
2197,43,157
2197,44,94
2197,45,96
2197,46,96
2197,47,122
2197,48,466
2197,49,89
2197,50,122
2197,51,92
2197,52,586
2197,53,157
2197,54,188
2197,55,45
2197,56,224
2197,57,426
2197,58,344
2197,59,665
2197,60,504
2197,61,493
2197,62,779
2197,63,216
2197,64,184
2197,65,215
2197,66,93
2197,67,91
2197,68,94
2197,69,63
2197,70,91
2197,71,94
2197,72,141
2197,73,450
2197,74,247
2197,75,312
2197,76,312
2197,77,217
2197,78,281
2197,79,247
2197,80,287
2198,41,905
2198,42,653
2198,43,839
2198,44,871
2198,45,356
2198,46,875
2198,47,875
2198,48,941
2198,49,941
2198,50,875
2198,51,769
2198,52,941
2198,53,941
2198,54,858
2198,55,941
2198,56,777
2198,57,496
2198,58,805
2198,59,773
2198,60,773
2198,61,419
2198,62,988
2198,63,211
2198,64,243
2198,65,402
2198,66,434
2198,67,389
2198,68,470
2198,69,470
2198,70,470
2198,71,431
2198,72,882
2198,73,421
2198,74,421
2198,75,362
2198,76,391
2198,77,361
2198,78,392
2198,79,393
2198,80,361
2199,41,918
2199,42,132
2199,43,390
2199,44,355
2199,45,131
2199,46,98
2199,47,417
2199,48,20
2199,49,481
2199,50,451
2199,51,323
2199,52,450
2199,53,421
2199,54,451
2199,55,610
2199,56,385
2199,57,385
2199,58,419
2199,59,238
2199,60,390
2199,61,821
2199,62,686
2199,63,201
2199,64,232
2199,65,363
2199,66,167
2199,67,167
2199,68,327
2199,69,200
2199,70,323
2199,71,432
2199,72,427
2199,73,447
2199,74,290
2199,75,291
2199,76,322
2199,77,722
2199,78,481
2199,79,421
2199,80,451
2200,41,1023
2200,42,743
2200,43,262
2200,44,525
2200,45,523
2200,46,522
2200,47,360
2200,48,129
2200,49,693
2200,50,534
2200,51,532
2200,52,534
2200,53,528
2200,54,532
2200,55,563
2200,56,532
2200,57,528
2200,58,460
2200,59,927
2200,60,494
2200,61,792
2200,62,931
2200,63,558
2200,64,528
2200,65,534
2200,66,532
2200,67,534
2200,68,532
2200,69,532
2200,70,532
2200,71,528
2200,72,499
2200,73,528
2200,74,125
2200,75,528
2200,76,561
2200,77,560
2200,78,527
2200,79,130
2200,80,530
2201,41,1011
2201,42,820
2201,43,238
2201,44,305
2201,45,203
2201,46,267
2201,47,171
2201,48,139
2201,49,138
2201,50,69
2201,51,102
2201,52,100
2201,53,106
2201,54,72
2201,55,69
2201,56,69
2201,57,295
2201,58,474
2201,59,53
2201,60,451
2201,61,458
2201,62,415
2201,63,785
2201,64,36
2201,65,74
2201,66,70
2201,67,69
2201,68,33
2201,69,100
2201,70,545
2201,71,100
2201,72,35
2201,73,35
2201,74,3
2201,75,3
2201,76,974
2201,77,67
2201,78,36
2201,79,36
2201,80,217
2202,41,404
2202,42,456
2202,43,145
2202,44,337
2202,45,434
2202,46,877
2202,47,290
2202,48,43
2202,49,423
2202,50,199
2202,51,70
2202,52,2
2202,53,170
2202,54,170
2202,55,103
2202,56,34
2202,57,70
2202,58,35
2202,59,137
2202,60,37
2202,61,592
2202,62,309
2202,63,427
2202,64,430
2202,65,431
2202,66,441
2202,67,423
2202,68,135
2202,69,808
2202,70,657
2202,71,395
2202,72,1011
2202,73,454
2202,74,487
2202,75,485
2202,76,454
2202,77,456
2202,78,456
2202,79,456
2202,80,456
2203,41,203
2203,42,411
2203,43,731
2203,44,63
2203,45,919
2203,46,978
2203,47,952
2203,48,54
2203,49,732
2203,50,763
2203,51,731
2203,52,702
2203,53,919
2203,54,1015
2203,55,1016
2203,56,1012
2203,57,854
2203,58,920
2203,59,666
2203,60,601
2203,61,15
2203,62,320
2203,63,890
2203,64,951
2203,65,873
2203,66,952
2203,67,763
2203,68,107
2203,69,703
2203,70,794
2203,71,232
2203,72,861
2203,73,988
2203,74,890
2203,75,856
2203,76,58
2203,77,270
2203,78,861
2203,79,795
2203,80,988
2204,41,815
2204,42,305
2204,43,520
2204,44,584
2204,45,484
2204,46,610
2204,47,743
2204,48,679
2204,49,707
2204,50,642
2204,51,769
2204,52,740
2204,53,675
2204,54,742
2204,55,674
2204,56,738
2204,57,809
2204,58,809
2204,59,650
2204,60,488
2204,61,645
2204,62,389
2204,63,481
2204,64,290
2204,65,586
2204,66,259
2204,67,131
2204,68,312
2204,69,99
2204,70,99
2204,71,354
2204,72,290
2204,73,423
2204,74,739
2204,75,675
2204,76,738
2204,77,642
2204,78,642
2204,79,189
2204,80,612
2205,41,994
2205,42,97
2205,43,776
2205,44,854
2205,45,908
2205,46,905
2205,47,966
2205,48,247
2205,49,736
2205,50,773
2205,51,707
2205,52,24
2205,53,397
2205,54,776
2205,55,842
2205,56,509
2205,57,513
2205,58,513
2205,59,424
2205,60,841
2205,61,525
2205,62,283
2205,63,385
2205,64,323
2205,65,356
2205,66,357
2205,67,954
2205,68,653
2205,69,485
2205,70,356
2205,71,163
2205,72,168
2205,73,131
2205,74,66
2205,75,131
2205,76,258
2205,77,387
2205,78,226
2205,79,227
2205,80,227
2206,41,892
2206,42,218
2206,43,246
2206,44,739
2206,45,578
2206,46,706
2206,47,577
2206,48,738
2206,49,737
2206,50,675
2206,51,772
2206,52,709
2206,53,740
2206,54,675
2206,55,577
2206,56,738
2206,57,769
2206,58,805
2206,59,807
2206,60,809
2206,61,236
2206,62,229
2206,63,842
2206,64,840
2206,65,707
2206,66,675
2206,67,808
2206,68,808
2206,69,183
2206,70,530
2206,71,466
2206,72,651
2206,73,480
2206,74,223
2206,75,660
2206,76,755
2206,77,817
2206,78,751
2206,79,752
2206,80,616
2207,41,197
2207,42,91
2207,43,396
2207,44,493
2207,45,493
2207,46,525
2207,47,885
2207,48,528
2207,49,611
2207,50,822
2207,51,579
2207,52,579
2207,53,579
2207,54,579
2207,55,865
2207,56,579
2207,57,579
2207,58,784
2207,59,354
2207,60,549
2207,61,513
2207,62,634
2207,63,633
2207,64,396
2207,65,622
2207,66,653
2207,67,526
2207,68,589
2207,69,619
2207,70,569
2207,71,461
2207,72,525
2207,73,557
2207,74,423
2207,75,426
2207,76,424
2207,77,432
2207,78,473
2207,79,953
2207,80,282
2208,41,205
2208,42,309
2208,43,264
2208,44,2
2208,45,3
2208,46,167
2208,47,167
2208,48,198
2208,49,166
2208,50,163
2208,51,163
2208,52,129
2208,53,98
2208,54,101
2208,55,101
2208,56,2
2208,57,100
2208,58,482
2208,59,36
2208,60,36
2208,61,800
2208,62,1008
2208,63,203
2208,64,177
2208,65,404
2208,66,267
2208,67,1016
2208,68,298
2208,69,331
2208,70,204
2208,71,204
2208,72,76
2208,73,140
2208,74,180
2208,75,206
2208,76,207
2208,77,206
2208,78,207
2208,79,203
2208,80,203
2209,41,836
2209,42,213
2209,43,813
2209,44,563
2209,45,534
2209,46,728
2209,47,728
2209,48,762
2209,49,795
2209,50,955
2209,51,732
2209,52,758
2209,53,923
2209,54,786
2209,55,409
2209,56,320
2209,57,920
2209,58,920
2209,59,920
2209,60,207
2209,61,311
2209,62,294
2209,63,427
2209,64,394
2209,65,259
2209,66,420
2209,67,615
2209,68,472
2209,69,513
2209,70,513
2209,71,464
2209,72,674
2209,73,666
2209,74,439
2209,75,55
2209,76,517
2209,77,487
2209,78,618
2209,79,557
2209,80,528
2210,41,87
2210,42,354
2210,43,3
2210,44,69
2210,45,262
2210,46,137
2210,47,137
2210,48,199
2210,49,266
2210,50,103
2210,51,169
2210,52,138
2210,53,235
2210,54,165
2210,55,163
2210,56,162
2210,57,163
2210,58,322
2210,59,354
2210,60,440
2210,61,5
2210,62,265
2210,63,104
2210,64,104
2210,65,69
2210,66,69
2210,67,494
2210,68,73
2210,69,109
2210,70,688
2210,71,106
2210,72,168
2210,73,223
2210,74,137
2210,75,298
2210,76,37
2210,77,158
2210,78,69
2210,79,102
2210,80,768
2211,41,714
2211,42,936
2211,43,504
2211,44,470
2211,45,284
2211,46,260
2211,47,628
2211,48,344
2211,49,409
2211,50,440
2211,51,348
2211,52,473
2211,53,471
2211,54,503
2211,55,467
2211,56,499
2211,57,402
2211,58,325
2211,59,395
2211,60,616
2211,61,819
2211,62,118
2211,63,309
2211,64,470
2211,65,466
2211,66,276
2211,67,246
2211,68,246
2211,69,988
2211,70,471
2211,71,470
2211,72,310
2211,73,275
2211,74,243
2211,75,366
2211,76,395
2211,77,393
2211,78,900
2211,79,240
2211,80,240
2212,41,13
2212,42,729
2212,43,812
2212,44,875
2212,45,584
2212,46,551
2212,47,518
2212,48,839
2212,49,552
2212,50,423
2212,51,714
2212,52,617
2212,53,423
2212,54,295
2212,55,326
2212,56,727
2212,57,289
2212,58,889
2212,59,36
2212,60,423
2212,61,825
2212,62,300
2212,63,681
2212,64,259
2212,65,259
2212,66,131
2212,67,164
2212,68,359
2212,69,37
2212,70,162
2212,71,656
2212,72,807
2212,73,323
2212,74,488
2212,75,552
2212,76,586
2212,77,586
2212,78,934
2212,79,957
2212,80,818
2213,41,935
2213,42,386
2213,43,562
2213,44,630
2213,45,966
2213,46,791
2213,47,880
2213,48,729
2213,49,1004
2213,50,848
2213,51,755
2213,52,662
2213,53,662
2213,54,597
2213,55,905
2213,56,809
2213,57,905
2213,58,562
2213,59,935
2213,60,966
2213,61,663
2213,62,876
2213,63,666
2213,64,765
2213,65,960
2213,66,667
2213,67,526
2213,68,667
2213,69,861
2213,70,506
2213,71,667
2213,72,634
2213,73,666
2213,74,473
2213,75,440
2213,76,735
2213,77,440
2213,78,440
2213,79,407
2213,80,272
2214,41,925
2214,42,570
2214,43,676
2214,44,707
2214,45,649
2214,46,777
2214,47,616
2214,48,745
2214,49,584
2214,50,528
2214,51,488
2214,52,604
2214,53,712
2214,54,745
2214,55,713
2214,56,488
2214,57,743
2214,58,879
2214,59,980
2214,60,682
2214,61,486
2214,62,361
2214,63,552
2214,64,423
2214,65,808
2214,66,808
2214,67,741
2214,68,584
2214,69,327
2214,70,456
2214,71,1000
2214,72,327
2214,73,327
2214,74,776
2214,75,745
2214,76,877
2214,77,682
2214,78,682
2214,79,552
2214,80,166
2215,41,474
2215,42,605
2215,43,285
2215,44,985
2215,45,245
2215,46,222
2215,47,782
2215,48,190
2215,49,127
2215,50,576
2215,51,63
2215,52,73
2215,53,94
2215,54,63
2215,55,94
2215,56,63
2215,57,250
2215,58,764
2215,59,801
2215,60,378
2215,61,374
2215,62,933
2215,63,348
2215,64,596
2215,65,350
2215,66,348
2215,67,346
2215,68,315
2215,69,281
2215,70,314
2215,71,280
2215,72,280
2215,73,279
2215,74,246
2215,75,277
2215,76,393
2215,77,640
2215,78,362
2215,79,390
2215,80,190
2216,41,447
2216,42,399
2216,43,534
2216,44,566
2216,45,220
2216,46,812
2216,47,811
2216,48,719
2216,49,781
2216,50,364
2216,51,997
2216,52,904
2216,53,958
2216,54,874
2216,55,904
2216,56,870
2216,57,872
2216,58,935
2216,59,713
2216,60,584
2216,61,203
2216,62,179
2216,63,504
2216,64,660
2216,65,344
2216,66,285
2216,67,286
2216,68,673
2216,69,379
2216,70,438
2216,71,166
2216,72,509
2216,73,472
2216,74,467
2216,75,468
2216,76,500
2216,77,501
2216,78,532
2216,79,565
2216,80,564
2217,41,283
2217,42,9
2217,43,650
2217,44,943
2217,45,529
2217,46,430
2217,47,553
2217,48,429
2217,49,425
2217,50,434
2217,51,430
2217,52,470
2217,53,411
2217,54,473
2217,55,469
2217,56,594
2217,57,593
2217,58,561
2217,59,965
2217,60,597
2217,61,992
2217,62,1002
2217,63,481
2217,64,450
2217,65,453
2217,66,453
2217,67,484
2217,68,215
2217,69,516
2217,70,520
2217,71,808
2217,72,808
2217,73,712
2217,74,55
2217,75,593
2217,76,231
2217,77,883
2217,78,275
2217,79,176
2217,80,161
2218,41,451
2218,42,438
2218,43,781
2218,44,491
2218,45,782
2218,46,696
2218,47,597
2218,48,874
2218,49,997
2218,50,998
2218,51,997
2218,52,904
2218,53,758
2218,54,968
2218,55,840
2218,56,707
2218,57,450
2218,58,376
2218,59,417
2218,60,773
2218,61,942
2218,62,546
2218,63,781
2218,64,817
2218,65,469
2218,66,435
2218,67,467
2218,68,469
2218,69,471
2218,70,366
2218,71,464
2218,72,430
2218,73,471
2218,74,640
2218,75,432
2218,76,429
2218,77,533
2218,78,535
2218,79,168
2218,80,664
2219,41,363
2219,42,56
2219,43,441
2219,44,281
2219,45,376
2219,46,237
2219,47,267
2219,48,103
2219,49,232
2219,50,232
2219,51,358
2219,52,167
2219,53,708
2219,54,200
2219,55,845
2219,56,103
2219,57,73
2219,58,8
2219,59,111
2219,60,702
2219,61,391
2219,62,219
2219,63,410
2219,64,248
2219,65,181
2219,66,184
2219,67,22
2219,68,151
2219,69,184
2219,70,248
2219,71,149
2219,72,525
2219,73,85
2219,74,409
2219,75,341
2219,76,209
2219,77,211
2219,78,183
2219,79,183
2219,80,122
2220,41,401
2220,42,326
2220,43,272
2220,44,690
2220,45,143
2220,46,237
2220,47,304
2220,48,305
2220,49,303
2220,50,306
2220,51,872
2220,52,432
2220,53,601
2220,54,533
2220,55,228
2220,56,530
2220,57,533
2220,58,564
2220,59,688
2220,60,599
2220,61,688
2220,62,366
2220,63,337
2220,64,278
2220,65,249
2220,66,185
2220,67,153
2220,68,91
2220,69,60
2220,70,26
2220,71,25
2220,72,58
2220,73,26
2220,74,26
2220,75,59
2220,76,880
2220,77,21
2220,78,22
2220,79,54
2220,80,118
2221,41,771
2221,42,569
2221,43,841
2221,44,810
2221,45,810
2221,46,586
2221,47,618
2221,48,616
2221,49,584
2221,50,796
2221,51,394
2221,52,394
2221,53,363
2221,54,299
2221,55,140
2221,56,236
2221,57,460
2221,58,460
2221,59,753
2221,60,393
2221,61,642
2221,62,811
2221,63,327
2221,64,5
2221,65,108
2221,66,172
2221,67,593
2221,68,141
2221,69,173
2221,70,19
2221,71,267
2221,72,397
2221,73,413
2221,74,518
2221,75,169
2221,76,270
2221,77,203
2221,78,271
2221,79,407
2221,80,264
2222,41,99
2222,42,527
2222,43,347
2222,44,647
2222,45,646
2222,46,194
2222,47,620
2222,48,622
2222,49,561
2222,50,562
2222,51,627
2222,52,635
2222,53,668
2222,54,700
2222,55,602
2222,56,895
2222,57,896
2222,58,969
2222,59,20
2222,60,634
2222,61,936
2222,62,28
2222,63,309
2222,64,304
2222,65,307
2222,66,338
2222,67,337
2222,68,156
2222,69,373
2222,70,150
2222,71,438
2222,72,215
2222,73,929
2222,74,342
2222,75,182
2222,76,634
2222,77,536
2222,78,111
2222,79,797
2222,80,797
2223,41,160
2223,42,162
2223,43,354
2223,44,227
2223,45,977
2223,46,393
2223,47,390
2223,48,356
2223,49,99
2223,50,2
2223,51,5
2223,52,940
2223,53,434
2223,54,161
2223,55,24
2223,56,344
2223,57,392
2223,58,357
2223,59,357
2223,60,357
2223,61,581
2223,62,234
2223,63,682
2223,64,682
2223,65,587
2223,66,619
2223,67,555
2223,68,559
2223,69,559
2223,70,591
2223,71,552
2223,72,391
2223,73,134
2223,74,391
2223,75,619
2223,76,648
2223,77,677
2223,78,648
2223,79,609
2223,80,560
2224,41,745
2224,42,822
2224,43,621
2224,44,649
2224,45,616
2224,46,232
2224,47,717
2224,48,625
2224,49,562
2224,50,594
2224,51,598
2224,52,497
2224,53,543
2224,54,594
2224,55,904
2224,56,839
2224,57,488
2224,58,683
2224,59,654
2224,60,619
2224,61,932
2224,62,462
2224,63,881
2224,64,881
2224,65,882
2224,66,682
2224,67,776
2224,68,432
2224,69,733
2224,70,407
2224,71,310
2224,72,247
2224,73,118
2224,74,182
2224,75,215
2224,76,279
2224,77,312
2224,78,376
2224,79,165
2224,80,848
2225,41,660
2225,42,123
2225,43,580
2225,44,485
2225,45,856
2225,46,713
2225,47,614
2225,48,613
2225,49,609
2225,50,615
2225,51,614
2225,52,648
2225,53,676
2225,54,928
2225,55,253
2225,56,650
2225,57,556
2225,58,190
2225,59,617
2225,60,474
2225,61,351
2225,62,541
2225,63,647
2225,64,646
2225,65,646
2225,66,863
2225,67,385
2225,68,591
2225,69,619
2225,70,613
2225,71,646
2225,72,580
2225,73,517
2225,74,613
2225,75,611
2225,76,609
2225,77,619
2225,78,619
2225,79,612
2225,80,67
2226,41,793
2226,42,97
2226,43,187
2226,44,276
2226,45,276
2226,46,278
2226,47,374
2226,48,864
2226,49,842
2226,50,466
2226,51,482
2226,52,470
2226,53,428
2226,54,422
2226,55,427
2226,56,390
2226,57,389
2226,58,586
2226,59,433
2226,60,681
2226,61,336
2226,62,4
2226,63,758
2226,64,763
2226,65,762
2226,66,762
2226,67,731
2226,68,702
2226,69,638
2226,70,607
2226,71,639
2226,72,704
2226,73,732
2226,74,84
2226,75,794
2226,76,555
2226,77,667
2226,78,731
2226,79,634
2226,80,732
2227,41,30
2227,42,142
2227,43,33
2227,44,33
2227,45,33
2227,46,267
2227,47,35
2227,48,35
2227,49,65
2227,50,36
2227,51,110
2227,52,108
2227,53,39
2227,54,8
2227,55,203
2227,56,139
2227,57,109
2227,58,108
2227,59,139
2227,60,108
2227,61,777
2227,62,541
2227,63,137
2227,64,136
2227,65,136
2227,66,306
2227,67,843
2227,68,37
2227,69,135
2227,70,3
2227,71,3
2227,72,248
2227,73,327
2227,74,584
2227,75,711
2227,76,65
2227,77,202
2227,78,456
2227,79,895
2227,80,904
2228,41,593
2228,42,682
2228,43,71
2228,44,295
2228,45,421
2228,46,394
2228,47,392
2228,48,366
2228,49,395
2228,50,306
2228,51,275
2228,52,307
2228,53,276
2228,54,374
2228,55,409
2228,56,437
2228,57,970
2228,58,345
2228,59,316
2228,60,224
2228,61,855
2228,62,529
2228,63,1
2228,64,36
2228,65,267
2228,66,108
2228,67,74
2228,68,74
2228,69,73
2228,70,168
2228,71,134
2228,72,203
2228,73,2
2228,74,36
2228,75,292
2228,76,131
2228,77,74
2228,78,41
2228,79,535
2228,80,972
2229,41,483
2229,42,554
2229,43,163
2229,44,999
2229,45,731
2229,46,233
2229,47,275
2229,48,232
2229,49,202
2229,50,170
2229,51,912
2229,52,597
2229,53,66
2229,54,33
2229,55,33
2229,56,35
2229,57,65
2229,58,35
2229,59,36
2229,60,161
2229,61,243
2229,62,699
2229,63,715
2229,64,137
2229,65,404
2229,66,434
2229,67,398
2229,68,615
2229,69,732
2229,70,733
2229,71,700
2229,72,570
2229,73,848
2229,74,662
2229,75,602
2229,76,928
2229,77,960
2229,78,862
2229,79,634
2229,80,765
2230,41,81
2230,42,875
2230,43,699
2230,44,668
2230,45,12
2230,46,331
2230,47,271
2230,48,271
2230,49,168
2230,50,108
2230,51,16
2230,52,202
2230,53,139
2230,54,44
2230,55,140
2230,56,138
2230,57,110
2230,58,171
2230,59,45
2230,60,77
2230,61,968
2230,62,383
2230,63,259
2230,64,970
2230,65,259
2230,66,354
2230,67,2
2230,68,199
2230,69,35
2230,70,788
2230,71,269
2230,72,260
2230,73,259
2230,74,101
2230,75,4
2230,76,137
2230,77,639
2230,78,311
2230,79,310
2230,80,517
2231,41,256
2231,42,629
2231,43,142
2231,44,204
2231,45,205
2231,46,681
2231,47,751
2231,48,75
2231,49,142
2231,50,142
2231,51,173
2231,52,142
2231,53,979
2231,54,46
2231,55,75
2231,56,109
2231,57,48
2231,58,50
2231,59,179
2231,60,497
2231,61,971
2231,62,903
2231,63,318
2231,64,107
2231,65,45
2231,66,45
2231,67,673
2231,68,205
2231,69,146
2231,70,81
2231,71,112
2231,72,111
2231,73,142
2231,74,111
2231,75,81
2231,76,18
2231,77,84
2231,78,20
2231,79,874
2231,80,613
2232,41,657
2232,42,491
2232,43,713
2232,44,713
2232,45,713
2232,46,649
2232,47,809
2232,48,905
2232,49,840
2232,50,807
2232,51,838
2232,52,838
2232,53,585
2232,54,699
2232,55,150
2232,56,997
2232,57,785
2232,58,904
2232,59,47
2232,60,842
2232,61,784
2232,62,272
2232,63,807
2232,64,840
2232,65,967
2232,66,873
2232,67,116
2232,68,625
2232,69,196
2232,70,782
2232,71,782
2232,72,782
2232,73,782
2232,74,841
2232,75,675
2232,76,875
2232,77,902
2232,78,777
2232,79,809
2232,80,809
2233,41,549
2233,42,55
2233,43,529
2233,44,430
2233,45,356
2233,46,291
2233,47,868
2233,48,417
2233,49,323
2233,50,226
2233,51,417
2233,52,291
2233,53,2
2233,54,163
2233,55,163
2233,56,291
2233,57,163
2233,58,356
2233,59,454
2233,60,454
2233,61,951
2233,62,759
2233,63,396
2233,64,240
2233,65,449
2233,66,422
2233,67,697
2233,68,789
2233,69,396
2233,70,422
2233,71,228
2233,72,252
2233,73,574
2233,74,460
2233,75,366
2233,76,190
2233,77,461
2233,78,362
2233,79,525
2233,80,870
2234,41,505
2234,42,811
2234,43,334
2234,44,303
2234,45,395
2234,46,343
2234,47,467
2234,48,430
2234,49,428
2234,50,460
2234,51,365
2234,52,464
2234,53,496
2234,54,299
2234,55,584
2234,56,735
2234,57,65
2234,58,1001
2234,59,848
2234,60,754
2234,61,955
2234,62,739
2234,63,873
2234,64,74
2234,65,137
2234,66,169
2234,67,103
2234,68,795
2234,69,206
2234,70,493
2234,71,366
2234,72,365
2234,73,394
2234,74,267
2234,75,298
2234,76,297
2234,77,363
2234,78,716
2234,79,323
2234,80,85
2235,41,223
2235,42,353
2235,43,362
2235,44,362
2235,45,336
2235,46,366
2235,47,392
2235,48,393
2235,49,389
2235,50,713
2235,51,288
2235,52,808
2235,53,540
2235,54,290
2235,55,421
2235,56,464
2235,57,428
2235,58,395
2235,59,423
2235,60,620
2235,61,3
2235,62,417
2235,63,425
2235,64,198
2235,65,816
2235,66,693
2235,67,473
2235,68,152
2235,69,535
2235,70,431
2235,71,525
2235,72,374
2235,73,215
2235,74,149
2235,75,314
2235,76,20
2235,77,116
2235,78,71
2235,79,313
2235,80,59
2236,41,335
2236,42,2
2236,43,509
2236,44,476
2236,45,474
2236,46,470
2236,47,502
2236,48,502
2236,49,433
2236,50,431
2236,51,431
2236,52,431
2236,53,426
2236,54,428
2236,55,173
2236,56,374
2236,57,174
2236,58,207
2236,59,239
2236,60,12
2236,61,849
2236,62,673
2236,63,540
2236,64,601
2236,65,540
2236,66,420
2236,67,299
2236,68,1008
2236,69,607
2236,70,599
2236,71,478
2236,72,640
2236,73,540
2236,74,607
2236,75,477
2236,76,574
2236,77,640
2236,78,443
2236,79,476
2236,80,480
2237,41,853
2237,42,192
2237,43,928
2237,44,325
2237,45,21
2237,46,617
2237,47,859
2237,48,952
2237,49,763
2237,50,890
2237,51,955
2237,52,922
2237,53,955
2237,54,488
2237,55,1016
2237,56,825
2237,57,478
2237,58,984
2237,59,921
2237,60,889
2237,61,714
2237,62,118
2237,63,825
2237,64,698
2237,65,571
2237,66,925
2237,67,726
2237,68,832
2237,69,732
2237,70,700
2237,71,732
2237,72,273
2237,73,539
2237,74,542
2237,75,474
2237,76,463
2237,77,896
2237,78,471
2237,79,342
2237,80,407
2238,41,940
2238,42,364
2238,43,138
2238,44,534
2238,45,741
2238,46,268
2238,47,331
2238,48,297
2238,49,330
2238,50,225
2238,51,879
2238,52,427
2238,53,50
2238,54,682
2238,55,456
2238,56,511
2238,57,200
2238,58,327
2238,59,520
2238,60,520
2238,61,99
2238,62,356
2238,63,394
2238,64,110
2238,65,116
2238,66,112
2238,67,236
2238,68,426
2238,69,206
2238,70,141
2238,71,299
2238,72,256
2238,73,363
2238,74,265
2238,75,264
2238,76,200
2238,77,391
2238,78,849
2238,79,297
2238,80,330
2239,41,884
2239,42,677
2239,43,724
2239,44,505
2239,45,505
2239,46,688
2239,47,889
2239,48,566
2239,49,596
2239,50,782
2239,51,978
2239,52,118
2239,53,781
2239,54,781
2239,55,842
2239,56,841
2239,57,812
2239,58,812
2239,59,812
2239,60,627
2239,61,511
2239,62,698
2239,63,660
2239,64,724
2239,65,117
2239,66,626
2239,67,598
2239,68,535
2239,69,440
2239,70,441
2239,71,478
2239,72,411
2239,73,476
2239,74,493
2239,75,342
2239,76,168
2239,77,104
2239,78,237
2239,79,303
2239,80,806
2240,41,722
2240,42,567
2240,43,568
2240,44,402
2240,45,248
2240,46,248
2240,47,149
2240,48,211
2240,49,211
2240,50,217
2240,51,115
2240,52,212
2240,53,181
2240,54,406
2240,55,374
2240,56,406
2240,57,370
2240,58,179
2240,59,336
2240,60,366
2240,61,475
2240,62,212
2240,63,385
2240,64,272
2240,65,304
2240,66,279
2240,67,138
2240,68,376
2240,69,479
2240,70,709
2240,71,809
2240,72,444
2240,73,542
2240,74,438
2240,75,601
2240,76,374
2240,77,821
2240,78,504
2240,79,471
2240,80,467
2241,41,203
2241,42,1024
2241,43,527
2241,44,378
2241,45,561
2241,46,345
2241,47,47
2241,48,594
2241,49,469
2241,50,765
2241,51,797
2241,52,896
2241,53,832
2241,54,832
2241,55,829
2241,56,732
2241,57,241
2241,58,765
2241,59,32
2241,60,442
2241,61,769
2241,62,20
2241,63,530
2241,64,560
2241,65,499
2241,66,491
2241,67,527
2241,68,532
2241,69,534
2241,70,564
2241,71,255
2241,72,566
2241,73,596
2241,74,535
2241,75,533
2241,76,501
2241,77,469
2241,78,532
2241,79,563
2241,80,535
2242,41,815
2242,42,412
2242,43,788
2242,44,129
2242,45,911
2242,46,246
2242,47,245
2242,48,407
2242,49,277
2242,50,226
2242,51,835
2242,52,46
2242,53,472
2242,54,780
2242,55,36
2242,56,165
2242,57,33
2242,58,34
2242,59,863
2242,60,36
2242,61,439
2242,62,797
2242,63,310
2242,64,279
2242,65,275
2242,66,305
2242,67,624
2242,68,304
2242,69,238
2242,70,242
2242,71,275
2242,72,374
2242,73,146
2242,74,245
2242,75,277
2242,76,342
2242,77,244
2242,78,271
2242,79,271
2242,80,242
2243,41,995
2243,42,250
2243,43,113
2243,44,20
2243,45,408
2243,46,281
2243,47,336
2243,48,182
2243,49,215
2243,50,623
2243,51,60
2243,52,776
2243,53,755
2243,54,672
2243,55,156
2243,56,156
2243,57,883
2243,58,223
2243,59,573
2243,60,761
2243,61,365
2243,62,730
2243,63,210
2243,64,275
2243,65,182
2243,66,280
2243,67,85
2243,68,148
2243,69,182
2243,70,346
2243,71,149
2243,72,901
2243,73,20
2243,74,532
2243,75,247
2243,76,939
2243,77,285
2243,78,379
2243,79,378
2243,80,315
2244,41,150
2244,42,942
2244,43,349
2244,44,315
2244,45,219
2244,46,349
2244,47,416
2244,48,415
2244,49,505
2244,50,505
2244,51,505
2244,52,505
2244,53,1000
2244,54,524
2244,55,270
2244,56,366
2244,57,362
2244,58,229
2244,59,900
2244,60,334
2244,61,527
2244,62,655
2244,63,313
2244,64,957
2244,65,594
2244,66,36
2244,67,70
2244,68,33
2244,69,276
2244,70,571
2244,71,101
2244,72,101
2244,73,101
2244,74,132
2244,75,165
2244,76,195
2244,77,195
2244,78,169
2244,79,199
2244,80,488
2245,41,1000
2245,42,565
2245,43,477
2245,44,640
2245,45,505
2245,46,504
2245,47,594
2245,48,529
2245,49,497
2245,50,531
2245,51,436
2245,52,591
2245,53,497
2245,54,595
2245,55,533
2245,56,546
2245,57,615
2245,58,343
2245,59,374
2245,60,307
2245,61,566
2245,62,549
2245,63,541
2245,64,444
2245,65,415
2245,66,478
2245,67,442
2245,68,872
2245,69,245
2245,70,245
2245,71,24
2245,72,234
2245,73,245
2245,74,337
2245,75,246
2245,76,342
2245,77,277
2245,78,375
2245,79,208
2245,80,236
2246,41,294
2246,42,337
2246,43,293
2246,44,234
2246,45,620
2246,46,621
2246,47,622
2246,48,622
2246,49,622
2246,50,557
2246,51,593
2246,52,464
2246,53,425
2246,54,565
2246,55,438
2246,56,405
2246,57,403
2246,58,403
2246,59,768
2246,60,469
2246,61,711
2246,62,42
2246,63,427
2246,64,129
2246,65,501
2246,66,461
2246,67,433
2246,68,432
2246,69,432
2246,70,471
2246,71,618
2246,72,896
2246,73,425
2246,74,464
2246,75,594
2246,76,594
2246,77,546
2246,78,173
2246,79,591
2246,80,562
2247,41,283
2247,42,311
2247,43,367
2247,44,396
2247,45,309
2247,46,247
2247,47,409
2247,48,378
2247,49,281
2247,50,315
2247,51,315
2247,52,281
2247,53,281
2247,54,442
2247,55,765
2247,56,830
2247,57,788
2247,58,992
2247,59,617
2247,60,475
2247,61,856
2247,62,247
2247,63,808
2247,64,922
2247,65,840
2247,66,808
2247,67,1000
2247,68,436
2247,69,402
2247,70,313
2247,71,747
2247,72,208
2247,73,713
2247,74,745
2247,75,195
2247,76,941
2247,77,720
2247,78,875
2247,79,907
2247,80,907
2248,41,543
2248,42,132
2248,43,237
2248,44,104
2248,45,237
2248,46,152
2248,47,3
2248,48,893
2248,49,102
2248,50,575
2248,51,297
2248,52,359
2248,53,202
2248,54,170
2248,55,237
2248,56,236
2248,57,299
2248,58,299
2248,59,298
2248,60,676
2248,61,334
2248,62,490
2248,63,201
2248,64,202
2248,65,170
2248,66,3
2248,67,3
2248,68,962
2248,69,102
2248,70,750
2248,71,231
2248,72,295
2248,73,359
2248,74,456
2248,75,264
2248,76,233
2248,77,202
2248,78,102
2248,79,265
2248,80,102
2249,41,216
2249,42,549
2249,43,277
2249,44,244
2249,45,170
2249,46,306
2249,47,205
2249,48,204
2249,49,138
2249,50,59
2249,51,168
2249,52,104
2249,53,1003
2249,54,264
2249,55,271
2249,56,271
2249,57,277
2249,58,277
2249,59,244
2249,60,244
2249,61,308
2249,62,76
2249,63,735
2249,64,9
2249,65,79
2249,66,47
2249,67,48
2249,68,173
2249,69,298
2249,70,298
2249,71,268
2249,72,142
2249,73,131
2249,74,78
2249,75,1002
2249,76,106
2249,77,106
2249,78,137
2249,79,173
2249,80,203
2250,41,69
2250,42,55
2250,43,707
2250,44,184
2250,45,792
2250,46,633
2250,47,612
2250,48,646
2250,49,614
2250,50,646
2250,51,621
2250,52,532
2250,53,428
2250,54,424
2250,55,389
2250,56,356
2250,57,391
2250,58,422
2250,59,472
2250,60,499
2250,61,761
2250,62,914
2250,63,471
2250,64,212
2250,65,464
2250,66,496
2250,67,432
2250,68,570
2250,69,244
2250,70,425
2250,71,473
2250,72,409
2250,73,281
2250,74,378
2250,75,479
2250,76,248
2250,77,375
2250,78,964
2250,79,602
2250,80,281
2251,41,268
2251,42,982
2251,43,796
2251,44,221
2251,45,796
2251,46,796
2251,47,796
2251,48,796
2251,49,895
2251,50,862
2251,51,960
2251,52,765
2251,53,537
2251,54,537
2251,55,537
2251,56,733
2251,57,765
2251,58,797
2251,59,473
2251,60,344
2251,61,977
2251,62,211
2251,63,222
2251,64,156
2251,65,250
2251,66,154
2251,67,345
2251,68,315
2251,69,855
2251,70,506
2251,71,771
2251,72,634
2251,73,538
2251,74,280
2251,75,473
2251,76,635
2251,77,828
2251,78,700
2251,79,701
2251,80,665
2252,41,900
2252,42,573
2252,43,224
2252,44,223
2252,45,224
2252,46,21
2252,47,345
2252,48,345
2252,49,410
2252,50,480
2252,51,225
2252,52,506
2252,53,173
2252,54,158
2252,55,443
2252,56,280
2252,57,376
2252,58,506
2252,59,607
2252,60,410
2252,61,301
2252,62,578
2252,63,375
2252,64,530
2252,65,592
2252,66,592
2252,67,528
2252,68,534
2252,69,661
2252,70,499
2252,71,468
2252,72,475
2252,73,1013
2252,74,621
2252,75,44
2252,76,525
2252,77,620
2252,78,493
2252,79,835
2252,80,461
2253,41,243
2253,42,726
2253,43,486
2253,44,338
2253,45,338
2253,46,361
2253,47,869
2253,48,167
2253,49,134
2253,50,102
2253,51,295
2253,52,357
2253,53,390
2253,54,390
2253,55,336
2253,56,530
2253,57,299
2253,58,365
2253,59,567
2253,60,790
2253,61,255
2253,62,69
2253,63,693
2253,64,391
2253,65,391
2253,66,307
2253,67,490
2253,68,392
2253,69,389
2253,70,395
2253,71,394
2253,72,232
2253,73,232
2253,74,167
2253,75,102
2253,76,359
2253,77,135
2253,78,135
2253,79,69
2253,80,75
2254,41,64
2254,42,654
2254,43,102
2254,44,102
2254,45,71
2254,46,370
2254,47,468
2254,48,469
2254,49,1001
2254,50,667
2254,51,634
2254,52,137
2254,53,995
2254,54,976
2254,55,928
2254,56,1024
2254,57,634
2254,58,602
2254,59,509
2254,60,475
2254,61,175
2254,62,244
2254,63,877
2254,64,169
2254,65,237
2254,66,963
2254,67,170
2254,68,106
2254,69,106
2254,70,75
2254,71,202
2254,72,296
2254,73,362
2254,74,295
2254,75,390
2254,76,233
2254,77,232
2254,78,232
2254,79,475
2254,80,232
2255,41,848
2255,42,588
2255,43,307
2255,44,377
2255,45,971
2255,46,345
2255,47,313
2255,48,214
2255,49,397
2255,50,538
2255,51,604
2255,52,730
2255,53,688
2255,54,687
2255,55,832
2255,56,752
2255,57,752
2255,58,785
2255,59,374
2255,60,693
2255,61,154
2255,62,670
2255,63,267
2255,64,299
2255,65,306
2255,66,393
2255,67,362
2255,68,479
2255,69,955
2255,70,278
2255,71,438
2255,72,468
2255,73,503
2255,74,534
2255,75,506
2255,76,473
2255,77,629
2255,78,774
2255,79,622
2255,80,685
2256,41,937
2256,42,99
2256,43,593
2256,44,558
2256,45,618
2256,46,649
2256,47,456
2256,48,584
2256,49,586
2256,50,586
2256,51,587
2256,52,591
2256,53,560
2256,54,235
2256,55,563
2256,56,505
2256,57,538
2256,58,410
2256,59,315
2256,60,501
2256,61,286
2256,62,404
2256,63,622
2256,64,499
2256,65,653
2256,66,652
2256,67,592
2256,68,500
2256,69,560
2256,70,386
2256,71,917
2256,72,534
2256,73,366
2256,74,396
2256,75,729
2256,76,300
2256,77,333
2256,78,333
2256,79,333
2256,80,301
2257,41,842
2257,42,216
2257,43,137
2257,44,171
2257,45,45
2257,46,932
2257,47,990
2257,48,16
2257,49,105
2257,50,80
2257,51,48
2257,52,79
2257,53,46
2257,54,535
2257,55,172
2257,56,8
2257,57,706
2257,58,926
2257,59,356
2257,60,20
2257,61,84
2257,62,295
2257,63,545
2257,64,327
2257,65,238
2257,66,235
2257,67,304
2257,68,860
2257,69,440
2257,70,904
2257,71,536
2257,72,786
2257,73,704
2257,74,756
2257,75,533
2257,76,504
2257,77,440
2257,78,932
2257,79,406
2257,80,596
2258,41,553
2258,42,713
2258,43,116
2258,44,338
2258,45,153
2258,46,685
2258,47,29
2258,48,153
2258,49,92
2258,50,125
2258,51,556
2258,52,92
2258,53,870
2258,54,124
2258,55,92
2258,56,181
2258,57,277
2258,58,311
2258,59,311
2258,60,311
2258,61,866
2258,62,848
2258,63,182
2258,64,215
2258,65,117
2258,66,118
2258,67,150
2258,68,52
2258,69,215
2258,70,52
2258,71,84
2258,72,212
2258,73,184
2258,74,353
2258,75,92
2258,76,153
2258,77,56
2258,78,184
2258,79,184
2258,80,29
2259,41,481
2259,42,244
2259,43,258
2259,44,275
2259,45,39
2259,46,71
2259,47,167
2259,48,200
2259,49,199
2259,50,199
2259,51,948
2259,52,167
2259,53,102
2259,54,103
2259,55,3
2259,56,232
2259,57,167
2259,58,166
2259,59,137
2259,60,447
2259,61,460
2259,62,39
2259,63,283
2259,64,281
2259,65,662
2259,66,533
2259,67,596
2259,68,17
2259,69,425
2259,70,481
2259,71,481
2259,72,481
2259,73,610
2259,74,675
2259,75,837
2259,76,899
2259,77,837
2259,78,1000
2259,79,966
2259,80,935
2260,41,342
2260,42,50
2260,43,678
2260,44,552
2260,45,549
2260,46,357
2260,47,356
2260,48,357
2260,49,583
2260,50,357
2260,51,357
2260,52,356
2260,53,295
2260,54,877
2260,55,362
2260,56,391
2260,57,973
2260,58,427
2260,59,246
2260,60,427
2260,61,642
2260,62,585
2260,63,678
2260,64,678
2260,65,647
2260,66,647
2260,67,715
2260,68,616
2260,69,488
2260,70,720
2260,71,362
2260,72,425
2260,73,394
2260,74,424
2260,75,433
2260,76,396
2260,77,361
2260,78,295
2260,79,290
2260,80,488
2261,41,1023
2261,42,509
2261,43,385
2261,44,195
2261,45,259
2261,46,259
2261,47,385
2261,48,419
2261,49,450
2261,50,419
2261,51,420
2261,52,420
2261,53,649
2261,54,713
2261,55,488
2261,56,810
2261,57,750
2261,58,966
2261,59,231
2261,60,903
2261,61,603
2261,62,331
2261,63,134
2261,64,167
2261,65,167
2261,66,134
2261,67,167
2261,68,40
2261,69,183
2261,70,108
2261,71,108
2261,72,107
2261,73,240
2261,74,334
2261,75,181
2261,76,275
2261,77,925
2261,78,239
2261,79,182
2261,80,181
2262,41,272
2262,42,525
2262,43,493
2262,44,424
2262,45,921
2262,46,1001
2262,47,925
2262,48,649
2262,49,370
2262,50,299
2262,51,589
2262,52,589
2262,53,958
2262,54,648
2262,55,678
2262,56,396
2262,57,676
2262,58,677
2262,59,706
2262,60,644
2262,61,977
2262,62,41
2262,63,614
2262,64,647
2262,65,612
2262,66,611
2262,67,649
2262,68,589
2262,69,467
2262,70,431
2262,71,471
2262,72,214
2262,73,432
2262,74,464
2262,75,464
2262,76,496
2262,77,498
2262,78,429
2262,79,467
2262,80,78
2263,41,159
2263,42,220
2263,43,247
2263,44,409
2263,45,1003
2263,46,473
2263,47,536
2263,48,725
2263,49,725
2263,50,1007
2263,51,713
2263,52,168
2263,53,713
2263,54,745
2263,55,1006
2263,56,848
2263,57,626
2263,58,667
2263,59,942
2263,60,434
2263,61,954
2263,62,753
2263,63,311
2263,64,944
2263,65,255
2263,66,224
2263,67,281
2263,68,278
2263,69,995
2263,70,278
2263,71,276
2263,72,211
2263,73,149
2263,74,279
2263,75,150
2263,76,281
2263,77,279
2263,78,526
2263,79,345
2263,80,316
2264,41,741
2264,42,492
2264,43,440
2264,44,278
2264,45,304
2264,46,280
2264,47,250
2264,48,218
2264,49,224
2264,50,223
2264,51,224
2264,52,62
2264,53,344
2264,54,378
2264,55,346
2264,56,255
2264,57,196
2264,58,632
2264,59,632
2264,60,517
2264,61,505
2264,62,818
2264,63,237
2264,64,71
2264,65,36
2264,66,169
2264,67,238
2264,68,238
2264,69,210
2264,70,272
2264,71,241
2264,72,272
2264,73,236
2264,74,592
2264,75,766
2264,76,323
2264,77,826
2264,78,50
2264,79,110
2264,80,719
2265,41,600
2265,42,524
2265,43,166
2265,44,164
2265,45,985
2265,46,99
2265,47,99
2265,48,36
2265,49,2
2265,50,918
2265,51,35
2265,52,259
2265,53,69
2265,54,68
2265,55,161
2265,56,132
2265,57,259
2265,58,481
2265,59,967
2265,60,935
2265,61,189
2265,62,996
2265,63,69
2265,64,940
2265,65,67
2265,66,118
2265,67,2
2265,68,323
2265,69,162
2265,70,164
2265,71,760
2265,72,162
2265,73,384
2265,74,318
2265,75,3
2265,76,131
2265,77,435
2265,78,390
2265,79,291
2265,80,417
2266,41,129
2266,42,234
2266,43,883
2266,44,882
2266,45,882
2266,46,440
2266,47,703
2266,48,806
2266,49,741
2266,50,711
2266,51,711
2266,52,713
2266,53,552
2266,54,777
2266,55,777
2266,56,390
2266,57,470
2266,58,432
2266,59,464
2266,60,497
2266,61,832
2266,62,123
2266,63,740
2266,64,682
2266,65,812
2266,66,460
2266,67,394
2266,68,199
2266,69,162
2266,70,67
2266,71,357
2266,72,486
2266,73,812
2266,74,451
2266,75,917
2266,76,142
2266,77,2
2266,78,101
2266,79,220
2266,80,40
2267,41,554
2267,42,165
2267,43,760
2267,44,165
2267,45,594
2267,46,388
2267,47,132
2267,48,161
2267,49,161
2267,50,161
2267,51,198
2267,52,477
2267,53,165
2267,54,161
2267,55,161
2267,56,163
2267,57,165
2267,58,502
2267,59,226
2267,60,194
2267,61,336
2267,62,291
2267,63,163
2267,64,163
2267,65,132
2267,66,540
2267,67,163
2267,68,322
2267,69,227
2267,70,227
2267,71,161
2267,72,161
2267,73,161
2267,74,165
2267,75,165
2267,76,795
2267,77,163
2267,78,161
2267,79,161
2267,80,161
2268,41,536
2268,42,579
2268,43,556
2268,44,556
2268,45,619
2268,46,650
2268,47,529
2268,48,423
2268,49,552
2268,50,424
2268,51,630
2268,52,323
2268,53,862
2268,54,182
2268,55,356
2268,56,430
2268,57,469
2268,58,438
2268,59,713
2268,60,434
2268,61,976
2268,62,945
2268,63,623
2268,64,219
2268,65,433
2268,66,429
2268,67,739
2268,68,429
2268,69,531
2268,70,486
2268,71,368
2268,72,368
2268,73,368
2268,74,886
2268,75,333
2268,76,711
2268,77,562
2268,78,532
2268,79,534
2268,80,532
2269,41,814
2269,42,130
2269,43,251
2269,44,437
2269,45,404
2269,46,437
2269,47,404
2269,48,664
2269,49,245
2269,50,245
2269,51,245
2269,52,245
2269,53,310
2269,54,406
2269,55,437
2269,56,182
2269,57,437
2269,58,345
2269,59,48
2269,60,346
2269,61,343
2269,62,690
2269,63,707
2269,64,589
2269,65,431
2269,66,469
2269,67,475
2269,68,432
2269,69,471
2269,70,685
2269,71,467
2269,72,503
2269,73,719
2269,74,346
2269,75,346
2269,76,473
2269,77,726
2269,78,632
2269,79,554
2269,80,522
2270,41,491
2270,42,548
2270,43,667
2270,44,699
2270,45,152
2270,46,538
2270,47,508
2270,48,541
2270,49,640
2270,50,477
2270,51,334
2270,52,640
2270,53,443
2270,54,541
2270,55,509
2270,56,498
2270,57,640
2270,58,607
2270,59,409
2270,60,179
2270,61,913
2270,62,639
2270,63,765
2270,64,832
2270,65,863
2270,66,700
2270,67,960
2270,68,928
2270,69,88
2270,70,570
2270,71,81
2270,72,732
2270,73,415
2270,74,666
2270,75,895
2270,76,992
2270,77,960
2270,78,992
2270,79,928
2270,80,570
2271,41,854
2271,42,731
2271,43,343
2271,44,279
2271,45,51
2271,46,383
2271,47,49
2271,48,284
2271,49,441
2271,50,501
2271,51,410
2271,52,152
2271,53,160
2271,54,469
2271,55,503
2271,56,718
2271,57,653
2271,58,376
2271,59,541
2271,60,443
2271,61,208
2271,62,959
2271,63,446
2271,64,446
2271,65,446
2271,66,446
2271,67,316
2271,68,997
2271,69,224
2271,70,477
2271,71,313
2271,72,88
2271,73,313
2271,74,247
2271,75,20
2271,76,972
2271,77,248
2271,78,346
2271,79,254
2271,80,254
2272,41,902
2272,42,757
2272,43,69
2272,44,528
2272,45,69
2272,46,69
2272,47,69
2272,48,69
2272,49,632
2272,50,101
2272,51,193
2272,52,134
2272,53,564
2272,54,195
2272,55,195
2272,56,162
2272,57,162
2272,58,2
2272,59,69
2272,60,69
2272,61,280
2272,62,794
2272,63,698
2272,64,2
2272,65,37
2272,66,2
2272,67,69
2272,68,69
2272,69,819
2272,70,69
2272,71,37
2272,72,3
2272,73,37
2272,74,64
2272,75,576
2272,76,68
2272,77,910
2272,78,164
2272,79,99
2272,80,34
2273,41,831
2273,42,646
2273,43,806
2273,44,842
2273,45,613
2273,46,950
2273,47,611
2273,48,609
2273,49,609
2273,50,613
2273,51,614
2273,52,534
2273,53,504
2273,54,693
2273,55,633
2273,56,536
2273,57,630
2273,58,535
2273,59,537
2273,60,537
2273,61,916
2273,62,478
2273,63,840
2273,64,840
2273,65,740
2273,66,429
2273,67,971
2273,68,488
2273,69,682
2273,70,809
2273,71,424
2273,72,456
2273,73,347
2273,74,868
2273,75,988
2273,76,898
2273,77,898
2273,78,82
2273,79,936
2273,80,679
2274,41,867
2274,42,996
2274,43,375
2274,44,375
2274,45,473
2274,46,473
2274,47,473
2274,48,444
2274,49,225
2274,50,447
2274,51,444
2274,52,476
2274,53,410
2274,54,403
2274,55,344
2274,56,374
2274,57,439
2274,58,472
2274,59,439
2274,60,439
2274,61,241
2274,62,679
2274,63,146
2274,64,214
2274,65,210
2274,66,273
2274,67,272
2274,68,273
2274,69,210
2274,70,255
2274,71,1006
2274,72,244
2274,73,598
2274,74,147
2274,75,180
2274,76,210
2274,77,112
2274,78,110
2274,79,176
2274,80,790
2275,41,713
2275,42,148
2275,43,464
2275,44,595
2275,45,600
2275,46,662
2275,47,565
2275,48,536
2275,49,601
2275,50,662
2275,51,568
2275,52,692
2275,53,533
2275,54,374
2275,55,91
2275,56,535
2275,57,473
2275,58,909
2275,59,497
2275,60,393
2275,61,334
2275,62,883
2275,63,272
2275,64,239
2275,65,208
2275,66,611
2275,67,240
2275,68,220
2275,69,239
2275,70,274
2275,71,338
2275,72,24
2275,73,335
2275,74,553
2275,75,392
2275,76,679
2275,77,777
2275,78,488
2275,79,555
2275,80,649
2276,41,952
2276,42,392
2276,43,366
2276,44,394
2276,45,471
2276,46,432
2276,47,278
2276,48,503
2276,49,470
2276,50,425
2276,51,402
2276,52,817
2276,53,430
2276,54,431
2276,55,966
2276,56,430
2276,57,432
2276,58,811
2276,59,375
2276,60,423
2276,61,951
2276,62,372
2276,63,203
2276,64,1
2276,65,131
2276,66,824
2276,67,36
2276,68,254
2276,69,163
2276,70,776
2276,71,131
2276,72,67
2276,73,932
2276,74,630
2276,75,67
2276,76,99
2276,77,68
2276,78,101
2276,79,99
2276,80,98
2277,41,76
2277,42,907
2277,43,451
2277,44,451
2277,45,389
2277,46,389
2277,47,356
2277,48,389
2277,49,389
2277,50,389
2277,51,388
2277,52,356
2277,53,356
2277,54,389
2277,55,388
2277,56,388
2277,57,389
2277,58,356
2277,59,354
2277,60,291
2277,61,818
2277,62,712
2277,63,420
2277,64,420
2277,65,452
2277,66,420
2277,67,671
2277,68,452
2277,69,452
2277,70,799
2277,71,456
2277,72,388
2277,73,389
2277,74,389
2277,75,388
2277,76,389
2277,77,389
2277,78,626
2277,79,620
2277,80,355
2278,41,698
2278,42,439
2278,43,345
2278,44,315
2278,45,315
2278,46,254
2278,47,286
2278,48,286
2278,49,254
2278,50,255
2278,51,346
2278,52,117
2278,53,125
2278,54,117
2278,55,85
2278,56,116
2278,57,215
2278,58,346
2278,59,378
2278,60,241
2278,61,577
2278,62,136
2278,63,378
2278,64,215
2278,65,938
2278,66,480
2278,67,832
2278,68,455
2278,69,314
2278,70,181
2278,71,211
2278,72,248
2278,73,441
2278,74,280
2278,75,151
2278,76,149
2278,77,149
2278,78,505
2278,79,554
2278,80,408
2279,41,425
2279,42,873
2279,43,431
2279,44,440
2279,45,407
2279,46,337
2279,47,343
2279,48,246
2279,49,216
2279,50,216
2279,51,93
2279,52,183
2279,53,209
2279,54,143
2279,55,50
2279,56,113
2279,57,143
2279,58,276
2279,59,277
2279,60,277
2279,61,423
2279,62,417
2279,63,467
2279,64,243
2279,65,181
2279,66,277
2279,67,311
2279,68,215
2279,69,185
2279,70,91
2279,71,60
2279,72,76
2279,73,153
2279,74,151
2279,75,86
2279,76,20
2279,77,149
2279,78,182
2279,79,896
2279,80,277
2280,41,684
2280,42,1007
2280,43,688
2280,44,812
2280,45,595
2280,46,812
2280,47,841
2280,48,935
2280,49,812
2280,50,782
2280,51,781
2280,52,566
2280,53,630
2280,54,782
2280,55,385
2280,56,718
2280,57,785
2280,58,781
2280,59,781
2280,60,966
2280,61,857
2280,62,809
2280,63,812
2280,64,553
2280,65,841
2280,66,688
2280,67,593
2280,68,493
2280,69,427
2280,70,452
2280,71,818
2280,72,686
2280,73,723
2280,74,390
2280,75,195
2280,76,161
2280,77,458
2280,78,167
2280,79,452
2280,80,964
2281,41,208
2281,42,467
2281,43,808
2281,44,679
2281,45,434
2281,46,805
2281,47,973
2281,48,842
2281,49,223
2281,50,628
2281,51,656
2281,52,908
2281,53,840
2281,54,968
2281,55,683
2281,56,751
2281,57,656
2281,58,501
2281,59,374
2281,60,275
2281,61,945
2281,62,232
2281,63,851
2281,64,819
2281,65,851
2281,66,682
2281,67,716
2281,68,841
2281,69,841
2281,70,810
2281,71,936
2281,72,682
2281,73,968
2281,74,598
2281,75,596
2281,76,558
2281,77,59
2281,78,621
2281,79,557
2281,80,333
2282,41,892
2282,42,403
2282,43,602
2282,44,131
2282,45,162
2282,46,181
2282,47,199
2282,48,588
2282,49,133
2282,50,137
2282,51,166
2282,52,161
2282,53,195
2282,54,166
2282,55,202
2282,56,103
2282,57,203
2282,58,2
2282,59,271
2282,60,962
2282,61,663
2282,62,404
2282,63,67
2282,64,854
2282,65,168
2282,66,103
2282,67,203
2282,68,203
2282,69,309
2282,70,715
2282,71,271
2282,72,271
2282,73,305
2282,74,304
2282,75,33
2282,76,376
2282,77,376
2282,78,788
2282,79,151
2282,80,118
2283,41,263
2283,42,447
2283,43,910
2283,44,355
2283,45,355
2283,46,167
2283,47,645
2283,48,67
2283,49,101
2283,50,195
2283,51,100
2283,52,100
2283,53,101
2283,54,100
2283,55,133
2283,56,199
2283,57,134
2283,58,327
2283,59,295
2283,60,847
2283,61,148
2283,62,102
2283,63,797
2283,64,592
2283,65,111
2283,66,398
2283,67,525
2283,68,525
2283,69,525
2283,70,402
2283,71,472
2283,72,478
2283,73,504
2283,74,426
2283,75,356
2283,76,890
2283,77,424
2283,78,290
2283,79,722
2283,80,170
2284,41,970
2284,42,637
2284,43,370
2284,44,972
2284,45,396
2284,46,336
2284,47,362
2284,48,394
2284,49,391
2284,50,338
2284,51,259
2284,52,356
2284,53,388
2284,54,388
2284,55,390
2284,56,326
2284,57,297
2284,58,390
2284,59,390
2284,60,391
2284,61,751
2284,62,698
2284,63,209
2284,64,468
2284,65,1023
2284,66,390
2284,67,659
2284,68,366
2284,69,337
2284,70,747
2284,71,537
2284,72,537
2284,73,427
2284,74,285
2284,75,395
2284,76,242
2284,77,103
2284,78,137
2284,79,199
2284,80,963
2285,41,589
2285,42,680
2285,43,402
2285,44,402
2285,45,402
2285,46,402
2285,47,921
2285,48,402
2285,49,402
2285,50,402
2285,51,402
2285,52,403
2285,53,402
2285,54,402
2285,55,402
2285,56,370
2285,57,370
2285,58,418
2285,59,402
2285,60,260
2285,61,546
2285,62,34
2285,63,172
2285,64,274
2285,65,204
2285,66,207
2285,67,236
2285,68,104
2285,69,170
2285,70,299
2285,71,331
2285,72,206
2285,73,207
2285,74,272
2285,75,299
2285,76,363
2285,77,168
2285,78,455
2285,79,304
2285,80,273
2286,41,639
2286,42,209
2286,43,137
2286,44,98
2286,45,104
2286,46,885
2286,47,976
2286,48,305
2286,49,202
2286,50,3
2286,51,3
2286,52,168
2286,53,104
2286,54,235
2286,55,685
2286,56,99
2286,57,35
2286,58,68
2286,59,99
2286,60,129
2286,61,560
2286,62,54
2286,63,402
2286,64,402
2286,65,71
2286,66,169
2286,67,37
2286,68,101
2286,69,5
2286,70,55
2286,71,355
2286,72,36
2286,73,137
2286,74,162
2286,75,192
2286,76,21
2286,77,104
2286,78,774
2286,79,168
2286,80,238
2287,41,961
2287,42,621
2287,43,243
2287,44,74
2287,45,72
2287,46,131
2287,47,71
2287,48,71
2287,49,40
2287,50,4
2287,51,959
2287,52,70
2287,53,107
2287,54,9
2287,55,74
2287,56,137
2287,57,299
2287,58,429
2287,59,421
2287,60,389
2287,61,479
2287,62,972
2287,63,108
2287,64,326
2287,65,73
2287,66,40
2287,67,580
2287,68,99
2287,69,74
2287,70,39
2287,71,102
2287,72,100
2287,73,326
2287,74,5
2287,75,492
2287,76,3
2287,77,3
2287,78,3
2287,79,67
2287,80,331
2288,41,796
2288,42,884
2288,43,702
2288,44,704
2288,45,799
2288,46,274
2288,47,813
2288,48,238
2288,49,756
2288,50,76
2288,51,790
2288,52,726
2288,53,791
2288,54,704
2288,55,763
2288,56,634
2288,57,830
2288,58,896
2288,59,667
2288,60,765
2288,61,759
2288,62,965
2288,63,634
2288,64,960
2288,65,953
2288,66,703
2288,67,766
2288,68,732
2288,69,928
2288,70,633
2288,71,388
2288,72,698
2288,73,798
2288,74,794
2288,75,825
2288,76,204
2288,77,794
2288,78,885
2288,79,703
2288,80,703
2289,41,343
2289,42,526
2289,43,471
2289,44,474
2289,45,497
2289,46,470
2289,47,470
2289,48,435
2289,49,434
2289,50,279
2289,51,306
2289,52,336
2289,53,306
2289,54,163
2289,55,99
2289,56,560
2289,57,70
2289,58,277
2289,59,173
2289,60,404
2289,61,281
2289,62,382
2289,63,92
2289,64,424
2289,65,60
2289,66,658
2289,67,505
2289,68,91
2289,69,184
2289,70,153
2289,71,246
2289,72,271
2289,73,122
2289,74,129
2289,75,275
2289,76,953
2289,77,926
2289,78,7
2289,79,71
2289,80,139
2290,41,192
2290,42,689
2290,43,478
2290,44,478
2290,45,440
2290,46,684
2290,47,536
2290,48,437
2290,49,169
2290,50,468
2290,51,562
2290,52,596
2290,53,596
2290,54,535
2290,55,563
2290,56,499
2290,57,593
2290,58,620
2290,59,521
2290,60,649
2290,61,1002
2290,62,2
2290,63,634
2290,64,665
2290,65,665
2290,66,666
2290,67,863
2290,68,601
2290,69,536
2290,70,598
2290,71,536
2290,72,15
2290,73,584
2290,74,238
2290,75,438
2290,76,236
2290,77,236
2290,78,361
2290,79,359
2290,80,453
2291,41,716
2291,42,294
2291,43,36
2291,44,132
2291,45,367
2291,46,36
2291,47,72
2291,48,70
2291,49,390
2291,50,427
2291,51,428
2291,52,466
2291,53,470
2291,54,434
2291,55,337
2291,56,342
2291,57,536
2291,58,374
2291,59,307
2291,60,620
2291,61,652
2291,62,924
2291,63,164
2291,64,131
2291,65,1
2291,66,397
2291,67,306
2291,68,138
2291,69,76
2291,70,78
2291,71,110
2291,72,237
2291,73,363
2291,74,461
2291,75,470
2291,76,470
2291,77,472
2291,78,476
2291,79,662
2291,80,757
2292,41,267
2292,42,948
2292,43,167
2292,44,513
2292,45,472
2292,46,164
2292,47,530
2292,48,558
2292,49,557
2292,50,173
2292,51,679
2292,52,555
2292,53,649
2292,54,555
2292,55,650
2292,56,619
2292,57,628
2292,58,685
2292,59,609
2292,60,627
2292,61,439
2292,62,84
2292,63,782
2292,64,237
2292,65,953
2292,66,142
2292,67,111
2292,68,871
2292,69,183
2292,70,153
2292,71,154
2292,72,60
2292,73,54
2292,74,21
2292,75,669
2292,76,86
2292,77,152
2292,78,118
2292,79,876
2292,80,142
2293,41,218
2293,42,167
2293,43,480
2293,44,608
2293,45,478
2293,46,480
2293,47,410
2293,48,766
2293,49,509
2293,50,276
2293,51,464
2293,52,961
2293,53,214
2293,54,775
2293,55,725
2293,56,153
2293,57,59
2293,58,59
2293,59,28
2293,60,59
2293,61,936
2293,62,568
2293,63,478
2293,64,376
2293,65,20
2293,66,538
2293,67,540
2293,68,603
2293,69,550
2293,70,410
2293,71,410
2293,72,607
2293,73,538
2293,74,281
2293,75,389
2293,76,117
2293,77,183
2293,78,117
2293,79,577
2293,80,84
2294,41,255
2294,42,534
2294,43,616
2294,44,27
2294,45,840
2294,46,966
2294,47,716
2294,48,711
2294,49,777
2294,50,213
2294,51,552
2294,52,809
2294,53,678
2294,54,649
2294,55,528
2294,56,596
2294,57,435
2294,58,29
2294,59,466
2294,60,467
2294,61,1014
2294,62,995
2294,63,712
2294,64,970
2294,65,612
2294,66,587
2294,67,559
2294,68,468
2294,69,626
2294,70,657
2294,71,660
2294,72,318
2294,73,755
2294,74,880
2294,75,848
2294,76,1006
2294,77,681
2294,78,2
2294,79,808
2294,80,966
2295,41,1019
2295,42,527
2295,43,183
2295,44,377
2295,45,313
2295,46,477
2295,47,608
2295,48,443
2295,49,474
2295,50,640
2295,51,607
2295,52,637
2295,53,637
2295,54,637
2295,55,708
2295,56,575
2295,57,637
2295,58,540
2295,59,543
2295,60,539
2295,61,1016
2295,62,833
2295,63,248
2295,64,748
2295,65,248
2295,66,364
2295,67,632
2295,68,695
2295,69,508
2295,70,568
2295,71,630
2295,72,596
2295,73,613
2295,74,564
2295,75,438
2295,76,97
2295,77,238
2295,78,662
2295,79,879
2295,80,787
2296,41,161
2296,42,37
2296,43,574
2296,44,506
2296,45,506
2296,46,564
2296,47,597
2296,48,688
2296,49,623
2296,50,657
2296,51,627
2296,52,626
2296,53,626
2296,54,630
2296,55,596
2296,56,786
2296,57,566
2296,58,598
2296,59,693
2296,60,600
2296,61,746
2296,62,289
2296,63,254
2296,64,255
2296,65,409
2296,66,541
2296,67,542
2296,68,607
2296,69,604
2296,70,442
2296,71,61
2296,72,909
2296,73,633
2296,74,536
2296,75,888
2296,76,596
2296,77,598
2296,78,818
2296,79,789
2296,80,789
2297,41,865
2297,42,303
2297,43,600
2297,44,568
2297,45,600
2297,46,793
2297,47,633
2297,48,600
2297,49,281
2297,50,665
2297,51,666
2297,52,888
2297,53,825
2297,54,856
2297,55,859
2297,56,419
2297,57,794
2297,58,791
2297,59,104
2297,60,704
2297,61,239
2297,62,493
2297,63,863
2297,64,294
2297,65,570
2297,66,863
2297,67,570
2297,68,506
2297,69,633
2297,70,16
2297,71,193
2297,72,759
2297,73,989
2297,74,890
2297,75,951
2297,76,920
2297,77,951
2297,78,823
2297,79,825
2297,80,794
2298,41,847
2298,42,294
2298,43,392
2298,44,127
2298,45,493
2298,46,619
2298,47,617
2298,48,616
2298,49,35
2298,50,750
2298,51,427
2298,52,366
2298,53,468
2298,54,430
2298,55,139
2298,56,578
2298,57,450
2298,58,423
2298,59,594
2298,60,451
2298,61,472
2298,62,105
2298,63,385
2298,64,385
2298,65,322
2298,66,131
2298,67,99
2298,68,161
2298,69,135
2298,70,326
2298,71,326
2298,72,326
2298,73,295
2298,74,101
2298,75,104
2298,76,467
2298,77,1
2298,78,37
2298,79,104
2298,80,514
2299,41,880
2299,42,4
2299,43,486
2299,44,12
2299,45,12
2299,46,12
2299,47,75
2299,48,110
2299,49,113
2299,50,147
2299,51,115
2299,52,81
2299,53,79
2299,54,237
2299,55,781
2299,56,365
2299,57,741
2299,58,370
2299,59,306
2299,60,470
2299,61,979
2299,62,682
2299,63,115
2299,64,147
2299,65,179
2299,66,19
2299,67,48
2299,68,49
2299,69,113
2299,70,710
2299,71,76
2299,72,108
2299,73,639
2299,74,720
2299,75,12
2299,76,204
2299,77,642
2299,78,472
2299,79,475
2299,80,542
2300,41,413
2300,42,109
2300,43,156
2300,44,250
2300,45,118
2300,46,993
2300,47,86
2300,48,51
2300,49,86
2300,50,54
2300,51,822
2300,52,118
2300,53,151
2300,54,22
2300,55,118
2300,56,118
2300,57,244
2300,58,55
2300,59,152
2300,60,182
2300,61,883
2300,62,833
2300,63,487
2300,64,186
2300,65,187
2300,66,26
2300,67,59
2300,68,92
2300,69,29
2300,70,60
2300,71,65
2300,72,63
2300,73,660
2300,74,125
2300,75,28
2300,76,72
2300,77,32
2300,78,60
2300,79,744
2300,80,60
2301,41,809
2301,42,937
2301,43,505
2301,44,393
2301,45,403
2301,46,691
2301,47,409
2301,48,376
2301,49,466
2301,50,395
2301,51,335
2301,52,270
2301,53,37
2301,54,807
2301,55,163
2301,56,280
2301,57,374
2301,58,345
2301,59,473
2301,60,439
2301,61,758
2301,62,148
2301,63,672
2301,64,480
2301,65,376
2301,66,881
2301,67,476
2301,68,921
2301,69,468
2301,70,421
2301,71,233
2301,72,297
2301,73,236
2301,74,169
2301,75,271
2301,76,366
2301,77,832
2301,78,365
2301,79,306
2301,80,278
2302,41,581
2302,42,364
2302,43,429
2302,44,529
2302,45,119
2302,46,439
2302,47,406
2302,48,436
2302,49,468
2302,50,432
2302,51,562
2302,52,237
2302,53,340
2302,54,432
2302,55,224
2302,56,390
2302,57,296
2302,58,552
2302,59,426
2302,60,845
2302,61,35
2302,62,371
2302,63,431
2302,64,449
2302,65,227
2302,66,354
2302,67,395
2302,68,356
2302,69,323
2302,70,568
2302,71,942
2302,72,3
2302,73,814
2302,74,33
2302,75,35
2302,76,70
2302,77,276
2302,78,374
2302,79,309
2302,80,440
2303,41,335
2303,42,706
2303,43,37
2303,44,67
2303,45,70
2303,46,3
2303,47,761
2303,48,35
2303,49,3
2303,50,457
2303,51,40
2303,52,102
2303,53,71
2303,54,3
2303,55,195
2303,56,100
2303,57,100
2303,58,67
2303,59,134
2303,60,36
2303,61,877
2303,62,148
2303,63,487
2303,64,394
2303,65,269
2303,66,367
2303,67,362
2303,68,290
2303,69,362
2303,70,366
2303,71,934
2303,72,512
2303,73,426
2303,74,428
2303,75,427
2303,76,366
2303,77,425
2303,78,324
2303,79,417
2303,80,426
2304,41,36
2304,42,107
2304,43,479
2304,44,977
2304,45,2
2304,46,70
2304,47,35
2304,48,35
2304,49,35
2304,50,100
2304,51,65
2304,52,35
2304,53,35
2304,54,35
2304,55,35
2304,56,33
2304,57,699
2304,58,35
2304,59,36
2304,60,3
2304,61,351
2304,62,624
2304,63,669
2304,64,78
2304,65,79
2304,66,50
2304,67,51
2304,68,109
2304,69,75
2304,70,110
2304,71,249
2304,72,143
2304,73,212
2304,74,75
2304,75,181
2304,76,213
2304,77,278
2304,78,85
2304,79,335
2304,80,144
2305,41,75
2305,42,787
2305,43,150
2305,44,115
2305,45,50
2305,46,81
2305,47,211
2305,48,110
2305,49,212
2305,50,84
2305,51,147
2305,52,82
2305,53,82
2305,54,110
2305,55,79
2305,56,81
2305,57,366
2305,58,794
2305,59,178
2305,60,211
2305,61,766
2305,62,509
2305,63,478
2305,64,448
2305,65,384
2305,66,956
2305,67,416
2305,68,415
2305,69,380
2305,70,378
2305,71,285
2305,72,346
2305,73,215
2305,74,18
2305,75,18
2305,76,81
2305,77,181
2305,78,209
2305,79,110
2305,80,84
2306,41,944
2306,42,800
2306,43,34
2306,44,36
2306,45,69
2306,46,48
2306,47,557
2306,48,69
2306,49,101
2306,50,101
2306,51,68
2306,52,68
2306,53,68
2306,54,137
2306,55,263
2306,56,3
2306,57,575
2306,58,70
2306,59,73
2306,60,107
2306,61,515
2306,62,409
2306,63,70
2306,64,795
2306,65,40
2306,66,528
2306,67,81
2306,68,69
2306,69,69
2306,70,101
2306,71,101
2306,72,101
2306,73,101
2306,74,689
2306,75,68
2306,76,295
2306,77,232
2306,78,167
2306,79,71
2306,80,863
2307,41,495
2307,42,824
2307,43,261
2307,44,943
2307,45,778
2307,46,708
2307,47,675
2307,48,775
2307,49,738
2307,50,738
2307,51,740
2307,52,838
2307,53,808
2307,54,339
2307,55,738
2307,56,513
2307,57,642
2307,58,229
2307,59,679
2307,60,679
2307,61,174
2307,62,6
2307,63,642
2307,64,610
2307,65,611
2307,66,613
2307,67,617
2307,68,681
2307,69,613
2307,70,611
2307,71,609
2307,72,839
2307,73,649
2307,74,618
2307,75,649
2307,76,678
2307,77,678
2307,78,986
2307,79,580
2307,80,4
2308,41,459
2308,42,871
2308,43,113
2308,44,980
2308,45,8
2308,46,51
2308,47,85
2308,48,85
2308,49,538
2308,50,84
2308,51,215
2308,52,245
2308,53,246
2308,54,438
2308,55,311
2308,56,230
2308,57,565
2308,58,532
2308,59,898
2308,60,812
2308,61,529
2308,62,894
2308,63,242
2308,64,209
2308,65,208
2308,66,303
2308,67,335
2308,68,303
2308,69,303
2308,70,303
2308,71,79
2308,72,926
2308,73,78
2308,74,241
2308,75,975
2308,76,181
2308,77,533
2308,78,178
2308,79,146
2308,80,115
2309,41,497
2309,42,867
2309,43,621
2309,44,934
2309,45,755
2309,46,725
2309,47,849
2309,48,601
2309,49,725
2309,50,756
2309,51,584
2309,52,233
2309,53,567
2309,54,797
2309,55,633
2309,56,600
2309,57,634
2309,58,569
2309,59,633
2309,60,698
2309,61,532
2309,62,471
2309,63,874
2309,64,809
2309,65,842
2309,66,731
2309,67,456
2309,68,622
2309,69,756
2309,70,713
2309,71,456
2309,72,808
2309,73,810
2309,74,552
2309,75,586
2309,76,559
2309,77,569
2309,78,530
2309,79,562
2309,80,529
2310,41,543
2310,42,586
2310,43,359
2310,44,295
2310,45,295
2310,46,844
2310,47,200
2310,48,358
2310,49,200
2310,50,264
2310,51,3
2310,52,39
2310,53,39
2310,54,135
2310,55,264
2310,56,167
2310,57,295
2310,58,295
2310,59,295
2310,60,295
2310,61,918
2310,62,206
2310,63,85
2310,64,85
2310,65,215
2310,66,52
2310,67,85
2310,68,336
2310,69,83
2310,70,83
2310,71,569
2310,72,873
2310,73,83
2310,74,747
2310,75,149
2310,76,85
2310,77,20
2310,78,20
2310,79,215
2310,80,116
2311,41,879
2311,42,907
2311,43,203
2311,44,306
2311,45,393
2311,46,389
2311,47,391
2311,48,327
2311,49,456
2311,50,488
2311,51,388
2311,52,619
2311,53,623
2311,54,737
2311,55,362
2311,56,464
2311,57,991
2311,58,562
2311,59,530
2311,60,596
2311,61,216
2311,62,433
2311,63,333
2311,64,497
2311,65,562
2311,66,497
2311,67,525
2311,68,30
2311,69,423
2311,70,436
2311,71,425
2311,72,420
2311,73,484
2311,74,422
2311,75,331
2311,76,236
2311,77,788
2311,78,47
2311,79,271
2311,80,726
2312,41,898
2312,42,595
2312,43,272
2312,44,336
2312,45,649
2312,46,304
2312,47,395
2312,48,356
2312,49,520
2312,50,502
2312,51,530
2312,52,937
2312,53,51
2312,54,812
2312,55,781
2312,56,781
2312,57,738
2312,58,972
2312,59,998
2312,60,904
2312,61,332
2312,62,364
2312,63,10
2312,64,10
2312,65,10
2312,66,10
2312,67,10
2312,68,12
2312,69,204
2312,70,205
2312,71,273
2312,72,113
2312,73,146
2312,74,273
2312,75,212
2312,76,51
2312,77,212
2312,78,417
2312,79,403
2312,80,182
2313,41,245
2313,42,943
2313,43,274
2313,44,179
2313,45,136
2313,46,52
2313,47,85
2313,48,215
2313,49,279
2313,50,279
2313,51,310
2313,52,311
2313,53,311
2313,54,307
2313,55,305
2313,56,285
2313,57,470
2313,58,771
2313,59,665
2313,60,662
2313,61,129
2313,62,894
2313,63,166
2313,64,2
2313,65,33
2313,66,995
2313,67,33
2313,68,67
2313,69,842
2313,70,291
2313,71,886
2313,72,435
2313,73,33
2313,74,727
2313,75,35
2313,76,34
2313,77,92
2313,78,36
2313,79,131
2313,80,389
2314,41,420
2314,42,924
2314,43,713
2314,44,842
2314,45,809
2314,46,872
2314,47,874
2314,48,713
2314,49,530
2314,50,558
2314,51,558
2314,52,471
2314,53,525
2314,54,472
2314,55,474
2314,56,377
2314,57,409
2314,58,699
2314,59,732
2314,60,700
2314,61,888
2314,62,723
2314,63,809
2314,64,616
2314,65,713
2314,66,587
2314,67,555
2314,68,584
2314,69,359
2314,70,894
2314,71,327
2314,72,456
2314,73,199
2314,74,748
2314,75,584
2314,76,616
2314,77,650
2314,78,401
2314,79,82
2314,80,313
2315,41,582
2315,42,364
2315,43,69
2315,44,280
2315,45,69
2315,46,69
2315,47,69
2315,48,69
2315,49,69
2315,50,69
2315,51,69
2315,52,1014
2315,53,69
2315,54,133
2315,55,542
2315,56,390
2315,57,289
2315,58,355
2315,59,357
2315,60,603
2315,61,819
2315,62,710
2315,63,69
2315,64,69
2315,65,69
2315,66,69
2315,67,534
2315,68,69
2315,69,3
2315,70,4
2315,71,551
2315,72,291
2315,73,99
2315,74,5
2315,75,100
2315,76,100
2315,77,417
2315,78,99
2315,79,322
2315,80,601
2316,41,798
2316,42,654
2316,43,539
2316,44,444
2316,45,751
2316,46,479
2316,47,292
2316,48,255
2316,49,255
2316,50,284
2316,51,346
2316,52,760
2316,53,149
2316,54,150
2316,55,895
2316,56,182
2316,57,467
2316,58,20
2316,59,476
2316,60,476
2316,61,191
2316,62,4
2316,63,67
2316,64,608
2316,65,475
2316,66,444
2316,67,720
2316,68,544
2316,69,542
2316,70,544
2316,71,543
2316,72,963
2316,73,539
2316,74,544
2316,75,41
2316,76,248
2316,77,169
2316,78,182
2316,79,313
2316,80,420
2317,41,533
2317,42,388
2317,43,170
2317,44,289
2317,45,289
2317,46,323
2317,47,323
2317,48,53
2317,49,713
2317,50,98
2317,51,636
2317,52,714
2317,53,617
2317,54,684
2317,55,809
2317,56,905
2317,57,997
2317,58,985
2317,59,843
2317,60,960
2317,61,494
2317,62,802
2317,63,167
2317,64,102
2317,65,297
2317,66,201
2317,67,264
2317,68,5
2317,69,35
2317,70,803
2317,71,99
2317,72,101
2317,73,570
2317,74,167
2317,75,134
2317,76,104
2317,77,454
2317,78,453
2317,79,999
2317,80,8
2318,41,258
2318,42,706
2318,43,336
2318,44,362
2318,45,366
2318,46,249
2318,47,272
2318,48,304
2318,49,805
2318,50,361
2318,51,393
2318,52,392
2318,53,733
2318,54,780
2318,55,260
2318,56,395
2318,57,338
2318,58,264
2318,59,813
2318,60,232
2318,61,645
2318,62,754
2318,63,974
2318,64,505
2318,65,600
2318,66,439
2318,67,505
2318,68,745
2318,69,275
2318,70,336
2318,71,677
2318,72,390
2318,73,357
2318,74,357
2318,75,357
2318,76,474
2318,77,195
2318,78,354
2318,79,354
2318,80,354
2319,41,207
2319,42,39
2319,43,609
2319,44,71
2319,45,973
2319,46,596
2319,47,53
2319,48,663
2319,49,894
2319,50,754
2319,51,499
2319,52,376
2319,53,469
2319,54,928
2319,55,598
2319,56,724
2319,57,693
2319,58,535
2319,59,601
2319,60,569
2319,61,926
2319,62,56
2319,63,633
2319,64,10
2319,65,566
2319,66,558
2319,67,712
2319,68,682
2319,69,851
2319,70,748
2319,71,175
2319,72,262
2319,73,622
2319,74,614
2319,75,517
2319,76,224
2319,77,456
2319,78,391
2319,79,295
2319,80,294
2320,41,437
2320,42,185
2320,43,218
2320,44,283
2320,45,218
2320,46,218
2320,47,91
2320,48,102
2320,49,756
2320,50,216
2320,51,216
2320,52,59
2320,53,26
2320,54,25
2320,55,59
2320,56,26
2320,57,28
2320,58,94
2320,59,29
2320,60,247
2320,61,787
2320,62,59
2320,63,378
2320,64,84
2320,65,116
2320,66,248
2320,67,182
2320,68,279
2320,69,280
2320,70,311
2320,71,343
2320,72,343
2320,73,276
2320,74,343
2320,75,506
2320,76,342
2320,77,277
2320,78,743
2320,79,563
2320,80,587
2321,41,818
2321,42,105
2321,43,96
2321,44,561
2321,45,561
2321,46,436
2321,47,555
2321,48,556
2321,49,556
2321,50,556
2321,51,556
2321,52,556
2321,53,556
2321,54,493
2321,55,557
2321,56,365
2321,57,493
2321,58,915
2321,59,67
2321,60,585
2321,61,806
2321,62,429
2321,63,530
2321,64,467
2321,65,434
2321,66,434
2321,67,437
2321,68,582
2321,69,341
2321,70,342
2321,71,275
2321,72,342
2321,73,307
2321,74,121
2321,75,3
2321,76,158
2321,77,71
2321,78,136
2321,79,37
2321,80,102
2322,41,766
2322,42,824
2322,43,974
2322,44,683
2322,45,488
2322,46,616
2322,47,259
2322,48,323
2322,49,450
2322,50,449
2322,51,386
2322,52,385
2322,53,163
2322,54,354
2322,55,417
2322,56,923
2322,57,978
2322,58,587
2322,59,481
2322,60,421
2322,61,205
2322,62,503
2322,63,345
2322,64,338
2322,65,354
2322,66,99
2322,67,67
2322,68,129
2322,69,129
2322,70,161
2322,71,163
2322,72,385
2322,73,930
2322,74,307
2322,75,328
2322,76,238
2322,77,276
2322,78,364
2322,79,224
2322,80,268
2323,41,1001
2323,42,33
2323,43,713
2323,44,387
2323,45,194
2323,46,580
2323,47,707
2323,48,612
2323,49,647
2323,50,679
2323,51,619
2323,52,620
2323,53,460
2323,54,366
2323,55,366
2323,56,393
2323,57,422
2323,58,264
2323,59,167
2323,60,137
2323,61,354
2323,62,129
2323,63,71
2323,64,101
2323,65,101
2323,66,400
2323,67,165
2323,68,163
2323,69,102
2323,70,70
2323,71,35
2323,72,408
2323,73,3
2323,74,336
2323,75,69
2323,76,103
2323,77,611
2323,78,268
2323,79,336
2323,80,336
2324,41,779
2324,42,917
2324,43,313
2324,44,313
2324,45,313
2324,46,987
2324,47,155
2324,48,509
2324,49,929
2324,50,315
2324,51,977
2324,52,543
2324,53,279
2324,54,350
2324,55,573
2324,56,451
2324,57,505
2324,58,505
2324,59,409
2324,60,441
2324,61,821
2324,62,649
2324,63,279
2324,64,84
2324,65,280
2324,66,528
2324,67,217
2324,68,307
2324,69,311
2324,70,375
2324,71,342
2324,72,546
2324,73,342
2324,74,273
2324,75,420
2324,76,616
2324,77,274
2324,78,274
2324,79,755
2324,80,707
2325,41,513
2325,42,222
2325,43,266
2325,44,289
2325,45,389
2325,46,259
2325,47,449
2325,48,291
2325,49,391
2325,50,367
2325,51,72
2325,52,335
2325,53,306
2325,54,861
2325,55,243
2325,56,243
2325,57,243
2325,58,769
2325,59,243
2325,60,900
2325,61,365
2325,62,475
2325,63,80
2325,64,79
2325,65,115
2325,66,52
2325,67,52
2325,68,248
2325,69,20
2325,70,421
2325,71,819
2325,72,215
2325,73,52
2325,74,276
2325,75,362
2325,76,362
2325,77,395
2325,78,749
2325,79,452
2325,80,276
2326,41,97
2326,42,818
2326,43,403
2326,44,286
2326,45,724
2326,46,848
2326,47,112
2326,48,911
2326,49,1004
2326,50,1001
2326,51,552
2326,52,12
2326,53,1001
2326,54,1001
2326,55,1006
2326,56,879
2326,57,340
2326,58,323
2326,59,879
2326,60,879
2326,61,388
2326,62,905
2326,63,786
2326,64,974
2326,65,1003
2326,66,1002
2326,67,1002
2326,68,1006
2326,69,848
2326,70,987
2326,71,880
2326,72,284
2326,73,848
2326,74,724
2326,75,693
2326,76,598
2326,77,597
2326,78,533
2326,79,661
2326,80,802
2327,41,793
2327,42,415
2327,43,359
2327,44,18
2327,45,324
2327,46,146
2327,47,142
2327,48,81
2327,49,115
2327,50,145
2327,51,289
2327,52,558
2327,53,112
2327,54,102
2327,55,79
2327,56,47
2327,57,324
2327,58,109
2327,59,73
2327,60,106
2327,61,251
2327,62,1013
2327,63,40
2327,64,214
2327,65,211
2327,66,64
2327,67,50
2327,68,259
2327,69,146
2327,70,75
2327,71,76
2327,72,74
2327,73,39
2327,74,8
2327,75,676
2327,76,71
2327,77,198
2327,78,20
2327,79,198
2327,80,102
2328,41,913
2328,42,482
2328,43,102
2328,44,421
2328,45,718
2328,46,391
2328,47,357
2328,48,323
2328,49,323
2328,50,358
2328,51,200
2328,52,616
2328,53,615
2328,54,915
2328,55,681
2328,56,294
2328,57,808
2328,58,773
2328,59,806
2328,60,808
2328,61,826
2328,62,150
2328,63,335
2328,64,29
2328,65,60
2328,66,91
2328,67,526
2328,68,60
2328,69,93
2328,70,127
2328,71,127
2328,72,159
2328,73,91
2328,74,122
2328,75,184
2328,76,368
2328,77,1024
2328,78,104
2328,79,84
2328,80,184
2329,41,301
2329,42,903
2329,43,249
2329,44,812
2329,45,657
2329,46,657
2329,47,781
2329,48,715
2329,49,718
2329,50,622
2329,51,938
2329,52,650
2329,53,679
2329,54,678
2329,55,681
2329,56,809
2329,57,585
2329,58,618
2329,59,214
2329,60,532
2329,61,523
2329,62,45
2329,63,536
2329,64,505
2329,65,473
2329,66,149
2329,67,565
2329,68,115
2329,69,111
2329,70,335
2329,71,275
2329,72,406
2329,73,343
2329,74,97
2329,75,378
2329,76,410
2329,77,603
2329,78,408
2329,79,342
2329,80,276
2330,41,665
2330,42,189
2330,43,506
2330,44,534
2330,45,532
2330,46,532
2330,47,534
2330,48,532
2330,49,597
2330,50,168
2330,51,813
2330,52,935
2330,53,809
2330,54,809
2330,55,684
2330,56,649
2330,57,139
2330,58,649
2330,59,681
2330,60,745
2330,61,434
2330,62,691
2330,63,274
2330,64,402
2330,65,397
2330,66,237
2330,67,268
2330,68,171
2330,69,331
2330,70,351
2330,71,148
2330,72,174
2330,73,237
2330,74,244
2330,75,114
2330,76,598
2330,77,243
2330,78,694
2330,79,237
2330,80,204
2331,41,841
2331,42,773
2331,43,290
2331,44,355
2331,45,322
2331,46,417
2331,47,513
2331,48,738
2331,49,740
2331,50,707
2331,51,333
2331,52,568
2331,53,743
2331,54,805
2331,55,703
2331,56,674
2331,57,706
2331,58,545
2331,59,378
2331,60,367
2331,61,1002
2331,62,541
2331,63,170
2331,64,75
2331,65,44
2331,66,12
2331,67,76
2331,68,496
2331,69,439
2331,70,13
2331,71,691
2331,72,75
2331,73,172
2331,74,138
2331,75,109
2331,76,614
2331,77,268
2331,78,268
2331,79,39
2331,80,271
2332,41,667
2332,42,405
2332,43,859
2332,44,699
2332,45,699
2332,46,692
2332,47,758
2332,48,789
2332,49,821
2332,50,383
2332,51,966
2332,52,790
2332,53,758
2332,54,730
2332,55,731
2332,56,870
2332,57,182
2332,58,117
2332,59,859
2332,60,732
2332,61,639
2332,62,748
2332,63,832
2332,64,831
2332,65,893
2332,66,893
2332,67,861
2332,68,892
2332,69,920
2332,70,952
2332,71,952
2332,72,765
2332,73,358
2332,74,724
2332,75,699
2332,76,888
2332,77,825
2332,78,856
2332,79,950
2332,80,856
2333,41,361
2333,42,616
2333,43,292
2333,44,855
2333,45,227
2333,46,227
2333,47,227
2333,48,163
2333,49,168
2333,50,167
2333,51,86
2333,52,327
2333,53,134
2333,54,264
2333,55,358
2333,56,524
2333,57,485
2333,58,857
2333,59,486
2333,60,486
2333,61,463
2333,62,436
2333,63,195
2333,64,3
2333,65,69
2333,66,68
2333,67,162
2333,68,195
2333,69,543
2333,70,109
2333,71,259
2333,72,99
2333,73,843
2333,74,540
2333,75,101
2333,76,607
2333,77,37
2333,78,265
2333,79,649
2333,80,264
2334,41,791
2334,42,537
2334,43,444
2334,44,542
2334,45,607
2334,46,605
2334,47,540
2334,48,574
2334,49,544
2334,50,608
2334,51,568
2334,52,544
2334,53,544
2334,54,509
2334,55,575
2334,56,638
2334,57,854
2334,58,602
2334,59,602
2334,60,604
2334,61,502
2334,62,655
2334,63,973
2334,64,97
2334,65,835
2334,66,1006
2334,67,261
2334,68,814
2334,69,595
2334,70,599
2334,71,634
2334,72,635
2334,73,863
2334,74,863
2334,75,992
2334,76,830
2334,77,570
2334,78,602
2334,79,574
2334,80,604
2335,41,370
2335,42,818
2335,43,16
2335,44,16
2335,45,109
2335,46,75
2335,47,142
2335,48,596
2335,49,75
2335,50,108
2335,51,75
2335,52,43
2335,53,75
2335,54,25
2335,55,113
2335,56,73
2335,57,109
2335,58,111
2335,59,111
2335,60,111
2335,61,695
2335,62,132
2335,63,949
2335,64,537
2335,65,437
2335,66,499
2335,67,530
2335,68,586
2335,69,682
2335,70,424
2335,71,526
2335,72,470
2335,73,471
2335,74,472
2335,75,539
2335,76,538
2335,77,634
2335,78,569
2335,79,537
2335,80,538
2336,41,255
2336,42,958
2336,43,247
2336,44,90
2336,45,123
2336,46,60
2336,47,123
2336,48,152
2336,49,1007
2336,50,27
2336,51,153
2336,52,974
2336,53,22
2336,54,310
2336,55,532
2336,56,597
2336,57,666
2336,58,935
2336,59,695
2336,60,727
2336,61,424
2336,62,310
2336,63,154
2336,64,216
2336,65,184
2336,66,184
2336,67,216
2336,68,242
2336,69,60
2336,70,935
2336,71,184
2336,72,153
2336,73,28
2336,74,184
2336,75,1019
2336,76,540
2336,77,606
2336,78,607
2336,79,782
2336,80,443
2337,41,981
2337,42,511
2337,43,975
2337,44,685
2337,45,686
2337,46,810
2337,47,713
2337,48,684
2337,49,520
2337,50,557
2337,51,589
2337,52,16
2337,53,1009
2337,54,45
2337,55,467
2337,56,426
2337,57,453
2337,58,368
2337,59,1021
2337,60,960
2337,61,728
2337,62,459
2337,63,770
2337,64,619
2337,65,679
2337,66,647
2337,67,707
2337,68,1005
2337,69,422
2337,70,419
2337,71,421
2337,72,425
2337,73,533
2337,74,593
2337,75,529
2337,76,55
2337,77,431
2337,78,427
2337,79,396
2337,80,460
2338,41,886
2338,42,126
2338,43,344
2338,44,406
2338,45,505
2338,46,408
2338,47,440
2338,48,439
2338,49,504
2338,50,695
2338,51,756
2338,52,598
2338,53,418
2338,54,495
2338,55,112
2338,56,603
2338,57,607
2338,58,575
2338,59,479
2338,60,480
2338,61,154
2338,62,958
2338,63,470
2338,64,467
2338,65,499
2338,66,531
2338,67,402
2338,68,555
2338,69,509
2338,70,603
2338,71,354
2338,72,596
2338,73,470
2338,74,504
2338,75,344
2338,76,437
2338,77,276
2338,78,342
2338,79,411
2338,80,476
2339,41,398
2339,42,513
2339,43,505
2339,44,312
2339,45,310
2339,46,417
2339,47,182
2339,48,182
2339,49,508
2339,50,181
2339,51,209
2339,52,403
2339,53,530
2339,54,193
2339,55,37
2339,56,874
2339,57,810
2339,58,874
2339,59,812
2339,60,810
2339,61,631
2339,62,389
2339,63,365
2339,64,433
2339,65,335
2339,66,338
2339,67,374
2339,68,391
2339,69,357
2339,70,429
2339,71,421
2339,72,421
2339,73,350
2339,74,578
2339,75,630
2339,76,513
2339,77,707
2339,78,545
2339,79,425
2339,80,454
2340,41,353
2340,42,551
2340,43,315
2340,44,378
2340,45,284
2340,46,879
2340,47,84
2340,48,255
2340,49,378
2340,50,890
2340,51,222
2340,52,255
2340,53,527
2340,54,283
2340,55,283
2340,56,94
2340,57,63
2340,58,125
2340,59,125
2340,60,63
2340,61,497
2340,62,981
2340,63,315
2340,64,268
2340,65,729
2340,66,123
2340,67,567
2340,68,929
2340,69,763
2340,70,441
2340,71,315
2340,72,377
2340,73,344
2340,74,344
2340,75,346
2340,76,345
2340,77,589
2340,78,313
2340,79,506
2340,80,251
2341,41,499
2341,42,101
2341,43,152
2341,44,152
2341,45,22
2341,46,976
2341,47,55
2341,48,22
2341,49,152
2341,50,152
2341,51,118
2341,52,152
2341,53,152
2341,54,118
2341,55,152
2341,56,152
2341,57,152
2341,58,152
2341,59,152
2341,60,152
2341,61,425
2341,62,222
2341,63,55
2341,64,118
2341,65,152
2341,66,152
2341,67,118
2341,68,118
2341,69,762
2341,70,118
2341,71,152
2341,72,811
2341,73,666
2341,74,54
2341,75,54
2341,76,54
2341,77,131
2341,78,152
2341,79,152
2341,80,152
2342,41,158
2342,42,663
2342,43,144
2342,44,895
2342,45,274
2342,46,143
2342,47,208
2342,48,176
2342,49,211
2342,50,274
2342,51,274
2342,52,327
2342,53,146
2342,54,278
2342,55,242
2342,56,439
2342,57,408
2342,58,632
2342,59,632
2342,60,665
2342,61,119
2342,62,235
2342,63,143
2342,64,153
2342,65,276
2342,66,335
2342,67,1008
2342,68,548
2342,69,389
2342,70,424
2342,71,450
2342,72,418
2342,73,449
2342,74,291
2342,75,831
2342,76,428
2342,77,423
2342,78,303
2342,79,211
2342,80,357
2343,41,641
2343,42,174
2343,43,561
2343,44,591
2343,45,557
2343,46,649
2343,47,66
2343,48,619
2343,49,557
2343,50,559
2343,51,677
2343,52,350
2343,53,619
2343,54,557
2343,55,894
2343,56,383
2343,57,680
2343,58,290
2343,59,676
2343,60,650
2343,61,1008
2343,62,551
2343,63,617
2343,64,95
2343,65,644
2343,66,612
2343,67,358
2343,68,613
2343,69,219
2343,70,144
2343,71,563
2343,72,750
2343,73,1000
2343,74,812
2343,75,875
2343,76,745
2343,77,842
2343,78,781
2343,79,156
2343,80,555
2344,41,353
2344,42,10
2344,43,616
2344,44,808
2344,45,800
2344,46,998
2344,47,711
2344,48,814
2344,49,904
2344,50,755
2344,51,968
2344,52,800
2344,53,874
2344,54,874
2344,55,966
2344,56,690
2344,57,867
2344,58,910
2344,59,868
2344,60,868
2344,61,619
2344,62,991
2344,63,638
2344,64,574
2344,65,265
2344,66,536
2344,67,601
2344,68,601
2344,69,863
2344,70,960
2344,71,396
2344,72,946
2344,73,474
2344,74,479
2344,75,477
2344,76,894
2344,77,443
2344,78,477
2344,79,575
2344,80,542
2345,41,913
2345,42,608
2345,43,245
2345,44,278
2345,45,247
2345,46,305
2345,47,84
2345,48,52
2345,49,281
2345,50,149
2345,51,281
2345,52,248
2345,53,313
2345,54,248
2345,55,182
2345,56,116
2345,57,865
2345,58,52
2345,59,181
2345,60,181
2345,61,350
2345,62,366
2345,63,180
2345,64,208
2345,65,786
2345,66,412
2345,67,409
2345,68,755
2345,69,280
2345,70,1022
2345,71,117
2345,72,582
2345,73,51
2345,74,115
2345,75,970
2345,76,177
2345,77,81
2345,78,113
2345,79,82
2345,80,82
2346,41,215
2346,42,591
2346,43,305
2346,44,104
2346,45,135
2346,46,397
2346,47,5
2346,48,610
2346,49,232
2346,50,295
2346,51,232
2346,52,359
2346,53,198
2346,54,294
2346,55,232
2346,56,294
2346,57,450
2346,58,421
2346,59,421
2346,60,452
2346,61,11
2346,62,297
2346,63,276
2346,64,934
2346,65,285
2346,66,346
2346,67,410
2346,68,344
2346,69,409
2346,70,441
2346,71,84
2346,72,117
2346,73,52
2346,74,248
2346,75,473
2346,76,444
2346,77,572
2346,78,409
2346,79,410
2346,80,182
2347,41,77
2347,42,859
2347,43,324
2347,44,417
2347,45,818
2347,46,417
2347,47,356
2347,48,391
2347,49,424
2347,50,552
2347,51,456
2347,52,180
2347,53,337
2347,54,38
2347,55,370
2347,56,274
2347,57,274
2347,58,365
2347,59,337
2347,60,492
2347,61,2
2347,62,777
2347,63,290
2347,64,1004
2347,65,392
2347,66,361
2347,67,366
2347,68,366
2347,69,502
2347,70,335
2347,71,365
2347,72,396
2347,73,338
2347,74,552
2347,75,682
2347,76,785
2347,77,716
2347,78,682
2347,79,683
2347,80,790
2348,41,712
2348,42,184
2348,43,854
2348,44,171
2348,45,545
2348,46,692
2348,47,756
2348,48,695
2348,49,692
2348,50,533
2348,51,757
2348,52,85
2348,53,786
2348,54,786
2348,55,284
2348,56,811
2348,57,855
2348,58,646
2348,59,818
2348,60,791
2348,61,141
2348,62,34
2348,63,666
2348,64,695
2348,65,639
2348,66,692
2348,67,879
2348,68,849
2348,69,955
2348,70,693
2348,71,662
2348,72,695
2348,73,632
2348,74,579
2348,75,788
2348,76,569
2348,77,569
2348,78,569
2348,79,858
2348,80,569
2349,41,749
2349,42,55
2349,43,426
2349,44,959
2349,45,71
2349,46,640
2349,47,34
2349,48,231
2349,49,231
2349,50,265
2349,51,660
2349,52,201
2349,53,34
2349,54,130
2349,55,868
2349,56,131
2349,57,948
2349,58,291
2349,59,417
2349,60,424
2349,61,50
2349,62,752
2349,63,743
2349,64,738
2349,65,737
2349,66,737
2349,67,737
2349,68,739
2349,69,739
2349,70,740
2349,71,513
2349,72,451
2349,73,483
2349,74,394
2349,75,268
2349,76,425
2349,77,292
2349,78,958
2349,79,323
2349,80,101
2350,41,158
2350,42,125
2350,43,109
2350,44,863
2350,45,70
2350,46,168
2350,47,169
2350,48,203
2350,49,374
2350,50,1011
2350,51,338
2350,52,281
2350,53,250
2350,54,185
2350,55,290
2350,56,410
2350,57,152
2350,58,21
2350,59,516
2350,60,215
2350,61,610
2350,62,726
2350,63,138
2350,64,513
2350,65,931
2350,66,172
2350,67,110
2350,68,115
2350,69,142
2350,70,1000
2350,71,272
2350,72,273
2350,73,472
2350,74,502
2350,75,780
2350,76,471
2350,77,503
2350,78,534
2350,79,503
2350,80,467
2351,41,645
2351,42,562
2351,43,473
2351,44,506
2351,45,687
2351,46,506
2351,47,602
2351,48,574
2351,49,117
2351,50,215
2351,51,52
2351,52,182
2351,53,681
2351,54,215
2351,55,215
2351,56,183
2351,57,94
2351,58,184
2351,59,60
2351,60,64
2351,61,590
2351,62,912
2351,63,700
2351,64,506
2351,65,762
2351,66,794
2351,67,760
2351,68,761
2351,69,703
2351,70,757
2351,71,293
2351,72,646
2351,73,409
2351,74,378
2351,75,281
2351,76,249
2351,77,830
2351,78,896
2351,79,830
2351,80,765
2352,41,246
2352,42,617
2352,43,856
2352,44,562
2352,45,825
2352,46,291
2352,47,302
2352,48,375
2352,49,408
2352,50,408
2352,51,410
2352,52,509
2352,53,608
2352,54,608
2352,55,955
2352,56,562
2352,57,393
2352,58,506
2352,59,570
2352,60,688
2352,61,522
2352,62,46
2352,63,149
2352,64,225
2352,65,761
2352,66,667
2352,67,831
2352,68,831
2352,69,992
2352,70,960
2352,71,832
2352,72,831
2352,73,832
2352,74,762
2352,75,538
2352,76,99
2352,77,667
2352,78,667
2352,79,504
2352,80,667
2353,41,871
2353,42,883
2353,43,275
2353,44,147
2353,45,212
2353,46,146
2353,47,178
2353,48,274
2353,49,342
2353,50,274
2353,51,336
2353,52,307
2353,53,365
2353,54,794
2353,55,983
2353,56,421
2353,57,269
2353,58,134
2353,59,359
2353,60,422
2353,61,244
2353,62,865
2353,63,533
2353,64,593
2353,65,626
2353,66,905
2353,67,812
2353,68,781
2353,69,904
2353,70,750
2353,71,595
2353,72,739
2353,73,943
2353,74,451
2353,75,740
2353,76,738
2353,77,837
2353,78,842
2353,79,564
2353,80,98
2354,41,885
2354,42,411
2354,43,619
2354,44,647
2354,45,613
2354,46,528
2354,47,563
2354,48,563
2354,49,557
2354,50,402
2354,51,370
2354,52,402
2354,53,361
2354,54,343
2354,55,309
2354,56,376
2354,57,104
2354,58,167
2354,59,71
2354,60,304
2354,61,64
2354,62,893
2354,63,616
2354,64,813
2354,65,684
2354,66,556
2354,67,556
2354,68,287
2354,69,556
2354,70,556
2354,71,752
2354,72,217
2354,73,559
2354,74,59
2354,75,619
2354,76,619
2354,77,617
2354,78,619
2354,79,621
2354,80,586
2355,41,220
2355,42,748
2355,43,391
2355,44,365
2355,45,337
2355,46,1019
2355,47,337
2355,48,338
2355,49,268
2355,50,424
2355,51,612
2355,52,520
2355,53,421
2355,54,355
2355,55,450
2355,56,450
2355,57,419
2355,58,453
2355,59,1001
2355,60,513
2355,61,811
2355,62,321
2355,63,167
2355,64,421
2355,65,121
2355,66,450
2355,67,460
2355,68,493
2355,69,331
2355,70,120
2355,71,452
2355,72,513
2355,73,770
2355,74,577
2355,75,513
2355,76,610
2355,77,481
2355,78,900
2355,79,514
2355,80,514
2356,41,837
2356,42,739
2356,43,426
2356,44,868
2356,45,391
2356,46,450
2356,47,432
2356,48,425
2356,49,274
2356,50,274
2356,51,267
2356,52,658
2356,53,167
2356,54,443
2356,55,295
2356,56,295
2356,57,166
2356,58,199
2356,59,135
2356,60,167
2356,61,973
2356,62,319
2356,63,19
2356,64,395
2356,65,178
2356,66,842
2356,67,509
2356,68,480
2356,69,478
2356,70,411
2356,71,480
2356,72,476
2356,73,411
2356,74,935
2356,75,538
2356,76,504
2356,77,725
2356,78,535
2356,79,504
2356,80,479
2357,41,46
2357,42,306
2357,43,282
2357,44,307
2357,45,307
2357,46,639
2357,47,315
2357,48,375
2357,49,215
2357,50,106
2357,51,91
2357,52,153
2357,53,60
2357,54,152
2357,55,152
2357,56,91
2357,57,245
2357,58,271
2357,59,273
2357,60,113
2357,61,749
2357,62,793
2357,63,79
2357,64,111
2357,65,299
2357,66,174
2357,67,173
2357,68,205
2357,69,206
2357,70,873
2357,71,207
2357,72,356
2357,73,271
2357,74,406
2357,75,675
2357,76,410
2357,77,439
2357,78,578
2357,79,275
2357,80,697
2358,41,498
2358,42,850
2358,43,934
2358,44,966
2358,45,52
2358,46,997
2358,47,874
2358,48,167
2358,49,520
2358,50,128
2358,51,327
2358,52,200
2358,53,358
2358,54,488
2358,55,679
2358,56,194
2358,57,681
2358,58,649
2358,59,929
2358,60,713
2358,61,73
2358,62,379
2358,63,781
2358,64,719
2358,65,752
2358,66,752
2358,67,920
2358,68,550
2358,69,260
2358,70,752
2358,71,271
2358,72,718
2358,73,593
2358,74,619
2358,75,619
2358,76,617
2358,77,679
2358,78,649
2358,79,617
2358,80,423
2359,41,178
2359,42,154
2359,43,254
2359,44,593
2359,45,441
2359,46,441
2359,47,441
2359,48,254
2359,49,202
2359,50,932
2359,51,115
2359,52,224
2359,53,224
2359,54,288
2359,55,255
2359,56,255
2359,57,189
2359,58,219
2359,59,187
2359,60,435
2359,61,926
2359,62,997
2359,63,719
2359,64,288
2359,65,101
2359,66,147
2359,67,185
2359,68,154
2359,69,153
2359,70,153
2359,71,118
2359,72,86
2359,73,118
2359,74,118
2359,75,948
2359,76,166
2359,77,22
2359,78,153
2359,79,154
2359,80,185
2360,41,461
2360,42,104
2360,43,841
2360,44,713
2360,45,939
2360,46,461
2360,47,363
2360,48,555
2360,49,170
2360,50,199
2360,51,908
2360,52,236
2360,53,124
2360,54,165
2360,55,166
2360,56,171
2360,57,76
2360,58,108
2360,59,299
2360,60,237
2360,61,68
2360,62,423
2360,63,1024
2360,64,145
2360,65,601
2360,66,505
2360,67,762
2360,68,408
2360,69,311
2360,70,279
2360,71,270
2360,72,377
2360,73,911
2360,74,538
2360,75,474
2360,76,918
2360,77,476
2360,78,479
2360,79,214
2360,80,672
2361,41,480
2361,42,568
2361,43,537
2361,44,537
2361,45,537
2361,46,471
2361,47,402
2361,48,753
2361,49,472
2361,50,470
2361,51,471
2361,52,471
2361,53,472
2361,54,472
2361,55,501
2361,56,438
2361,57,436
2361,58,467
2361,59,471
2361,60,135
2361,61,655
2361,62,751
2361,63,213
2361,64,214
2361,65,246
2361,66,246
2361,67,246
2361,68,196
2361,69,537
2361,70,537
2361,71,569
2361,72,699
2361,73,634
2361,74,442
2361,75,503
2361,76,254
2361,77,285
2361,78,633
2361,79,98
2361,80,587
2362,41,878
2362,42,755
2362,43,198
2362,44,278
2362,45,965
2362,46,202
2362,47,415
2362,48,135
2362,49,134
2362,50,71
2362,51,71
2362,52,40
2362,53,264
2362,54,296
2362,55,564
2362,56,295
2362,57,678
2362,58,647
2362,59,658
2362,60,456
2362,61,141
2362,62,595
2362,63,232
2362,64,170
2362,65,298
2362,66,236
2362,67,173
2362,68,241
2362,69,237
2362,70,141
2362,71,869
2362,72,169
2362,73,712
2362,74,296
2362,75,167
2362,76,134
2362,77,455
2362,78,199
2362,79,198
2362,80,162
2363,41,555
2363,42,956
2363,43,385
2363,44,389
2363,45,357
2363,46,323
2363,47,227
2363,48,385
2363,49,386
2363,50,385
2363,51,163
2363,52,707
2363,53,132
2363,54,100
2363,55,69
2363,56,239
2363,57,40
2363,58,71
2363,59,134
2363,60,134
2363,61,885
2363,62,758
2363,63,102
2363,64,835
2363,65,424
2363,66,290
2363,67,264
2363,68,264
2363,69,391
2363,70,420
2363,71,412
2363,72,290
2363,73,356
2363,74,17
2363,75,356
2363,76,289
2363,77,391
2363,78,291
2363,79,417
2363,80,385
2364,41,573
2364,42,34
2364,43,155
2364,44,99
2364,45,178
2364,46,66
2364,47,2
2364,48,70
2364,49,227
2364,50,36
2364,51,710
2364,52,89
2364,53,354
2364,54,417
2364,55,465
2364,56,99
2364,57,996
2364,58,423
2364,59,520
2364,60,323
2364,61,886
2364,62,346
2364,63,791
2364,64,99
2364,65,545
2364,66,449
2364,67,431
2364,68,431
2364,69,259
2364,70,259
2364,71,424
2364,72,323
2364,73,654
2364,74,259
2364,75,3
2364,76,949
2364,77,37
2364,78,259
2364,79,450
2364,80,766
2365,41,506
2365,42,592
2365,43,314
2365,44,346
2365,45,315
2365,46,315
2365,47,345
2365,48,377
2365,49,473
2365,50,313
2365,51,469
2365,52,501
2365,53,533
2365,54,343
2365,55,342
2365,56,407
2365,57,375
2365,58,374
2365,59,988
2365,60,439
2365,61,434
2365,62,500
2365,63,381
2365,64,286
2365,65,315
2365,66,1013
2365,67,375
2365,68,277
2365,69,822
2365,70,501
2365,71,437
2365,72,343
2365,73,244
2365,74,374
2365,75,438
2365,76,488
2365,77,344
2365,78,406
2365,79,246
2365,80,342
2366,41,582
2366,42,538
2366,43,620
2366,44,428
2366,45,495
2366,46,815
2366,47,556
2366,48,556
2366,49,560
2366,50,529
2366,51,560
2366,52,499
2366,53,559
2366,54,563
2366,55,434
2366,56,650
2366,57,988
2366,58,648
2366,59,494
2366,60,428
2366,61,271
2366,62,136
2366,63,529
2366,64,486
2366,65,562
2366,66,969
2366,67,596
2366,68,429
2366,69,620
2366,70,589
2366,71,882
2366,72,194
2366,73,649
2366,74,584
2366,75,532
2366,76,701
2366,77,529
2366,78,532
2366,79,460
2366,80,499
2367,41,6
2367,42,99
2367,43,436
2367,44,648
2367,45,456
2367,46,616
2367,47,552
2367,48,56
2367,49,620
2367,50,539
2367,51,557
2367,52,357
2367,53,647
2367,54,263
2367,55,875
2367,56,808
2367,57,807
2367,58,936
2367,59,805
2367,60,120
2367,61,84
2367,62,630
2367,63,530
2367,64,528
2367,65,530
2367,66,499
2367,67,710
2367,68,587
2367,69,646
2367,70,616
2367,71,263
2367,72,520
2367,73,361
2367,74,452
2367,75,451
2367,76,451
2367,77,450
2367,78,421
2367,79,649
2367,80,649
2368,41,826
2368,42,343
2368,43,406
2368,44,840
2368,45,920
2368,46,981
2368,47,738
2368,48,920
2368,49,984
2368,50,763
2368,51,842
2368,52,620
2368,53,733
2368,54,732
2368,55,992
2368,56,797
2368,57,703
2368,58,734
2368,59,703
2368,60,960
2368,61,285
2368,62,732
2368,63,888
2368,64,885
2368,65,731
2368,66,728
2368,67,83
2368,68,763
2368,69,700
2368,70,730
2368,71,1024
2368,72,662
2368,73,797
2368,74,825
2368,75,570
2368,76,343
2368,77,505
2368,78,441
2368,79,309
2368,80,375
2369,41,49
2369,42,130
2369,43,266
2369,44,49
2369,45,113
2369,46,114
2369,47,143
2369,48,111
2369,49,110
2369,50,179
2369,51,145
2369,52,788
2369,53,334
2369,54,272
2369,55,177
2369,56,302
2369,57,334
2369,58,919
2369,59,303
2369,60,58
2369,61,681
2369,62,681
2369,63,210
2369,64,214
2369,65,914
2369,66,617
2369,67,209
2369,68,144
2369,69,316
2369,70,143
2369,71,110
2369,72,208
2369,73,303
2369,74,334
2369,75,211
2369,76,146
2369,77,81
2369,78,179
2369,79,82
2369,80,18
2370,41,522
2370,42,475
2370,43,32
2370,44,92
2370,45,94
2370,46,60
2370,47,28
2370,48,217
2370,49,218
2370,50,157
2370,51,611
2370,52,255
2370,53,254
2370,54,762
2370,55,156
2370,56,219
2370,57,123
2370,58,189
2370,59,218
2370,60,29
2370,61,638
2370,62,276
2370,63,122
2370,64,91
2370,65,95
2370,66,95
2370,67,91
2370,68,152
2370,69,555
2370,70,60
2370,71,94
2370,72,125
2370,73,59
2370,74,58
2370,75,91
2370,76,26
2370,77,26
2370,78,25
2370,79,60
2370,80,94
2371,41,927
2371,42,158
2371,43,93
2371,44,841
2371,45,966
2371,46,903
2371,47,903
2371,48,868
2371,49,867
2371,50,836
2371,51,558
2371,52,963
2371,53,998
2371,54,812
2371,55,511
2371,56,657
2371,57,843
2371,58,626
2371,59,626
2371,60,626
2371,61,690
2371,62,870
2371,63,818
2371,64,852
2371,65,474
2371,66,885
2371,67,885
2371,68,1020
2371,69,852
2371,70,453
2371,71,460
2371,72,907
2371,73,882
2371,74,961
2371,75,823
2371,76,160
2371,77,852
2371,78,684
2371,79,683
2371,80,597
2372,41,339
2372,42,831
2372,43,297
2372,44,238
2372,45,277
2372,46,312
2372,47,533
2372,48,905
2372,49,489
2372,50,413
2372,51,904
2372,52,904
2372,53,903
2372,54,810
2372,55,779
2372,56,615
2372,57,785
2372,58,851
2372,59,885
2372,60,752
2372,61,41
2372,62,606
2372,63,202
2372,64,390
2372,65,390
2372,66,294
2372,67,327
2372,68,73
2372,69,232
2372,70,816
2372,71,135
2372,72,134
2372,73,109
2372,74,112
2372,75,210
2372,76,345
2372,77,84
2372,78,215
2372,79,182
2372,80,378
2373,41,794
2373,42,194
2373,43,112
2373,44,108
2373,45,74
2373,46,826
2373,47,179
2373,48,51
2373,49,49
2373,50,79
2373,51,290
2373,52,77
2373,53,74
2373,54,108
2373,55,83
2373,56,75
2373,57,113
2373,58,80
2373,59,79
2373,60,81
2373,61,714
2373,62,340
2373,63,793
2373,64,211
2373,65,211
2373,66,181
2373,67,112
2373,68,112
2373,69,82
2373,70,212
2373,71,505
2373,72,875
2373,73,505
2373,74,464
2373,75,700
2373,76,433
2373,77,470
2373,78,470
2373,79,472
2373,80,430
2374,41,865
2374,42,922
2374,43,649
2374,44,592
2374,45,622
2374,46,528
2374,47,920
2374,48,593
2374,49,791
2374,50,595
2374,51,848
2374,52,756
2374,53,756
2374,54,879
2374,55,880
2374,56,475
2374,57,875
2374,58,954
2374,59,710
2374,60,657
2374,61,821
2374,62,590
2374,63,810
2374,64,840
2374,65,968
2374,66,838
2374,67,750
2374,68,537
2374,69,671
2374,70,438
2374,71,438
2374,72,309
2374,73,693
2374,74,376
2374,75,533
2374,76,565
2374,77,596
2374,78,688
2374,79,438
2374,80,394
2375,41,903
2375,42,364
2375,43,842
2375,44,639
2375,45,805
2375,46,588
2375,47,840
2375,48,998
2375,49,998
2375,50,341
2375,51,875
2375,52,842
2375,53,904
2375,54,874
2375,55,908
2375,56,908
2375,57,713
2375,58,616
2375,59,745
2375,60,194
2375,61,9
2375,62,832
2375,63,649
2375,64,583
2375,65,584
2375,66,456
2375,67,650
2375,68,741
2375,69,745
2375,70,750
2375,71,842
2375,72,966
2375,73,874
2375,74,777
2375,75,616
2375,76,500
2375,77,779
2375,78,842
2375,79,21
2375,80,904
2376,41,625
2376,42,712
2376,43,246
2376,44,337
2376,45,707
2376,46,498
2376,47,561
2376,48,431
2376,49,509
2376,50,428
2376,51,431
2376,52,399
2376,53,169
2376,54,394
2376,55,366
2376,56,433
2376,57,466
2376,58,582
2376,59,774
2376,60,493
2376,61,896
2376,62,314
2376,63,345
2376,64,437
2376,65,437
2376,66,342
2376,67,345
2376,68,281
2376,69,275
2376,70,665
2376,71,374
2376,72,345
2376,73,457
2376,74,345
2376,75,375
2376,76,408
2376,77,831
2376,78,437
2376,79,437
2376,80,372
2377,41,167
2377,42,598
2377,43,142
2377,44,79
2377,45,176
2377,46,176
2377,47,735
2377,48,536
2377,49,241
2377,50,272
2377,51,241
2377,52,309
2377,53,309
2377,54,407
2377,55,211
2377,56,50
2377,57,1000
2377,58,76
2377,59,75
2377,60,75
2377,61,549
2377,62,217
2377,63,242
2377,64,177
2377,65,79
2377,66,80
2377,67,111
2377,68,80
2377,69,16
2377,70,111
2377,71,16
2377,72,474
2377,73,143
2377,74,48
2377,75,177
2377,76,177
2377,77,140
2377,78,111
2377,79,143
2377,80,205
2378,41,578
2378,42,910
2378,43,763
2378,44,825
2378,45,666
2378,46,666
2378,47,666
2378,48,666
2378,49,666
2378,50,666
2378,51,442
2378,52,570
2378,53,377
2378,54,378
2378,55,416
2378,56,170
2378,57,382
2378,58,198
2378,59,542
2378,60,575
2378,61,21
2378,62,64
2378,63,763
2378,64,758
2378,65,723
2378,66,1003
2378,67,480
2378,68,1001
2378,69,1003
2378,70,942
2378,71,566
2378,72,597
2378,73,417
2378,74,564
2378,75,405
2378,76,405
2378,77,435
2378,78,630
2378,79,404
2378,80,641
2379,41,803
2379,42,965
2379,43,375
2379,44,278
2379,45,325
2379,46,363
2379,47,141
2379,48,79
2379,49,146
2379,50,179
2379,51,144
2379,52,375
2379,53,134
2379,54,477
2379,55,506
2379,56,472
2379,57,857
2379,58,537
2379,59,116
2379,60,66
2379,61,589
2379,62,123
2379,63,342
2379,64,344
2379,65,312
2379,66,278
2379,67,277
2379,68,117
2379,69,80
2379,70,51
2379,71,111
2379,72,143
2379,73,589
2379,74,207
2379,75,74
2379,76,76
2379,77,74
2379,78,71
2379,79,804
2379,80,992
2380,41,236
2380,42,551
2380,43,279
2380,44,277
2380,45,335
2380,46,337
2380,47,306
2380,48,313
2380,49,726
2380,50,257
2380,51,303
2380,52,315
2380,53,342
2380,54,469
2380,55,674
2380,56,588
2380,57,429
2380,58,470
2380,59,537
2380,60,630
2380,61,100
2380,62,811
2380,63,181
2380,64,178
2380,65,253
2380,66,143
2380,67,835
2380,68,277
2380,69,366
2380,70,229
2380,71,423
2380,72,429
2380,73,429
2380,74,408
2380,75,439
2380,76,471
2380,77,501
2380,78,342
2380,79,209
2380,80,723
2381,41,21
2381,42,1014
2381,43,394
2381,44,504
2381,45,326
2381,46,295
2381,47,264
2381,48,362
2381,49,362
2381,50,306
2381,51,247
2381,52,469
2381,53,469
2381,54,862
2381,55,365
2381,56,19
2381,57,562
2381,58,443
2381,59,889
2381,60,662
2381,61,406
2381,62,945
2381,63,425
2381,64,520
2381,65,753
2381,66,632
2381,67,941
2381,68,185
2381,69,611
2381,70,647
2381,71,619
2381,72,538
2381,73,619
2381,74,777
2381,75,812
2381,76,965
2381,77,905
2381,78,719
2381,79,599
2381,80,666
2382,41,173
2382,42,1020
2382,43,837
2382,44,840
2382,45,839
2382,46,807
2382,47,99
2382,48,674
2382,49,577
2382,50,416
2382,51,678
2382,52,659
2382,53,648
2382,54,618
2382,55,877
2382,56,390
2382,57,609
2382,58,713
2382,59,584
2382,60,649
2382,61,737
2382,62,900
2382,63,868
2382,64,773
2382,65,868
2382,66,680
2382,67,899
2382,68,868
2382,69,868
2382,70,868
2382,71,846
2382,72,899
2382,73,329
2382,74,899
2382,75,870
2382,76,738
2382,77,977
2382,78,259
2382,79,904
2382,80,838
2383,41,804
2383,42,235
2383,43,534
2383,44,179
2383,45,582
2383,46,530
2383,47,406
2383,48,468
2383,49,472
2383,50,439
2383,51,479
2383,52,606
2383,53,637
2383,54,604
2383,55,637
2383,56,638
2383,57,574
2383,58,473
2383,59,574
2383,60,640
2383,61,586
2383,62,69
2383,63,695
2383,64,409
2383,65,283
2383,66,218
2383,67,762
2383,68,283
2383,69,751
2383,70,192
2383,71,216
2383,72,522
2383,73,287
2383,74,339
2383,75,415
2383,76,315
2383,77,254
2383,78,657
2383,79,472
2383,80,502
2384,41,88
2384,42,847
2384,43,391
2384,44,285
2384,45,133
2384,46,195
2384,47,982
2384,48,486
2384,49,255
2384,50,773
2384,51,101
2384,52,263
2384,53,102
2384,54,102
2384,55,102
2384,56,166
2384,57,199
2384,58,169
2384,59,231
2384,60,168
2384,61,541
2384,62,686
2384,63,389
2384,64,389
2384,65,420
2384,66,428
2384,67,481
2384,68,195
2384,69,166
2384,70,99
2384,71,166
2384,72,133
2384,73,166
2384,74,162
2384,75,101
2384,76,390
2384,77,118
2384,78,938
2384,79,264
2384,80,425
2385,41,739
2385,42,230
2385,43,67
2385,44,746
2385,45,36
2385,46,35
2385,47,1
2385,48,1
2385,49,1
2385,50,313
2385,51,103
2385,52,135
2385,53,69
2385,54,102
2385,55,168
2385,56,132
2385,57,163
2385,58,265
2385,59,100
2385,60,72
2385,61,777
2385,62,245
2385,63,74
2385,64,9
2385,65,825
2385,66,41
2385,67,902
2385,68,137
2385,69,943
2385,70,460
2385,71,99
2385,72,767
2385,73,99
2385,74,163
2385,75,422
2385,76,422
2385,77,163
2385,78,2
2385,79,36
2385,80,66
2386,41,927
2386,42,639
2386,43,259
2386,44,98
2386,45,701
2386,46,168
2386,47,136
2386,48,202
2386,49,921
2386,50,160
2386,51,871
2386,52,605
2386,53,133
2386,54,133
2386,55,482
2386,56,242
2386,57,390
2386,58,167
2386,59,199
2386,60,232
2386,61,83
2386,62,465
2386,63,259
2386,64,446
2386,65,161
2386,66,168
2386,67,890
2386,68,198
2386,69,314
2386,70,290
2386,71,295
2386,72,359
2386,73,295
2386,74,326
2386,75,140
2386,76,325
2386,77,325
2386,78,325
2386,79,325
2386,80,325
2387,41,198
2387,42,991
2387,43,703
2387,44,714
2387,45,667
2387,46,732
2387,47,763
2387,48,634
2387,49,537
2387,50,986
2387,51,505
2387,52,190
2387,53,830
2387,54,964
2387,55,896
2387,56,570
2387,57,633
2387,58,20
2387,59,633
2387,60,763
2387,61,600
2387,62,308
2387,63,667
2387,64,896
2387,65,960
2387,66,307
2387,67,895
2387,68,586
2387,69,507
2387,70,507
2387,71,506
2387,72,442
2387,73,473
2387,74,640
2387,75,476
2387,76,470
2387,77,408
2387,78,409
2387,79,504
2387,80,503
2388,41,21
2388,42,173
2388,43,806
2388,44,838
2388,45,870
2388,46,738
2388,47,578
2388,48,805
2388,49,968
2388,50,868
2388,51,868
2388,52,142
2388,53,899
2388,54,868
2388,55,157
2388,56,867
2388,57,838
2388,58,838
2388,59,838
2388,60,838
2388,61,238
2388,62,163
2388,63,839
2388,64,920
2388,65,700
2388,66,806
2388,67,513
2388,68,513
2388,69,481
2388,70,513
2388,71,561
2388,72,469
2388,73,450
2388,74,421
2388,75,831
2388,76,609
2388,77,609
2388,78,612
2388,79,644
2388,80,644
2389,41,536
2389,42,277
2389,43,702
2389,44,702
2389,45,702
2389,46,704
2389,47,108
2389,48,635
2389,49,640
2389,50,56
2389,51,509
2389,52,530
2389,53,637
2389,54,402
2389,55,413
2389,56,445
2389,57,478
2389,58,640
2389,59,758
2389,60,477
2389,61,728
2389,62,929
2389,63,246
2389,64,680
2389,65,311
2389,66,311
2389,67,311
2389,68,311
2389,69,279
2389,70,311
2389,71,604
2389,72,621
2389,73,311
2389,74,311
2389,75,851
2389,76,278
2389,77,909
2389,78,246
2389,79,343
2389,80,310
2390,41,619
2390,42,615
2390,43,22
2390,44,152
2390,45,86
2390,46,22
2390,47,151
2390,48,151
2390,49,995
2390,50,86
2390,51,597
2390,52,152
2390,53,152
2390,54,151
2390,55,389
2390,56,22
2390,57,957
2390,58,803
2390,59,219
2390,60,86
2390,61,864
2390,62,339
2390,63,488
2390,64,488
2390,65,488
2390,66,326
2390,67,295
2390,68,488
2390,69,704
2390,70,237
2390,71,356
2390,72,356
2390,73,486
2390,74,486
2390,75,486
2390,76,486
2390,77,290
2390,78,993
2390,79,425
2390,80,579
2391,41,223
2391,42,287
2391,43,389
2391,44,936
2391,45,807
2391,46,868
2391,47,899
2391,48,898
2391,49,868
2391,50,903
2391,51,870
2391,52,290
2391,53,870
2391,54,893
2391,55,360
2391,56,997
2391,57,936
2391,58,513
2391,59,681
2391,60,956
2391,61,679
2391,62,213
2391,63,842
2391,64,291
2391,65,64
2391,66,657
2391,67,812
2391,68,750
2391,69,598
2391,70,596
2391,71,842
2391,72,562
2391,73,688
2391,74,501
2391,75,626
2391,76,625
2391,77,662
2391,78,750
2391,79,750
2391,80,626
2392,41,344
2392,42,450
2392,43,425
2392,44,396
2392,45,69
2392,46,327
2392,47,719
2392,48,812
2392,49,874
2392,50,839
2392,51,402
2392,52,1000
2392,53,842
2392,54,935
2392,55,837
2392,56,121
2392,57,966
2392,58,1000
2392,59,838
2392,60,249
2392,61,902
2392,62,759
2392,63,2
2392,64,2
2392,65,35
2392,66,91
2392,67,99
2392,68,73
2392,69,109
2392,70,113
2392,71,243
2392,72,275
2392,73,337
2392,74,183
2392,75,153
2392,76,995
2392,77,64
2392,78,759
2392,79,296
2392,80,122
2393,41,972
2393,42,940
2393,43,264
2393,44,295
2393,45,206
2393,46,391
2393,47,637
2393,48,927
2393,49,745
2393,50,381
2393,51,489
2393,52,658
2393,53,489
2393,54,777
2393,55,842
2393,56,658
2393,57,776
2393,58,683
2393,59,649
2393,60,678
2393,61,341
2393,62,437
2393,63,273
2393,64,331
2393,65,814
2393,66,688
2393,67,598
2393,68,626
2393,69,595
2393,70,719
2393,71,256
2393,72,597
2393,73,718
2393,74,841
2393,75,656
2393,76,843
2393,77,812
2393,78,688
2393,79,682
2393,80,966
2394,41,564
2394,42,181
2394,43,504
2394,44,532
2394,45,531
2394,46,430
2394,47,765
2394,48,960
2394,49,857
2394,50,706
2394,51,642
2394,52,740
2394,53,611
2394,54,360
2394,55,675
2394,56,769
2394,57,820
2394,58,707
2394,59,513
2394,60,452
2394,61,323
2394,62,660
2394,63,843
2394,64,905
2394,65,319
2394,66,811
2394,67,935
2394,68,923
2394,69,730
2394,70,750
2394,71,719
2394,72,115
2394,73,277
2394,74,312
2394,75,312
2394,76,248
2394,77,218
2394,78,252
2394,79,409
2394,80,409
2395,41,900
2395,42,566
2395,43,611
2395,44,311
2395,45,312
2395,46,213
2395,47,213
2395,48,278
2395,49,245
2395,50,277
2395,51,455
2395,52,213
2395,53,213
2395,54,1008
2395,55,817
2395,56,336
2395,57,108
2395,58,376
2395,59,344
2395,60,527
2395,61,783
2395,62,963
2395,63,534
2395,64,122
2395,65,534
2395,66,593
2395,67,621
2395,68,589
2395,69,623
2395,70,616
2395,71,734
2395,72,416
2395,73,649
2395,74,649
2395,75,469
2395,76,840
2395,77,261
2395,78,837
2395,79,968
2395,80,681
2396,41,699
2396,42,675
2396,43,97
2396,44,733
2396,45,234
2396,46,797
2396,47,569
2396,48,57
2396,49,598
2396,50,455
2396,51,473
2396,52,568
2396,53,569
2396,54,265
2396,55,537
2396,56,174
2396,57,410
2396,58,640
2396,59,638
2396,60,795
2396,61,334
2396,62,627
2396,63,602
2396,64,537
2396,65,537
2396,66,537
2396,67,543
2396,68,541
2396,69,628
2396,70,506
2396,71,352
2396,72,575
2396,73,638
2396,74,638
2396,75,193
2396,76,444
2396,77,480
2396,78,479
2396,79,445
2396,80,676
2397,41,953
2397,42,412
2397,43,505
2397,44,634
2397,45,505
2397,46,378
2397,47,505
2397,48,505
2397,49,505
2397,50,505
2397,51,505
2397,52,505
2397,53,505
2397,54,505
2397,55,505
2397,56,505
2397,57,582
2397,58,505
2397,59,505
2397,60,505
2397,61,819
2397,62,961
2397,63,505
2397,64,762
2397,65,782
2397,66,916
2397,67,505
2397,68,531
2397,69,505
2397,70,601
2397,71,505
2397,72,601
2397,73,634
2397,74,634
2397,75,634
2397,76,86
2397,77,505
2397,78,556
2397,79,896
2397,80,505
2398,41,133
2398,42,848
2398,43,344
2398,44,375
2398,45,149
2398,46,52
2398,47,313
2398,48,376
2398,49,175
2398,50,477
2398,51,607
2398,52,376
2398,53,443
2398,54,542
2398,55,635
2398,56,396
2398,57,474
2398,58,607
2398,59,538
2398,60,410
2398,61,400
2398,62,17
2398,63,249
2398,64,578
2398,65,250
2398,66,453
2398,67,624
2398,68,604
2398,69,116
2398,70,674
2398,71,248
2398,72,117
2398,73,115
2398,74,115
2398,75,185
2398,76,179
2398,77,79
2398,78,109
2398,79,74
2398,80,1015
2399,41,884
2399,42,604
2399,43,211
2399,44,211
2399,45,211
2399,46,778
2399,47,241
2399,48,329
2399,49,207
2399,50,16
2399,51,141
2399,52,141
2399,53,240
2399,54,1006
2399,55,240
2399,56,240
2399,57,211
2399,58,657
2399,59,211
2399,60,64
2399,61,516
2399,62,581
2399,63,336
2399,64,202
2399,65,338
2399,66,211
2399,67,25
2399,68,365
2399,69,393
2399,70,361
2399,71,1021
2399,72,365
2399,73,365
2399,74,365
2399,75,243
2399,76,511
2399,77,243
2399,78,243
2399,79,663
2399,80,337
2400,41,578
2400,42,915
2400,43,481
2400,44,450
2400,45,481
2400,46,577
2400,47,740
2400,48,739
2400,49,578
2400,50,769
2400,51,773
2400,52,610
2400,53,742
2400,54,742
2400,55,738
2400,56,839
2400,57,167
2400,58,840
2400,59,224
2400,60,905
2400,61,313
2400,62,755
2400,63,323
2400,64,260
2400,65,133
2400,66,133
2400,67,493
2400,68,100
2400,69,345
2400,70,34
2400,71,2
2400,72,946
2400,73,326
2400,74,2
2400,75,5
2400,76,108
2400,77,106
2400,78,74
2400,79,72
2400,80,138
2401,41,376
2401,42,581
2401,43,419
2401,44,616
2401,45,124
2401,46,460
2401,47,497
2401,48,428
2401,49,621
2401,50,557
2401,51,525
2401,52,589
2401,53,528
2401,54,497
2401,55,593
2401,56,386
2401,57,597
2401,58,112
2401,59,178
2401,60,432
2401,61,900
2401,62,971
2401,63,562
2401,64,595
2401,65,688
2401,66,627
2401,67,501
2401,68,249
2401,69,502
2401,70,361
2401,71,365
2401,72,364
2401,73,280
2401,74,928
2401,75,474
2401,76,471
2401,77,273
2401,78,238
2401,79,423
2401,80,473
2402,41,678
2402,42,730
2402,43,782
2402,44,596
2402,45,713
2402,46,723
2402,47,1003
2402,48,973
2402,49,880
2402,50,973
2402,51,973
2402,52,660
2402,53,660
2402,54,435
2402,55,405
2402,56,435
2402,57,435
2402,58,385
2402,59,338
2402,60,335
2402,61,114
2402,62,484
2402,63,438
2402,64,310
2402,65,275
2402,66,306
2402,67,338
2402,68,406
2402,69,501
2402,70,603
2402,71,500
2402,72,500
2402,73,537
2402,74,628
2402,75,501
2402,76,688
2402,77,566
2402,78,596
2402,79,936
2402,80,322
2403,41,963
2403,42,326
2403,43,365
2403,44,277
2403,45,246
2403,46,346
2403,47,315
2403,48,107
2403,49,224
2403,50,224
2403,51,315
2403,52,837
2403,53,118
2403,54,22
2403,55,123
2403,56,751
2403,57,91
2403,58,60
2403,59,20
2403,60,596
2403,61,965
2403,62,478
2403,63,337
2403,64,361
2403,65,322
2403,66,395
2403,67,729
2403,68,863
2403,69,531
2403,70,499
2403,71,528
2403,72,494
2403,73,494
2403,74,493
2403,75,618
2403,76,777
2403,77,688
2403,78,87
2403,79,848
2403,80,660
2404,41,981
2404,42,1001
2404,43,809
2404,44,394
2404,45,264
2404,46,133
2404,47,199
2404,48,201
2404,49,201
2404,50,137
2404,51,165
2404,52,168
2404,53,165
2404,54,161
2404,55,161
2404,56,975
2404,57,201
2404,58,264
2404,59,264
2404,60,264
2404,61,589
2404,62,715
2404,63,167
2404,64,70
2404,65,422
2404,66,809
2404,67,422
2404,68,10
2404,69,455
2404,70,455
2404,71,485
2404,72,454
2404,73,453
2404,74,596
2404,75,243
2404,76,454
2404,77,199
2404,78,455
2404,79,455
2404,80,453
2405,41,939
2405,42,241
2405,43,529
2405,44,530
2405,45,529
2405,46,592
2405,47,64
2405,48,169
2405,49,622
2405,50,589
2405,51,460
2405,52,460
2405,53,429
2405,54,429
2405,55,429
2405,56,614
2405,57,64
2405,58,562
2405,59,594
2405,60,688
2405,61,376
2405,62,898
2405,63,577
2405,64,750
2405,65,188
2405,66,599
2405,67,688
2405,68,591
2405,69,618
2405,70,619
2405,71,619
2405,72,618
2405,73,649
2405,74,584
2405,75,261
2405,76,427
2405,77,527
2405,78,470
2405,79,468
2405,80,431
2406,41,70
2406,42,884
2406,43,558
2406,44,769
2406,45,706
2406,46,806
2406,47,973
2406,48,807
2406,49,322
2406,50,840
2406,51,617
2406,52,456
2406,53,584
2406,54,348
2406,55,583
2406,56,583
2406,57,583
2406,58,583
2406,59,911
2406,60,583
2406,61,849
2406,62,458
2406,63,908
2406,64,559
2406,65,620
2406,66,536
2406,67,713
2406,68,777
2406,69,808
2406,70,808
2406,71,713
2406,72,777
2406,73,806
2406,74,31
2406,75,610
2406,76,613
2406,77,616
2406,78,488
2406,79,489
2406,80,616
2407,41,24
2407,42,873
2407,43,430
2407,44,165
2407,45,461
2407,46,428
2407,47,428
2407,48,428
2407,49,429
2407,50,407
2407,51,470
2407,52,833
2407,53,475
2407,54,426
2407,55,300
2407,56,902
2407,57,334
2407,58,272
2407,59,218
2407,60,334
2407,61,979
2407,62,697
2407,63,505
2407,64,506
2407,65,504
2407,66,503
2407,67,431
2407,68,640
2407,69,148
2407,70,700
2407,71,432
2407,72,458
2407,73,429
2407,74,429
2407,75,479
2407,76,556
2407,77,477
2407,78,529
2407,79,491
2407,80,784
2408,41,377
2408,42,855
2408,43,153
2408,44,998
2408,45,966
2408,46,997
2408,47,935
2408,48,998
2408,49,998
2408,50,208
2408,51,997
2408,52,935
2408,53,872
2408,54,802
2408,55,966
2408,56,966
2408,57,905
2408,58,997
2408,59,998
2408,60,966
2408,61,325
2408,62,731
2408,63,935
2408,64,50
2408,65,794
2408,66,813
2408,67,534
2408,68,719
2408,69,719
2408,70,562
2408,71,217
2408,72,781
2408,73,781
2408,74,782
2408,75,535
2408,76,535
2408,77,344
2408,78,504
2408,79,257
2408,80,505
2409,41,222
2409,42,694
2409,43,426
2409,44,395
2409,45,452
2409,46,429
2409,47,422
2409,48,452
2409,49,603
2409,50,545
2409,51,642
2409,52,675
2409,53,133
2409,54,968
2409,55,868
2409,56,102
2409,57,899
2409,58,868
2409,59,868
2409,60,868
2409,61,122
2409,62,815
2409,63,165
2409,64,948
2409,65,289
2409,66,912
2409,67,946
2409,68,427
2409,69,460
2409,70,426
2409,71,425
2409,72,395
2409,73,235
2409,74,202
2409,75,954
2409,76,266
2409,77,271
2409,78,243
2409,79,181
2409,80,158
2410,41,88
2410,42,565
2410,43,626
2410,44,657
2410,45,598
2410,46,635
2410,47,599
2410,48,599
2410,49,598
2410,50,662
2410,51,601
2410,52,633
2410,53,223
2410,54,410
2410,55,602
2410,56,506
2410,57,667
2410,58,992
2410,59,864
2410,60,862
2410,61,712
2410,62,437
2410,63,688
2410,64,464
2410,65,529
2410,66,562
2410,67,596
2410,68,562
2410,69,495
2410,70,599
2410,71,634
2410,72,667
2410,73,445
2410,74,539
2410,75,605
2410,76,639
2410,77,540
2410,78,541
2410,79,866
2410,80,540
2411,41,78
2411,42,296
2411,43,206
2411,44,108
2411,45,9
2411,46,71
2411,47,8
2411,48,482
2411,49,8
2411,50,71
2411,51,169
2411,52,71
2411,53,163
2411,54,5
2411,55,6
2411,56,193
2411,57,36
2411,58,35
2411,59,101
2411,60,35
2411,61,934
2411,62,69
2411,63,140
2411,64,140
2411,65,173
2411,66,138
2411,67,37
2411,68,650
2411,69,576
2411,70,138
2411,71,170
2411,72,267
2411,73,438
2411,74,48
2411,75,829
2411,76,331
2411,77,267
2411,78,331
2411,79,424
2411,80,391
2412,41,298
2412,42,702
2412,43,734
2412,44,501
2412,45,440
2412,46,471
2412,47,635
2412,48,635
2412,49,794
2412,50,244
2412,51,62
2412,52,550
2412,53,574
2412,54,604
2412,55,828
2412,56,570
2412,57,506
2412,58,479
2412,59,476
2412,60,410
2412,61,54
2412,62,679
2412,63,451
2412,64,425
2412,65,797
2412,66,426
2412,67,467
2412,68,370
2412,69,721
2412,70,374
2412,71,82
2412,72,244
2412,73,922
2412,74,222
2412,75,320
2412,76,320
2412,77,224
2412,78,190
2412,79,222
2412,80,124
2413,41,94
2413,42,385
2413,43,402
2413,44,497
2413,45,443
2413,46,465
2413,47,431
2413,48,425
2413,49,365
2413,50,541
2413,51,303
2413,52,586
2413,53,306
2413,54,276
2413,55,137
2413,56,84
2413,57,136
2413,58,104
2413,59,936
2413,60,70
2413,61,400
2413,62,285
2413,63,305
2413,64,274
2413,65,253
2413,66,306
2413,67,311
2413,68,245
2413,69,239
2413,70,508
2413,71,245
2413,72,245
2413,73,306
2413,74,214
2413,75,900
2413,76,435
2413,77,370
2413,78,337
2413,79,365
2413,80,394
2414,41,286
2414,42,47
2414,43,168
2414,44,301
2414,45,137
2414,46,170
2414,47,69
2414,48,104
2414,49,36
2414,50,167
2414,51,162
2414,52,4
2414,53,36
2414,54,161
2414,55,162
2414,56,162
2414,57,162
2414,58,162
2414,59,162
2414,60,162
2414,61,563
2414,62,941
2414,63,976
2414,64,35
2414,65,346
2414,66,168
2414,67,164
2414,68,137
2414,69,275
2414,70,278
2414,71,182
2414,72,116
2414,73,20
2414,74,247
2414,75,280
2414,76,957
2414,77,117
2414,78,20
2414,79,20
2414,80,52
2415,41,437
2415,42,391
2415,43,528
2415,44,454
2415,45,537
2415,46,729
2415,47,587
2415,48,216
2415,49,316
2415,50,284
2415,51,320
2415,52,315
2415,53,448
2415,54,384
2415,55,476
2415,56,563
2415,57,241
2415,58,633
2415,59,538
2415,60,542
2415,61,527
2415,62,110
2415,63,51
2415,64,84
2415,65,20
2415,66,788
2415,67,28
2415,68,348
2415,69,416
2415,70,350
2415,71,384
2415,72,382
2415,73,448
2415,74,480
2415,75,245
2415,76,672
2415,77,710
2415,78,639
2415,79,272
2415,80,474
2416,41,837
2416,42,169
2416,43,439
2416,44,232
2416,45,283
2416,46,218
2416,47,535
2416,48,187
2416,49,219
2416,50,188
2416,51,218
2416,52,218
2416,53,218
2416,54,218
2416,55,379
2416,56,345
2416,57,404
2416,58,404
2416,59,937
2416,60,896
2416,61,465
2416,62,638
2416,63,979
2416,64,777
2416,65,316
2416,66,315
2416,67,409
2416,68,409
2416,69,409
2416,70,409
2416,71,409
2416,72,508
2416,73,947
2416,74,286
2416,75,378
2416,76,381
2416,77,355
2416,78,381
2416,79,875
2416,80,283
2417,41,517
2417,42,283
2417,43,972
2417,44,79
2417,45,146
2417,46,342
2417,47,437
2417,48,251
2417,49,405
2417,50,405
2417,51,57
2417,52,963
2417,53,275
2417,54,246
2417,55,246
2417,56,275
2417,57,275
2417,58,405
2417,59,406
2417,60,343
2417,61,595
2417,62,553
2417,63,178
2417,64,687
2417,65,146
2417,66,267
2417,67,16
2417,68,50
2417,69,51
2417,70,765
2417,71,16
2417,72,112
2417,73,145
2417,74,48
2417,75,112
2417,76,75
2417,77,108
2417,78,69
2417,79,45
2417,80,235
2418,41,986
2418,42,461
2418,43,8
2418,44,71
2418,45,688
2418,46,7
2418,47,7
2418,48,71
2418,49,39
2418,50,39
2418,51,39
2418,52,488
2418,53,165
2418,54,104
2418,55,303
2418,56,550
2418,57,241
2418,58,453
2418,59,106
2418,60,202
2418,61,404
2418,62,472
2418,63,140
2418,64,277
2418,65,211
2418,66,313
2418,67,181
2418,68,58
2418,69,117
2418,70,96
2418,71,55
2418,72,54
2418,73,86
2418,74,22
2418,75,118
2418,76,54
2418,77,70
2418,78,149
2418,79,180
2418,80,771
2419,41,86
2419,42,245
2419,43,597
2419,44,595
2419,45,598
2419,46,600
2419,47,662
2419,48,790
2419,49,886
2419,50,886
2419,51,918
2419,52,855
2419,53,918
2419,54,337
2419,55,104
2419,56,785
2419,57,752
2419,58,752
2419,59,817
2419,60,308
2419,61,838
2419,62,473
2419,63,40
2419,64,191
2419,65,252
2419,66,791
2419,67,628
2419,68,564
2419,69,924
2419,70,785
2419,71,756
2419,72,854
2419,73,86
2419,74,682
2419,75,818
2419,76,818
2419,77,837
2419,78,851
2419,79,818
2419,80,852
2420,41,151
2420,42,37
2420,43,494
2420,44,428
2420,45,450
2420,46,394
2420,47,636
2420,48,309
2420,49,223
2420,50,430
2420,51,430
2420,52,681
2420,53,358
2420,54,264
2420,55,15
2420,56,327
2420,57,431
2420,58,327
2420,59,200
2420,60,362
2420,61,113
2420,62,228
2420,63,418
2420,64,663
2420,65,219
2420,66,491
2420,67,491
2420,68,491
2420,69,522
2420,70,523
2420,71,527
2420,72,493
2420,73,431
2420,74,428
2420,75,428
2420,76,391
2420,77,479
2420,78,426
2420,79,422
2420,80,425
2421,41,582
2421,42,463
2421,43,391
2421,44,102
2421,45,584
2421,46,555
2421,47,587
2421,48,863
2421,49,557
2421,50,578
2421,51,405
2421,52,404
2421,53,403
2421,54,337
2421,55,404
2421,56,406
2421,57,30
2421,58,367
2421,59,361
2421,60,63
2421,61,900
2421,62,830
2421,63,103
2421,64,137
2421,65,105
2421,66,396
2421,67,392
2421,68,420
2421,69,354
2421,70,227
2421,71,354
2421,72,227
2421,73,104
2421,74,263
2421,75,899
2421,76,233
2421,77,662
2421,78,271
2421,79,299
2421,80,236
2422,41,294
2422,42,251
2422,43,29
2422,44,185
2422,45,180
2422,46,115
2422,47,244
2422,48,894
2422,49,886
2422,50,343
2422,51,628
2422,52,657
2422,53,781
2422,54,810
2422,55,259
2422,56,713
2422,57,681
2422,58,60
2422,59,486
2422,60,520
2422,61,658
2422,62,648
2422,63,532
2422,64,559
2422,65,621
2422,66,532
2422,67,310
2422,68,552
2422,69,584
2422,70,349
2422,71,841
2422,72,626
2422,73,688
2422,74,264
2422,75,315
2422,76,182
2422,77,182
2422,78,280
2422,79,313
2422,80,505
2423,41,574
2423,42,202
2423,43,278
2423,44,756
2423,45,693
2423,46,566
2423,47,184
2423,48,537
2423,49,537
2423,50,533
2423,51,533
2423,52,532
2423,53,374
2423,54,442
2423,55,342
2423,56,208
2423,57,147
2423,58,386
2423,59,82
2423,60,115
2423,61,1008
2423,62,501
2423,63,824
2423,64,945
2423,65,170
2423,66,169
2423,67,237
2423,68,254
2423,69,70
2423,70,406
2423,71,287
2423,72,750
2423,73,198
2423,74,137
2423,75,133
2423,76,2
2423,77,782
2423,78,232
2423,79,135
2423,80,200
2424,41,422
2424,42,789
2424,43,63
2424,44,216
2424,45,427
2424,46,185
2424,47,218
2424,48,185
2424,49,185
2424,50,151
2424,51,152
2424,52,54
2424,53,152
2424,54,152
2424,55,118
2424,56,954
2424,57,152
2424,58,714
2424,59,93
2424,60,93
2424,61,695
2424,62,523
2424,63,122
2424,64,96
2424,65,64
2424,66,125
2424,67,60
2424,68,185
2424,69,185
2424,70,216
2424,71,216
2424,72,72
2424,73,185
2424,74,154
2424,75,183
2424,76,109
2424,77,149
2424,78,183
2424,79,5
2424,80,760
2425,41,714
2425,42,370
2425,43,527
2425,44,656
2425,45,842
2425,46,970
2425,47,721
2425,48,593
2425,49,907
2425,50,628
2425,51,593
2425,52,564
2425,53,809
2425,54,595
2425,55,596
2425,56,565
2425,57,257
2425,58,595
2425,59,750
2425,60,781
2425,61,90
2425,62,288
2425,63,752
2425,64,787
2425,65,886
2425,66,182
2425,67,789
2425,68,886
2425,69,853
2425,70,918
2425,71,662
2425,72,630
2425,73,662
2425,74,657
2425,75,782
2425,76,812
2425,77,904
2425,78,627
2425,79,626
2425,80,781
2426,41,798
2426,42,486
2426,43,456
2426,44,234
2426,45,441
2426,46,364
2426,47,338
2426,48,183
2426,49,376
2426,50,509
2426,51,343
2426,52,276
2426,53,304
2426,54,2
2426,55,236
2426,56,203
2426,57,236
2426,58,236
2426,59,169
2426,60,338
2426,61,200
2426,62,444
2426,63,289
2426,64,431
2426,65,357
2426,66,356
2426,67,227
2426,68,131
2426,69,67
2426,70,99
2426,71,374
2426,72,985
2426,73,194
2426,74,99
2426,75,69
2426,76,264
2426,77,232
2426,78,356
2426,79,621
2426,80,715
2427,41,886
2427,42,927
2427,43,506
2427,44,344
2427,45,248
2427,46,315
2427,47,584
2427,48,350
2427,49,381
2427,50,380
2427,51,379
2427,52,505
2427,53,506
2427,54,506
2427,55,411
2427,56,474
2427,57,410
2427,58,441
2427,59,327
2427,60,255
2427,61,329
2427,62,630
2427,63,469
2427,64,530
2427,65,470
2427,66,539
2427,67,475
2427,68,508
2427,69,507
2427,70,506
2427,71,567
2427,72,502
2427,73,1022
2427,74,365
2427,75,392
2427,76,336
2427,77,271
2427,78,275
2427,79,246
2427,80,604
2428,41,529
2428,42,468
2428,43,78
2428,44,78
2428,45,110
2428,46,112
2428,47,110
2428,48,48
2428,49,110
2428,50,111
2428,51,142
2428,52,82
2428,53,893
2428,54,50
2428,55,50
2428,56,52
2428,57,84
2428,58,830
2428,59,806
2428,60,50
2428,61,93
2428,62,946
2428,63,374
2428,64,407
2428,65,375
2428,66,472
2428,67,148
2428,68,473
2428,69,708
2428,70,471
2428,71,960
2428,72,570
2428,73,732
2428,74,667
2428,75,888
2428,76,888
2428,77,667
2428,78,700
2428,79,634
2428,80,505
2429,41,123
2429,42,236
2429,43,757
2429,44,255
2429,45,942
2429,46,879
2429,47,879
2429,48,231
2429,49,910
2429,50,942
2429,51,362
2429,52,495
2429,53,922
2429,54,151
2429,55,723
2429,56,191
2429,57,960
2429,58,436
2429,59,342
2429,60,342
2429,61,876
2429,62,560
2429,63,557
2429,64,493
2429,65,493
2429,66,493
2429,67,422
2429,68,431
2429,69,530
2429,70,561
2429,71,561
2429,72,530
2429,73,594
2429,74,123
2429,75,529
2429,76,563
2429,77,563
2429,78,563
2429,79,841
2429,80,279
2430,41,900
2430,42,84
2430,43,326
2430,44,325
2430,45,839
2430,46,325
2430,47,325
2430,48,359
2430,49,322
2430,50,366
2430,51,91
2430,52,359
2430,53,115
2430,54,908
2430,55,974
2430,56,692
2430,57,978
2430,58,946
2430,59,317
2430,60,946
2430,61,543
2430,62,294
2430,63,330
2430,64,201
2430,65,167
2430,66,358
2430,67,290
2430,68,979
2430,69,356
2430,70,163
2430,71,132
2430,72,69
2430,73,254
2430,74,301
2430,75,334
2430,76,272
2430,77,521
2430,78,637
2430,79,402
2430,80,402
2431,41,804
2431,42,772
2431,43,16
2431,44,110
2431,45,91
2431,46,113
2431,47,144
2431,48,114
2431,49,142
2431,50,147
2431,51,105
2431,52,115
2431,53,51
2431,54,182
2431,55,84
2431,56,305
2431,57,276
2431,58,342
2431,59,211
2431,60,178
2431,61,599
2431,62,355
2431,63,275
2431,64,236
2431,65,237
2431,66,170
2431,67,276
2431,68,24
2431,69,337
2431,70,337
2431,71,305
2431,72,203
2431,73,169
2431,74,37
2431,75,37
2431,76,236
2431,77,921
2431,78,293
2431,79,154
2431,80,240
2432,41,5
2432,42,344
2432,43,870
2432,44,716
2432,45,785
2432,46,996
2432,47,818
2432,48,519
2432,49,1011
2432,50,188
2432,51,950
2432,52,918
2432,53,17
2432,54,717
2432,55,477
2432,56,751
2432,57,183
2432,58,785
2432,59,163
2432,60,682
2432,61,979
2432,62,192
2432,63,779
2432,64,747
2432,65,748
2432,66,696
2432,67,717
2432,68,222
2432,69,748
2432,70,746
2432,71,760
2432,72,758
2432,73,727
2432,74,855
2432,75,705
2432,76,791
2432,77,758
2432,78,778
2432,79,761
2432,80,823
2433,41,271
2433,42,244
2433,43,679
2433,44,268
2433,45,268
2433,46,299
2433,47,1
2433,48,205
2433,49,205
2433,50,205
2433,51,301
2433,52,137
2433,53,102
2433,54,71
2433,55,71
2433,56,134
2433,57,134
2433,58,99
2433,59,162
2433,60,195
2433,61,475
2433,62,708
2433,63,107
2433,64,73
2433,65,69
2433,66,165
2433,67,137
2433,68,110
2433,69,111
2433,70,109
2433,71,465
2433,72,499
2433,73,235
2433,74,102
2433,75,132
2433,76,100
2433,77,137
2433,78,420
2433,79,3
2433,80,69
2434,41,255
2434,42,954
2434,43,311
2434,44,311
2434,45,317
2434,46,312
2434,47,185
2434,48,246
2434,49,792
2434,50,28
2434,51,154
2434,52,154
2434,53,667
2434,54,847
2434,55,637
2434,56,343
2434,57,279
2434,58,343
2434,59,376
2434,60,441
2434,61,367
2434,62,601
2434,63,373
2434,64,311
2434,65,276
2434,66,278
2434,67,246
2434,68,345
2434,69,345
2434,70,285
2434,71,256
2434,72,224
2434,73,255
2434,74,346
2434,75,408
2434,76,588
2434,77,379
2434,78,376
2434,79,443
2434,80,409
2435,41,576
2435,42,988
2435,43,813
2435,44,68
2435,45,3
2435,46,16
2435,47,99
2435,48,385
2435,49,980
2435,50,357
2435,51,385
2435,52,845
2435,53,979
2435,54,668
2435,55,323
2435,56,130
2435,57,68
2435,58,68
2435,59,68
2435,60,68
2435,61,221
2435,62,176
2435,63,131
2435,64,101
2435,65,101
2435,66,68
2435,67,857
2435,68,99
2435,69,554
2435,70,390
2435,71,390
2435,72,390
2435,73,956
2435,74,390
2435,75,390
2435,76,390
2435,77,390
2435,78,390
2435,79,672
2435,80,390
2436,41,304
2436,42,895
2436,43,621
2436,44,649
2436,45,612
2436,46,863
2436,47,903
2436,48,738
2436,49,706
2436,50,456
2436,51,706
2436,52,769
2436,53,769
2436,54,678
2436,55,628
2436,56,648
2436,57,555
2436,58,585
2436,59,619
2436,60,557
2436,61,973
2436,62,122
2436,63,591
2436,64,628
2436,65,750
2436,66,813
2436,67,782
2436,68,499
2436,69,406
2436,70,375
2436,71,345
2436,72,388
2436,73,203
2436,74,275
2436,75,345
2436,76,255
2436,77,313
2436,78,151
2436,79,22
2436,80,86
2437,41,276
2437,42,14
2437,43,525
2437,44,613
2437,45,525
2437,46,525
2437,47,525
2437,48,429
2437,49,454
2437,50,454
2437,51,389
2437,52,426
2437,53,323
2437,54,363
2437,55,396
2437,56,392
2437,57,394
2437,58,572
2437,59,422
2437,60,433
2437,61,18
2437,62,594
2437,63,640
2437,64,887
2437,65,315
2437,66,315
2437,67,378
2437,68,378
2437,69,442
2437,70,666
2437,71,888
2437,72,666
2437,73,928
2437,74,29
2437,75,634
2437,76,378
2437,77,984
2437,78,279
2437,79,279
2437,80,505
2438,41,958
2438,42,445
2438,43,822
2438,44,822
2438,45,821
2438,46,475
2438,47,823
2438,48,823
2438,49,671
2438,50,823
2438,51,2
2438,52,823
2438,53,823
2438,54,854
2438,55,886
2438,56,886
2438,57,821
2438,58,886
2438,59,886
2438,60,212
2438,61,976
2438,62,224
2438,63,873
2438,64,107
2438,65,789
2438,66,821
2438,67,854
2438,68,788
2438,69,788
2438,70,820
2438,71,820
2438,72,820
2438,73,820
2438,74,820
2438,75,820
2438,76,249
2438,77,788
2438,78,788
2438,79,788
2438,80,788
2439,41,840
2439,42,659
2439,43,442
2439,44,506
2439,45,634
2439,46,569
2439,47,569
2439,48,700
2439,49,10
2439,50,597
2439,51,703
2439,52,863
2439,53,666
2439,54,704
2439,55,704
2439,56,1010
2439,57,761
2439,58,439
2439,59,763
2439,60,538
2439,61,343
2439,62,304
2439,63,1024
2439,64,863
2439,65,992
2439,66,634
2439,67,568
2439,68,478
2439,69,410
2439,70,542
2439,71,540
2439,72,928
2439,73,765
2439,74,474
2439,75,474
2439,76,477
2439,77,538
2439,78,734
2439,79,627
2439,80,798
2440,41,355
2440,42,396
2440,43,964
2440,44,244
2440,45,316
2440,46,183
2440,47,247
2440,48,153
2440,49,185
2440,50,94
2440,51,190
2440,52,255
2440,53,285
2440,54,254
2440,55,722
2440,56,224
2440,57,313
2440,58,252
2440,59,254
2440,60,315
2440,61,378
2440,62,484
2440,63,460
2440,64,530
2440,65,627
2440,66,626
2440,67,355
2440,68,724
2440,69,630
2440,70,595
2440,71,745
2440,72,598
2440,73,473
2440,74,484
2440,75,451
2440,76,926
2440,77,427
2440,78,430
2440,79,384
2440,80,451
2441,41,1006
2441,42,28
2441,43,322
2441,44,289
2441,45,389
2441,46,259
2441,47,390
2441,48,456
2441,49,425
2441,50,862
2441,51,454
2441,52,487
2441,53,910
2441,54,520
2441,55,777
2441,56,808
2441,57,681
2441,58,221
2441,59,427
2441,60,903
2441,61,193
2441,62,914
2441,63,359
2441,64,390
2441,65,206
2441,66,777
2441,67,899
2441,68,621
2441,69,586
2441,70,586
2441,71,428
2441,72,425
2441,73,396
2441,74,394
2441,75,396
2441,76,266
2441,77,429
2441,78,167
2441,79,390
2441,80,390
2442,41,228
2442,42,549
2442,43,352
2442,44,648
2442,45,738
2442,46,677
2442,47,679
2442,48,619
2442,49,530
2442,50,562
2442,51,531
2442,52,529
2442,53,464
2442,54,530
2442,55,592
2442,56,593
2442,57,593
2442,58,618
2442,59,648
2442,60,584
2442,61,614
2442,62,341
2442,63,529
2442,64,593
2442,65,591
2442,66,649
2442,67,593
2442,68,592
2442,69,804
2442,70,557
2442,71,493
2442,72,432
2442,73,66
2442,74,620
2442,75,677
2442,76,693
2442,77,676
2442,78,679
2442,79,618
2442,80,557
2443,41,733
2443,42,346
2443,43,118
2443,44,151
2443,45,152
2443,46,152
2443,47,118
2443,48,280
2443,49,182
2443,50,151
2443,51,54
2443,52,118
2443,53,151
2443,54,216
2443,55,982
2443,56,216
2443,57,184
2443,58,184
2443,59,180
2443,60,178
2443,61,398
2443,62,79
2443,63,152
2443,64,118
2443,65,118
2443,66,118
2443,67,86
2443,68,86
2443,69,86
2443,70,118
2443,71,232
2443,72,118
2443,73,436
2443,74,687
2443,75,726
2443,76,82
2443,77,109
2443,78,75
2443,79,73
2443,80,73
2444,41,193
2444,42,693
2444,43,506
2444,44,506
2444,45,506
2444,46,506
2444,47,537
2444,48,537
2444,49,506
2444,50,506
2444,51,634
2444,52,634
2444,53,700
2444,54,634
2444,55,825
2444,56,700
2444,57,635
2444,58,219
2444,59,634
2444,60,703
2444,61,749
2444,62,905
2444,63,537
2444,64,907
2444,65,537
2444,66,506
2444,67,506
2444,68,506
2444,69,615
2444,70,537
2444,71,998
2444,72,537
2444,73,537
2444,74,537
2444,75,557
2444,76,830
2444,77,129
2444,78,830
2444,79,26
2444,80,868
2445,41,341
2445,42,258
2445,43,235
2445,44,462
2445,45,346
2445,46,952
2445,47,376
2445,48,433
2445,49,181
2445,50,936
2445,51,468
2445,52,567
2445,53,503
2445,54,889
2445,55,120
2445,56,537
2445,57,537
2445,58,537
2445,59,569
2445,60,569
2445,61,219
2445,62,26
2445,63,885
2445,64,504
2445,65,433
2445,66,632
2445,67,469
2445,68,46
2445,69,341
2445,70,306
2445,71,402
2445,72,983
2445,73,426
2445,74,366
2445,75,276
2445,76,407
2445,77,275
2445,78,309
2445,79,277
2445,80,242
2446,41,337
2446,42,906
2446,43,737
2446,44,910
2446,45,787
2446,46,756
2446,47,723
2446,48,786
2446,49,29
2446,50,630
2446,51,693
2446,52,657
2446,53,693
2446,54,785
2446,55,880
2446,56,54
2446,57,754
2446,58,942
2446,59,660
2446,60,754
2446,61,225
2446,62,495
2446,63,755
2446,64,837
2446,65,666
2446,66,756
2446,67,754
2446,68,628
2446,69,723
2446,70,270
2446,71,973
2446,72,911
2446,73,1004
2446,74,1002
2446,75,974
2446,76,485
2446,77,817
2446,78,628
2446,79,628
2446,80,628
2447,41,634
2447,42,158
2447,43,745
2447,44,745
2447,45,712
2447,46,744
2447,47,840
2447,48,873
2447,49,904
2447,50,840
2447,51,681
2447,52,776
2447,53,841
2447,54,841
2447,55,841
2447,56,808
2447,57,808
2447,58,887
2447,59,743
2447,60,743
2447,61,827
2447,62,774
2447,63,776
2447,64,839
2447,65,840
2447,66,873
2447,67,840
2447,68,759
2447,69,840
2447,70,840
2447,71,935
2447,72,935
2447,73,935
2447,74,808
2447,75,808
2447,76,743
2447,77,743
2447,78,436
2447,79,671
2447,80,743
2448,41,280
2448,42,925
2448,43,140
2448,44,936
2448,45,107
2448,46,107
2448,47,109
2448,48,73
2448,49,71
2448,50,358
2448,51,167
2448,52,167
2448,53,840
2448,54,107
2448,55,44
2448,56,44
2448,57,271
2448,58,44
2448,59,76
2448,60,107
2448,61,774
2448,62,801
2448,63,79
2448,64,110
2448,65,109
2448,66,820
2448,67,204
2448,68,957
2448,69,616
2448,70,426
2448,71,289
2448,72,67
2448,73,584
2448,74,982
2448,75,840
2448,76,874
2448,77,935
2448,78,936
2448,79,998
2448,80,904
2449,41,173
2449,42,822
2449,43,233
2449,44,201
2449,45,233
2449,46,233
2449,47,202
2449,48,305
2449,49,991
2449,50,278
2449,51,437
2449,52,438
2449,53,405
2449,54,345
2449,55,730
2449,56,20
2449,57,348
2449,58,254
2449,59,533
2449,60,416
2449,61,614
2449,62,378
2449,63,836
2449,64,392
2449,65,326
2449,66,326
2449,67,295
2449,68,296
2449,69,271
2449,70,305
2449,71,304
2449,72,404
2449,73,342
2449,74,342
2449,75,310
2449,76,435
2449,77,404
2449,78,40
2449,79,439
2449,80,437
2450,41,594
2450,42,136
2450,43,763
2450,44,826
2450,45,859
2450,46,424
2450,47,667
2450,48,763
2450,49,704
2450,50,602
2450,51,484
2450,52,704
2450,53,794
2450,54,795
2450,55,732
2450,56,651
2450,57,602
2450,58,515
2450,59,753
2450,60,691
2450,61,422
2450,62,722
2450,63,728
2450,64,763
2450,65,701
2450,66,763
2450,67,830
2450,68,635
2450,69,635
2450,70,570
2450,71,570
2450,72,505
2450,73,601
2450,74,505
2450,75,497
2450,76,459
2450,77,459
2450,78,459
2450,79,685
2450,80,281
2451,41,22
2451,42,354
2451,43,102
2451,44,40
2451,45,1001
2451,46,42
2451,47,722
2451,48,40
2451,49,39
2451,50,40
2451,51,110
2451,52,649
2451,53,139
2451,54,108
2451,55,541
2451,56,265
2451,57,133
2451,58,133
2451,59,71
2451,60,40
2451,61,68
2451,62,895
2451,63,789
2451,64,36
2451,65,69
2451,66,200
2451,67,424
2451,68,391
2451,69,327
2451,70,638
2451,71,552
2451,72,681
2451,73,776
2451,74,520
2451,75,582
2451,76,582
2451,77,616
2451,78,1021
2451,79,395
2451,80,445
2452,41,641
2452,42,477
2452,43,825
2452,44,999
2452,45,145
2452,46,762
2452,47,695
2452,48,761
2452,49,858
2452,50,640
2452,51,473
2452,52,315
2452,53,315
2452,54,314
2452,55,506
2452,56,473
2452,57,456
2452,58,187
2452,59,147
2452,60,156
2452,61,216
2452,62,164
2452,63,568
2452,64,535
2452,65,504
2452,66,505
2452,67,272
2452,68,607
2452,69,1018
2452,70,475
2452,71,480
2452,72,68
2452,73,478
2452,74,472
2452,75,467
2452,76,914
2452,77,538
2452,78,862
2452,79,895
2452,80,1024
2453,41,443
2453,42,184
2453,43,337
2453,44,183
2453,45,151
2453,46,32
2453,47,95
2453,48,153
2453,49,247
2453,50,311
2453,51,153
2453,52,216
2453,53,115
2453,54,185
2453,55,152
2453,56,20
2453,57,183
2453,58,122
2453,59,29
2453,60,28
2453,61,681
2453,62,526
2453,63,94
2453,64,181
2453,65,20
2453,66,121
2453,67,382
2453,68,656
2453,69,952
2453,70,345
2453,71,858
2453,72,557
2453,73,126
2453,74,632
2453,75,85
2453,76,84
2453,77,741
2453,78,992
2453,79,84
2453,80,1010
2454,41,196
2454,42,41
2454,43,214
2454,44,213
2454,45,493
2454,46,182
2454,47,275
2454,48,152
2454,49,152
2454,50,152
2454,51,523
2454,52,452
2454,53,185
2454,54,445
2454,55,696
2454,56,441
2454,57,510
2454,58,468
2454,59,472
2454,60,519
2454,61,975
2454,62,934
2454,63,181
2454,64,505
2454,65,942
2454,66,409
2454,67,607
2454,68,505
2454,69,472
2454,70,997
2454,71,955
2454,72,537
2454,73,569
2454,74,538
2454,75,608
2454,76,316
2454,77,608
2454,78,607
2454,79,541
2454,80,398
2455,41,89
2455,42,763
2455,43,322
2455,44,804
2455,45,356
2455,46,227
2455,47,290
2455,48,78
2455,49,244
2455,50,257
2455,51,257
2455,52,289
2455,53,323
2455,54,99
2455,55,195
2455,56,259
2455,57,292
2455,58,136
2455,59,163
2455,60,259
2455,61,397
2455,62,245
2455,63,545
2455,64,356
2455,65,314
2455,66,206
2455,67,322
2455,68,323
2455,69,664
2455,70,323
2455,71,131
2455,72,290
2455,73,289
2455,74,938
2455,75,290
2455,76,257
2455,77,685
2455,78,89
2455,79,289
2455,80,259
2456,41,128
2456,42,537
2456,43,280
2456,44,119
2456,45,501
2456,46,369
2456,47,469
2456,48,185
2456,49,225
2456,50,310
2456,51,366
2456,52,345
2456,53,250
2456,54,187
2456,55,94
2456,56,184
2456,57,122
2456,58,122
2456,59,63
2456,60,95
2456,61,855
2456,62,263
2456,63,358
2456,64,424
2456,65,501
2456,66,290
2456,67,374
2456,68,224
2456,69,346
2456,70,469
2456,71,471
2456,72,467
2456,73,823
2456,74,376
2456,75,376
2456,76,840
2456,77,473
2456,78,313
2456,79,404
2456,80,537
2457,41,541
2457,42,700
2457,43,999
2457,44,167
2457,45,295
2457,46,103
2457,47,359
2457,48,356
2457,49,417
2457,50,354
2457,51,290
2457,52,488
2457,53,422
2457,54,326
2457,55,295
2457,56,200
2457,57,8
2457,58,980
2457,59,203
2457,60,38
2457,61,659
2457,62,604
2457,63,430
2457,64,472
2457,65,468
2457,66,472
2457,67,499
2457,68,466
2457,69,344
2457,70,344
2457,71,377
2457,72,832
2457,73,344
2457,74,307
2457,75,137
2457,76,109
2457,77,138
2457,78,356
2457,79,290
2457,80,452
2458,41,641
2458,42,891
2458,43,853
2458,44,650
2458,45,1016
2458,46,951
2458,47,818
2458,48,961
2458,49,630
2458,50,252
2458,51,1012
2458,52,42
2458,53,731
2458,54,729
2458,55,856
2458,56,856
2458,57,946
2458,58,181
2458,59,180
2458,60,852
2458,61,908
2458,62,119
2458,63,756
2458,64,822
2458,65,267
2458,66,791
2458,67,60
2458,68,952
2458,69,166
2458,70,751
2458,71,856
2458,72,795
2458,73,761
2458,74,727
2458,75,758
2458,76,890
2458,77,793
2458,78,825
2458,79,794
2458,80,823
2459,41,213
2459,42,246
2459,43,135
2459,44,104
2459,45,307
2459,46,305
2459,47,305
2459,48,513
2459,49,277
2459,50,182
2459,51,315
2459,52,415
2459,53,415
2459,54,441
2459,55,591
2459,56,315
2459,57,409
2459,58,125
2459,59,874
2459,60,378
2459,61,876
2459,62,966
2459,63,122
2459,64,185
2459,65,343
2459,66,276
2459,67,275
2459,68,217
2459,69,249
2459,70,184
2459,71,815
2459,72,60
2459,73,157
2459,74,187
2459,75,52
2459,76,184
2459,77,864
2459,78,218
2459,79,157
2459,80,219
2460,41,385
2460,42,766
2460,43,716
2460,44,323
2460,45,481
2460,46,707
2460,47,706
2460,48,706
2460,49,678
2460,50,647
2460,51,676
2460,52,463
2460,53,678
2460,54,679
2460,55,617
2460,56,556
2460,57,418
2460,58,10
2460,59,676
2460,60,675
2460,61,922
2460,62,634
2460,63,138
2460,64,138
2460,65,138
2460,66,141
2460,67,79
2460,68,109
2460,69,776
2460,70,331
2460,71,142
2460,72,12
2460,73,888
2460,74,76
2460,75,76
2460,76,140
2460,77,79
2460,78,78
2460,79,79
2460,80,79
2461,41,929
2461,42,466
2461,43,603
2461,44,602
2461,45,667
2461,46,700
2461,47,315
2461,48,284
2461,49,288
2461,50,286
2461,51,288
2461,52,288
2461,53,254
2461,54,276
2461,55,285
2461,56,285
2461,57,409
2461,58,606
2461,59,84
2461,60,700
2461,61,661
2461,62,872
2461,63,476
2461,64,509
2461,65,45
2461,66,269
2461,67,438
2461,68,537
2461,69,566
2461,70,817
2461,71,428
2461,72,366
2461,73,275
2461,74,305
2461,75,271
2461,76,303
2461,77,398
2461,78,433
2461,79,325
2461,80,403
2462,41,158
2462,42,299
2462,43,960
2462,44,642
2462,45,919
2462,46,442
2462,47,667
2462,48,702
2462,49,699
2462,50,992
2462,51,243
2462,52,704
2462,53,704
2462,54,703
2462,55,703
2462,56,766
2462,57,732
2462,58,667
2462,59,667
2462,60,977
2462,61,513
2462,62,888
2462,63,76
2462,64,130
2462,65,161
2462,66,938
2462,67,139
2462,68,322
2462,69,389
2462,70,259
2462,71,195
2462,72,164
2462,73,195
2462,74,195
2462,75,367
2462,76,356
2462,77,226
2462,78,226
2462,79,225
2462,80,161
2463,41,58
2463,42,269
2463,43,285
2463,44,657
2463,45,812
2463,46,626
2463,47,564
2463,48,194
2463,49,451
2463,50,625
2463,51,29
2463,52,587
2463,53,904
2463,54,966
2463,55,695
2463,56,999
2463,57,998
2463,58,999
2463,59,781
2463,60,283
2463,61,857
2463,62,122
2463,63,747
2463,64,218
2463,65,252
2463,66,189
2463,67,222
2463,68,189
2463,69,218
2463,70,188
2463,71,187
2463,72,218
2463,73,223
2463,74,224
2463,75,224
2463,76,222
2463,77,747
2463,78,382
2463,79,315
2463,80,605
2464,41,5
2464,42,91
2464,43,562
2464,44,529
2464,45,497
2464,46,497
2464,47,579
2464,48,874
2464,49,842
2464,50,997
2464,51,998
2464,52,966
2464,53,666
2464,54,718
2464,55,626
2464,56,693
2464,57,566
2464,58,563
2464,59,215
2464,60,250
2464,61,437
2464,62,441
2464,63,536
2464,64,532
2464,65,229
2464,66,244
2464,67,763
2464,68,555
2464,69,497
2464,70,595
2464,71,904
2464,72,998
2464,73,688
2464,74,626
2464,75,596
2464,76,817
2464,77,660
2464,78,563
2464,79,763
2464,80,626
2465,41,826
2465,42,831
2465,43,413
2465,44,422
2465,45,454
2465,46,422
2465,47,199
2465,48,548
2465,49,213
2465,50,527
2465,51,235
2465,52,398
2465,53,366
2465,54,522
2465,55,365
2465,56,151
2465,57,924
2465,58,426
2465,59,513
2465,60,577
2465,61,74
2465,62,256
2465,63,199
2465,64,164
2465,65,164
2465,66,162
2465,67,391
2465,68,394
2465,69,394
2465,70,213
2465,71,461
2465,72,568
2465,73,589
2465,74,663
2465,75,209
2465,76,589
2465,77,322
2465,78,461
2465,79,525
2465,80,460
2466,41,851
2466,42,271
2466,43,135
2466,44,556
2466,45,102
2466,46,263
2466,47,592
2466,48,359
2466,49,391
2466,50,200
2466,51,277
2466,52,289
2466,53,646
2466,54,322
2466,55,417
2466,56,356
2466,57,323
2466,58,450
2466,59,322
2466,60,543
2466,61,252
2466,62,702
2466,63,109
2466,64,209
2466,65,143
2466,66,50
2466,67,19
2466,68,51
2466,69,50
2466,70,125
2466,71,111
2466,72,177
2466,73,262
2466,74,431
2466,75,594
2466,76,275
2466,77,146
2466,78,148
2466,79,800
2466,80,256
2467,41,129
2467,42,750
2467,43,731
2467,44,731
2467,45,731
2467,46,888
2467,47,769
2467,48,667
2467,49,19
2467,50,699
2467,51,602
2467,52,604
2467,53,156
2467,54,703
2467,55,670
2467,56,671
2467,57,702
2467,58,645
2467,59,862
2467,60,831
2467,61,595
2467,62,691
2467,63,601
2467,64,567
2467,65,537
2467,66,537
2467,67,537
2467,68,393
2467,69,537
2467,70,537
2467,71,733
2467,72,703
2467,73,763
2467,74,605
2467,75,703
2467,76,700
2467,77,570
2467,78,863
2467,79,668
2467,80,668
2468,41,253
2468,42,619
2468,43,350
2468,44,309
2468,45,344
2468,46,836
2468,47,529
2468,48,375
2468,49,101
2468,50,309
2468,51,304
2468,52,270
2468,53,307
2468,54,506
2468,55,374
2468,56,147
2468,57,244
2468,58,864
2468,59,2
2468,60,163
2468,61,162
2468,62,924
2468,63,238
2468,64,309
2468,65,342
2468,66,375
2468,67,277
2468,68,244
2468,69,245
2468,70,306
2468,71,238
2468,72,276
2468,73,554
2468,74,246
2468,75,409
2468,76,85
2468,77,85
2468,78,116
2468,79,410
2468,80,540
2469,41,424
2469,42,321
2469,43,323
2469,44,322
2469,45,354
2469,46,291
2469,47,291
2469,48,422
2469,49,323
2469,50,323
2469,51,132
2469,52,512
2469,53,259
2469,54,259
2469,55,390
2469,56,357
2469,57,355
2469,58,718
2469,59,417
2469,60,163
2469,61,107
2469,62,940
2469,63,385
2469,64,449
2469,65,323
2469,66,389
2469,67,389
2469,68,195
2469,69,101
2469,70,68
2469,71,788
2469,72,354
2469,73,449
2469,74,385
2469,75,323
2469,76,523
2469,77,449
2469,78,449
2469,79,449
2469,80,385
2470,41,883
2470,42,353
2470,43,439
2470,44,203
2470,45,169
2470,46,203
2470,47,292
2470,48,434
2470,49,434
2470,50,404
2470,51,309
2470,52,607
2470,53,480
2470,54,444
2470,55,106
2470,56,5
2470,57,377
2470,58,160
2470,59,381
2470,60,381
2470,61,1021
2470,62,930
2470,63,779
2470,64,350
2470,65,348
2470,66,439
2470,67,104
2470,68,69
2470,69,271
2470,70,202
2470,71,40
2470,72,3
2470,73,35
2470,74,99
2470,75,36
2470,76,162
2470,77,138
2470,78,102
2470,79,741
2470,80,167
2471,41,893
2471,42,808
2471,43,732
2471,44,315
2471,45,412
2471,46,254
2471,47,285
2471,48,285
2471,49,315
2471,50,315
2471,51,248
2471,52,20
2471,53,279
2471,54,438
2471,55,566
2471,56,532
2471,57,534
2471,58,534
2471,59,201
2471,60,975
2471,61,205
2471,62,643
2471,63,416
2471,64,382
2471,65,416
2471,66,352
2471,67,416
2471,68,416
2471,69,352
2471,70,315
2471,71,348
2471,72,382
2471,73,352
2471,74,382
2471,75,384
2471,76,351
2471,77,351
2471,78,416
2471,79,416
2471,80,416
2472,41,376
2472,42,806
2472,43,422
2472,44,356
2472,45,427
2472,46,466
2472,47,724
2472,48,324
2472,49,358
2472,50,580
2472,51,323
2472,52,291
2472,53,395
2472,54,289
2472,55,389
2472,56,158
2472,57,385
2472,58,605
2472,59,712
2472,60,37
2472,61,510
2472,62,930
2472,63,424
2472,64,333
2472,65,470
2472,66,468
2472,67,476
2472,68,198
2472,69,342
2472,70,273
2472,71,848
2472,72,104
2472,73,7
2472,74,164
2472,75,101
2472,76,2
2472,77,131
2472,78,129
2472,79,605
2472,80,130
2473,41,978
2473,42,617
2473,43,396
2473,44,337
2473,45,672
2473,46,393
2473,47,466
2473,48,520
2473,49,424
2473,50,362
2473,51,394
2473,52,395
2473,53,392
2473,54,390
2473,55,63
2473,56,201
2473,57,233
2473,58,330
2473,59,390
2473,60,359
2473,61,425
2473,62,446
2473,63,394
2473,64,333
2473,65,333
2473,66,334
2473,67,853
2473,68,364
2473,69,392
2473,70,232
2473,71,698
2473,72,381
2473,73,489
2473,74,745
2473,75,988
2473,76,454
2473,77,745
2473,78,777
2473,79,509
2473,80,808
2474,41,919
2474,42,551
2474,43,442
2474,44,267
2474,45,375
2474,46,203
2474,47,307
2474,48,641
2474,49,104
2474,50,210
2474,51,110
2474,52,395
2474,53,144
2474,54,146
2474,55,836
2474,56,100
2474,57,215
2474,58,927
2474,59,245
2474,60,3
2474,61,55
2474,62,485
2474,63,594
2474,64,281
2474,65,20
2474,66,51
2474,67,84
2474,68,54
2474,69,20
2474,70,247
2474,71,376
2474,72,275
2474,73,36
2474,74,309
2474,75,277
2474,76,261
2474,77,406
2474,78,447
2474,79,557
2474,80,333
2475,41,523
2475,42,214
2475,43,113
2475,44,822
2475,45,147
2475,46,18
2475,47,46
2475,48,116
2475,49,182
2475,50,243
2475,51,212
2475,52,248
2475,53,94
2475,54,94
2475,55,64
2475,56,27
2475,57,28
2475,58,90
2475,59,60
2475,60,153
2475,61,7
2475,62,433
2475,63,277
2475,64,438
2475,65,435
2475,66,27
2475,67,436
2475,68,435
2475,69,310
2475,70,246
2475,71,501
2475,72,564
2475,73,374
2475,74,693
2475,75,723
2475,76,817
2475,77,755
2475,78,756
2475,79,786
2475,80,639
2476,41,966
2476,42,307
2476,43,861
2476,44,823
2476,45,853
2476,46,682
2476,47,826
2476,48,552
2476,49,712
2476,50,584
2476,51,391
2476,52,430
2476,53,301
2476,54,398
2476,55,398
2476,56,170
2476,57,170
2476,58,170
2476,59,342
2476,60,468
2476,61,384
2476,62,430
2476,63,832
2476,64,864
2476,65,895
2476,66,700
2476,67,895
2476,68,928
2476,69,960
2476,70,738
2476,71,303
2476,72,797
2476,73,960
2476,74,643
2476,75,928
2476,76,830
2476,77,622
2476,78,832
2476,79,832
2476,80,832
2477,41,919
2477,42,234
2477,43,734
2477,44,733
2477,45,831
2477,46,831
2477,47,832
2477,48,1017
2477,49,734
2477,50,734
2477,51,700
2477,52,732
2477,53,1015
2477,54,501
2477,55,472
2477,56,503
2477,57,502
2477,58,503
2477,59,470
2477,60,505
2477,61,484
2477,62,442
2477,63,537
2477,64,633
2477,65,299
2477,66,830
2477,67,793
2477,68,701
2477,69,671
2477,70,704
2477,71,701
2477,72,787
2477,73,31
2477,74,672
2477,75,303
2477,76,699
2477,77,831
2477,78,473
2477,79,538
2477,80,667
2478,41,645
2478,42,978
2478,43,881
2478,44,469
2478,45,470
2478,46,530
2478,47,734
2478,48,623
2478,49,623
2478,50,198
2478,51,530
2478,52,983
2478,53,351
2478,54,557
2478,55,620
2478,56,1
2478,57,1023
2478,58,652
2478,59,487
2478,60,455
2478,61,695
2478,62,664
2478,63,535
2478,64,532
2478,65,534
2478,66,563
2478,67,528
2478,68,530
2478,69,598
2478,70,431
2478,71,466
2478,72,427
2478,73,434
2478,74,557
2478,75,469
2478,76,613
2478,77,840
2478,78,952
2478,79,287
2478,80,560
2479,41,518
2479,42,632
2479,43,18
2479,44,81
2479,45,51
2479,46,212
2479,47,148
2479,48,143
2479,49,109
2479,50,141
2479,51,72
2479,52,331
2479,53,930
2479,54,204
2479,55,580
2479,56,301
2479,57,301
2479,58,300
2479,59,302
2479,60,57
2479,61,434
2479,62,849
2479,63,12
2479,64,207
2479,65,173
2479,66,632
2479,67,44
2479,68,845
2479,69,12
2479,70,109
2479,71,12
2479,72,44
2479,73,44
2479,74,109
2479,75,73
2479,76,113
2479,77,20
2479,78,156
2479,79,213
2479,80,845
2480,41,289
2480,42,9
2480,43,385
2480,44,195
2480,45,889
2480,46,450
2480,47,423
2480,48,672
2480,49,295
2480,50,435
2480,51,389
2480,52,496
2480,53,994
2480,54,692
2480,55,1006
2480,56,203
2480,57,630
2480,58,755
2480,59,700
2480,60,628
2480,61,506
2480,62,1001
2480,63,818
2480,64,391
2480,65,147
2480,66,232
2480,67,201
2480,68,236
2480,69,363
2480,70,517
2480,71,495
2480,72,461
2480,73,488
2480,74,326
2480,75,296
2480,76,610
2480,77,186
2480,78,330
2480,79,335
2480,80,290
2481,41,347
2481,42,285
2481,43,864
2481,44,451
2481,45,708
2481,46,286
2481,47,738
2481,48,160
2481,49,610
2481,50,421
2481,51,107
2481,52,199
2481,53,102
2481,54,295
2481,55,552
2481,56,429
2481,57,423
2481,58,451
2481,59,366
2481,60,156
2481,61,410
2481,62,21
2481,63,176
2481,64,203
2481,65,36
2481,66,35
2481,67,531
2481,68,356
2481,69,425
2481,70,642
2481,71,450
2481,72,421
2481,73,792
2481,74,809
2481,75,240
2481,76,941
2481,77,941
2481,78,435
2481,79,708
2481,80,552
2482,41,950
2482,42,863
2482,43,69
2482,44,439
2482,45,69
2482,46,5
2482,47,35
2482,48,34
2482,49,5
2482,50,5
2482,51,36
2482,52,684
2482,53,1
2482,54,37
2482,55,37
2482,56,2
2482,57,198
2482,58,136
2482,59,195
2482,60,327
2482,61,434
2482,62,150
2482,63,2
2482,64,2
2482,65,37
2482,66,3
2482,67,99
2482,68,397
2482,69,36
2482,70,35
2482,71,33
2482,72,429
2482,73,386
2482,74,35
2482,75,35
2482,76,35
2482,77,67
2482,78,69
2482,79,349
2482,80,69
2483,41,808
2483,42,644
2483,43,35
2483,44,35
2483,45,228
2483,46,99
2483,47,35
2483,48,756
2483,49,36
2483,50,975
2483,51,104
2483,52,29
2483,53,287
2483,54,104
2483,55,649
2483,56,305
2483,57,275
2483,58,236
2483,59,270
2483,60,270
2483,61,52
2483,62,353
2483,63,259
2483,64,356
2483,65,259
2483,66,323
2483,67,131
2483,68,227
2483,69,227
2483,70,322
2483,71,356
2483,72,163
2483,73,992
2483,74,513
2483,75,449
2483,76,323
2483,77,195
2483,78,50
2483,79,195
2483,80,195
2484,41,540
2484,42,917
2484,43,70
2484,44,133
2484,45,70
2484,46,71
2484,47,161
2484,48,720
2484,49,358
2484,50,80
2484,51,387
2484,52,389
2484,53,340
2484,54,448
2484,55,36
2484,56,199
2484,57,422
2484,58,453
2484,59,219
2484,60,453
2484,61,755
2484,62,212
2484,63,327
2484,64,456
2484,65,456
2484,66,94
2484,67,618
2484,68,898
2484,69,584
2484,70,648
2484,71,592
2484,72,712
2484,73,605
2484,74,186
2484,75,423
2484,76,295
2484,77,265
2484,78,134
2484,79,994
2484,80,166
2485,41,982
2485,42,181
2485,43,615
2485,44,678
2485,45,617
2485,46,858
2485,47,560
2485,48,464
2485,49,593
2485,50,622
2485,51,713
2485,52,743
2485,53,744
2485,54,968
2485,55,838
2485,56,837
2485,57,773
2485,58,675
2485,59,676
2485,60,626
2485,61,325
2485,62,45
2485,63,580
2485,64,580
2485,65,559
2485,66,323
2485,67,976
2485,68,469
2485,69,562
2485,70,562
2485,71,947
2485,72,559
2485,73,561
2485,74,147
2485,75,498
2485,76,499
2485,77,469
2485,78,469
2485,79,998
2485,80,404
2486,41,60
2486,42,821
2486,43,417
2486,44,141
2486,45,195
2486,46,174
2486,47,67
2486,48,227
2486,49,290
2486,50,422
2486,51,1024
2486,52,430
2486,53,470
2486,54,407
2486,55,151
2486,56,151
2486,57,1
2486,58,182
2486,59,545
2486,60,314
2486,61,938
2486,62,386
2486,63,82
2486,64,212
2486,65,153
2486,66,92
2486,67,94
2486,68,153
2486,69,516
2486,70,26
2486,71,284
2486,72,723
2486,73,59
2486,74,91
2486,75,93
2486,76,91
2486,77,90
2486,78,152
2486,79,91
2486,80,123
2487,41,387
2487,42,361
2487,43,780
2487,44,344
2487,45,348
2487,46,318
2487,47,228
2487,48,447
2487,49,277
2487,50,307
2487,51,336
2487,52,395
2487,53,338
2487,54,394
2487,55,452
2487,56,452
2487,57,422
2487,58,422
2487,59,545
2487,60,449
2487,61,738
2487,62,503
2487,63,966
2487,64,349
2487,65,411
2487,66,9
2487,67,924
2487,68,411
2487,69,411
2487,70,411
2487,71,411
2487,72,411
2487,73,823
2487,74,344
2487,75,309
2487,76,84
2487,77,115
2487,78,115
2487,79,244
2487,80,277
2488,41,904
2488,42,301
2488,43,3
2488,44,227
2488,45,444
2488,46,67
2488,47,227
2488,48,322
2488,49,227
2488,50,259
2488,51,417
2488,52,417
2488,53,67
2488,54,323
2488,55,976
2488,56,323
2488,57,323
2488,58,520
2488,59,520
2488,60,551
2488,61,253
2488,62,261
2488,63,373
2488,64,518
2488,65,548
2488,66,612
2488,67,642
2488,68,125
2488,69,215
2488,70,873
2488,71,498
2488,72,997
2488,73,935
2488,74,842
2488,75,841
2488,76,470
2488,77,530
2488,78,530
2488,79,115
2488,80,586
2489,41,1021
2489,42,600
2489,43,97
2489,44,97
2489,45,543
2489,46,65
2489,47,333
2489,48,104
2489,49,137
2489,50,202
2489,51,305
2489,52,303
2489,53,303
2489,54,275
2489,55,276
2489,56,737
2489,57,997
2489,58,466
2489,59,701
2489,60,474
2489,61,883
2489,62,448
2489,63,552
2489,64,450
2489,65,433
2489,66,806
2489,67,475
2489,68,478
2489,69,479
2489,70,107
2489,71,475
2489,72,331
2489,73,538
2489,74,1017
2489,75,509
2489,76,585
2489,77,474
2489,78,467
2489,79,593
2489,80,625
2490,41,1004
2490,42,956
2490,43,1012
2490,44,1012
2490,45,1012
2490,46,447
2490,47,981
2490,48,920
2490,49,825
2490,50,794
2490,51,412
2490,52,831
2490,53,892
2490,54,893
2490,55,893
2490,56,12
2490,57,951
2490,58,950
2490,59,920
2490,60,1016
2490,61,693
2490,62,298
2490,63,472
2490,64,342
2490,65,377
2490,66,343
2490,67,343
2490,68,441
2490,69,747
2490,70,182
2490,71,344
2490,72,377
2490,73,376
2490,74,509
2490,75,488
2490,76,404
2490,77,149
2490,78,280
2490,79,182
2490,80,673
2491,41,543
2491,42,158
2491,43,264
2491,44,326
2491,45,546
2491,46,712
2491,47,356
2491,48,898
2491,49,337
2491,50,451
2491,51,356
2491,52,295
2491,53,361
2491,54,337
2491,55,395
2491,56,972
2491,57,336
2491,58,338
2491,59,396
2491,60,268
2491,61,956
2491,62,212
2491,63,8
2491,64,39
2491,65,39
2491,66,8
2491,67,822
2491,68,40
2491,69,72
2491,70,801
2491,71,7
2491,72,51
2491,73,7
2491,74,252
2491,75,102
2491,76,327
2491,77,327
2491,78,327
2491,79,207
2491,80,295
2492,41,463
2492,42,276
2492,43,118
2492,44,118
2492,45,54
2492,46,118
2492,47,152
2492,48,118
2492,49,54
2492,50,458
2492,51,54
2492,52,54
2492,53,992
2492,54,54
2492,55,118
2492,56,152
2492,57,54
2492,58,152
2492,59,118
2492,60,152
2492,61,214
2492,62,33
2492,63,312
2492,64,626
2492,65,246
2492,66,384
2492,67,246
2492,68,337
2492,69,240
2492,70,246
2492,71,246
2492,72,337
2492,73,365
2492,74,337
2492,75,393
2492,76,362
2492,77,323
2492,78,391
2492,79,87
2492,80,391
2493,41,467
2493,42,29
2493,43,822
2493,44,823
2493,45,1021
2493,46,726
2493,47,729
2493,48,700
2493,49,960
2493,50,832
2493,51,928
2493,52,326
2493,53,693
2493,54,464
2493,55,536
2493,56,749
2493,57,974
2493,58,1003
2493,59,723
2493,60,596
2493,61,567
2493,62,579
2493,63,111
2493,64,65
2493,65,175
2493,66,407
2493,67,378
2493,68,354
2493,69,288
2493,70,270
2493,71,320
2493,72,320
2493,73,255
2493,74,3
2493,75,667
2493,76,474
2493,77,259
2493,78,538
2493,79,442
2493,80,733
2494,41,616
2494,42,296
2494,43,204
2494,44,176
2494,45,185
2494,46,211
2494,47,336
2494,48,236
2494,49,298
2494,50,828
2494,51,331
2494,52,299
2494,53,267
2494,54,331
2494,55,365
2494,56,336
2494,57,252
2494,58,395
2494,59,781
2494,60,204
2494,61,284
2494,62,888
2494,63,548
2494,64,323
2494,65,99
2494,66,35
2494,67,725
2494,68,403
2494,69,35
2494,70,33
2494,71,948
2494,72,33
2494,73,849
2494,74,1013
2494,75,104
2494,76,343
2494,77,280
2494,78,305
2494,79,336
2494,80,394
2495,41,678
2495,42,694
2495,43,432
2495,44,466
2495,45,505
2495,46,753
2495,47,438
2495,48,408
2495,49,472
2495,50,471
2495,51,472
2495,52,506
2495,53,506
2495,54,432
2495,55,472
2495,56,432
2495,57,372
2495,58,468
2495,59,942
2495,60,468
2495,61,452
2495,62,425
2495,63,469
2495,64,475
2495,65,438
2495,66,462
2495,67,470
2495,68,474
2495,69,225
2495,70,476
2495,71,471
2495,72,731
2495,73,880
2495,74,469
2495,75,116
2495,76,468
2495,77,470
2495,78,467
2495,79,469
2495,80,377
2496,41,458
2496,42,36
2496,43,211
2496,44,314
2496,45,147
2496,46,193
2496,47,272
2496,48,271
2496,49,210
2496,50,179
2496,51,298
2496,52,18
2496,53,18
2496,54,18
2496,55,115
2496,56,18
2496,57,339
2496,58,177
2496,59,370
2496,60,470
2496,61,422
2496,62,228
2496,63,762
2496,64,339
2496,65,732
2496,66,652
2496,67,660
2496,68,723
2496,69,724
2496,70,788
2496,71,788
2496,72,373
2496,73,724
2496,74,660
2496,75,684
2496,76,724
2496,77,628
2496,78,817
2496,79,723
2496,80,175
2497,41,29
2497,42,164
2497,43,560
2497,44,592
2497,45,528
2497,46,297
2497,47,494
2497,48,492
2497,49,962
2497,50,532
2497,51,1004
2497,52,618
2497,53,620
2497,54,915
2497,55,837
2497,56,699
2497,57,649
2497,58,618
2497,59,218
2497,60,584
2497,61,922
2497,62,521
2497,63,65
2497,64,33
2497,65,104
2497,66,675
2497,67,167
2497,68,102
2497,69,37
2497,70,36
2497,71,33
2497,72,35
2497,73,35
2497,74,33
2497,75,65
2497,76,35
2497,77,35
2497,78,864
2497,79,35
2497,80,35
2498,41,41
2498,42,507
2498,43,70
2498,44,36
2498,45,210
2498,46,66
2498,47,34
2498,48,665
2498,49,131
2498,50,67
2498,51,91
2498,52,104
2498,53,3
2498,54,3
2498,55,171
2498,56,874
2498,57,99
2498,58,322
2498,59,354
2498,60,354
2498,61,24
2498,62,188
2498,63,390
2498,64,975
2498,65,263
2498,66,354
2498,67,259
2498,68,259
2498,69,356
2498,70,290
2498,71,488
2498,72,396
2498,73,365
2498,74,342
2498,75,367
2498,76,367
2498,77,148
2498,78,306
2498,79,306
2498,80,337
2499,41,284
2499,42,805
2499,43,950
2499,44,918
2499,45,888
2499,46,920
2499,47,821
2499,48,984
2499,49,1016
2499,50,856
2499,51,825
2499,52,144
2499,53,59
2499,54,731
2499,55,890
2499,56,892
2499,57,703
2499,58,918
2499,59,941
2499,60,794
2499,61,119
2499,62,378
2499,63,793
2499,64,113
2499,65,760
2499,66,879
2499,67,811
2499,68,316
2499,69,848
2499,70,1007
2499,71,817
2499,72,495
2499,73,342
2499,74,286
2499,75,780
2499,76,880
2499,77,785
2499,78,566
2499,79,657
2499,80,719
2500,41,124
2500,42,190
2500,43,216
2500,44,219
2500,45,283
2500,46,282
2500,47,283
2500,48,442
2500,49,285
2500,50,287
2500,51,637
2500,52,953
2500,53,496
2500,54,255
2500,55,976
2500,56,286
2500,57,255
2500,58,946
2500,59,381
2500,60,450
2500,61,596
2500,62,121
2500,63,278
2500,64,248
2500,65,478
2500,66,468
2500,67,309
2500,68,365
2500,69,306
2500,70,366
2500,71,237
2500,72,299
2500,73,589
2500,74,718
2500,75,594
2500,76,593
2500,77,499
2500,78,530
2500,79,431
2500,80,268
2501,41,801
2501,42,871
2501,43,315
2501,44,631
2501,45,415
2501,46,27
2501,47,412
2501,48,412
2501,49,540
2501,50,575
2501,51,607
2501,52,917
2501,53,98
2501,54,672
2501,55,670
2501,56,702
2501,57,704
2501,58,736
2501,59,736
2501,60,768
2501,61,715
2501,62,315
2501,63,600
2501,64,607
2501,65,574
2501,66,941
2501,67,409
2501,68,302
2501,69,149
2501,70,20
2501,71,84
2501,72,215
2501,73,52
2501,74,117
2501,75,378
2501,76,315
2501,77,248
2501,78,542
2501,79,187
2501,80,156
2502,41,307
2502,42,598
2502,43,34
2502,44,101
2502,45,67
2502,46,99
2502,47,3
2502,48,3
2502,49,8
2502,50,71
2502,51,471
2502,52,109
2502,53,142
2502,54,111
2502,55,209
2502,56,242
2502,57,310
2502,58,69
2502,59,161
2502,60,493
2502,61,504
2502,62,583
2502,63,103
2502,64,108
2502,65,103
2502,66,1020
2502,67,494
2502,68,71
2502,69,72
2502,70,36
2502,71,178
2502,72,270
2502,73,270
2502,74,237
2502,75,299
2502,76,565
2502,77,141
2502,78,541
2502,79,375
2502,80,551
2503,41,567
2503,42,942
2503,43,660
2503,44,235
2503,45,170
2503,46,276
2503,47,472
2503,48,470
2503,49,171
2503,50,307
2503,51,873
2503,52,275
2503,53,309
2503,54,309
2503,55,409
2503,56,506
2503,57,506
2503,58,473
2503,59,432
2503,60,469
2503,61,898
2503,62,517
2503,63,788
2503,64,36
2503,65,3
2503,66,3
2503,67,859
2503,68,36
2503,69,37
2503,70,70
2503,71,2
2503,72,102
2503,73,203
2503,74,103
2503,75,530
2503,76,431
2503,77,427
2503,78,394
2503,79,336
2503,80,364
2504,41,695
2504,42,316
2504,43,853
2504,44,918
2504,45,918
2504,46,751
2504,47,785
2504,48,752
2504,49,785
2504,50,165
2504,51,787
2504,52,1003
2504,53,1004
2504,54,786
2504,55,786
2504,56,1007
2504,57,780
2504,58,1007
2504,59,1002
2504,60,941
2504,61,974
2504,62,87
2504,63,825
2504,64,77
2504,65,732
2504,66,799
2504,67,857
2504,68,518
2504,69,923
2504,70,923
2504,71,822
2504,72,854
2504,73,853
2504,74,851
2504,75,852
2504,76,712
2504,77,681
2504,78,134
2504,79,856
2504,80,263
2505,41,418
2505,42,462
2505,43,848
2505,44,1004
2505,45,942
2505,46,908
2505,47,617
2505,48,973
2505,49,941
2505,50,941
2505,51,148
2505,52,941
2505,53,182
2505,54,817
2505,55,908
2505,56,1007
2505,57,908
2505,58,908
2505,59,380
2505,60,593
2505,61,1000
2505,62,370
2505,63,723
2505,64,974
2505,65,87
2505,66,974
2505,67,848
2505,68,723
2505,69,356
2505,70,1004
2505,71,563
2505,72,630
2505,73,630
2505,74,693
2505,75,787
2505,76,786
2505,77,786
2505,78,953
2505,79,8
2505,80,690
2506,41,183
2506,42,925
2506,43,338
2506,44,240
2506,45,241
2506,46,239
2506,47,207
2506,48,483
2506,49,138
2506,50,354
2506,51,168
2506,52,168
2506,53,202
2506,54,186
2506,55,136
2506,56,341
2506,57,298
2506,58,168
2506,59,240
2506,60,391
2506,61,608
2506,62,934
2506,63,493
2506,64,272
2506,65,236
2506,66,304
2506,67,250
2506,68,125
2506,69,95
2506,70,64
2506,71,1022
2506,72,93
2506,73,152
2506,74,91
2506,75,26
2506,76,124
2506,77,25
2506,78,58
2506,79,25
2506,80,59
2507,41,520
2507,42,675
2507,43,544
2507,44,541
2507,45,992
2507,46,34
2507,47,248
2507,48,284
2507,49,346
2507,50,281
2507,51,280
2507,52,313
2507,53,313
2507,54,625
2507,55,248
2507,56,631
2507,57,149
2507,58,345
2507,59,915
2507,60,354
2507,61,236
2507,62,484
2507,63,542
2507,64,1018
2507,65,542
2507,66,543
2507,67,575
2507,68,444
2507,69,479
2507,70,539
2507,71,542
2507,72,543
2507,73,541
2507,74,537
2507,75,253
2507,76,537
2507,77,570
2507,78,928
2507,79,113
2507,80,666
2508,41,345
2508,42,574
2508,43,723
2508,44,314
2508,45,205
2508,46,365
2508,47,146
2508,48,179
2508,49,113
2508,50,872
2508,51,176
2508,52,275
2508,53,581
2508,54,170
2508,55,410
2508,56,303
2508,57,303
2508,58,240
2508,59,181
2508,60,143
2508,61,331
2508,62,302
2508,63,238
2508,64,151
2508,65,893
2508,66,486
2508,67,486
2508,68,681
2508,69,117
2508,70,451
2508,71,452
2508,72,389
2508,73,389
2508,74,388
2508,75,1005
2508,76,323
2508,77,212
2508,78,394
2508,79,649
2508,80,684
2509,41,491
2509,42,787
2509,43,424
2509,44,522
2509,45,358
2509,46,523
2509,47,523
2509,48,589
2509,49,550
2509,50,525
2509,51,528
2509,52,494
2509,53,494
2509,54,527
2509,55,725
2509,56,495
2509,57,587
2509,58,584
2509,59,450
2509,60,357
2509,61,198
2509,62,702
2509,63,322
2509,64,421
2509,65,389
2509,66,120
2509,67,167
2509,68,424
2509,69,327
2509,70,264
2509,71,327
2509,72,425
2509,73,905
2509,74,102
2509,75,103
2509,76,327
2509,77,199
2509,78,266
2509,79,327
2509,80,495
2510,41,512
2510,42,187
2510,43,622
2510,44,854
2510,45,339
2510,46,467
2510,47,469
2510,48,471
2510,49,471
2510,50,467
2510,51,264
2510,52,1008
2510,53,337
2510,54,403
2510,55,209
2510,56,143
2510,57,676
2510,58,113
2510,59,111
2510,60,50
2510,61,742
2510,62,580
2510,63,675
2510,64,677
2510,65,610
2510,66,215
2510,67,805
2510,68,808
2510,69,208
2510,70,765
2510,71,808
2510,72,805
2510,73,807
2510,74,777
2510,75,546
2510,76,557
2510,77,584
2510,78,908
2510,79,721
2510,80,1001
2511,41,541
2511,42,787
2511,43,142
2511,44,112
2511,45,49
2511,46,79
2511,47,112
2511,48,313
2511,49,141
2511,50,205
2511,51,142
2511,52,113
2511,53,748
2511,54,641
2511,55,533
2511,56,437
2511,57,501
2511,58,501
2511,59,501
2511,60,683
2511,61,843
2511,62,319
2511,63,292
2511,64,272
2511,65,273
2511,66,271
2511,67,306
2511,68,277
2511,69,216
2511,70,236
2511,71,173
2511,72,298
2511,73,299
2511,74,268
2511,75,563
2511,76,267
2511,77,204
2511,78,20
2511,79,820
2511,80,264
2512,41,544
2512,42,774
2512,43,345
2512,44,306
2512,45,270
2512,46,338
2512,47,338
2512,48,366
2512,49,629
2512,50,609
2512,51,576
2512,52,744
2512,53,36
2512,54,71
2512,55,306
2512,56,336
2512,57,305
2512,58,212
2512,59,18
2512,60,210
2512,61,587
2512,62,603
2512,63,916
2512,64,212
2512,65,478
2512,66,476
2512,67,331
2512,68,343
2512,69,376
2512,70,48
2512,71,141
2512,72,172
2512,73,386
2512,74,109
2512,75,50
2512,76,115
2512,77,81
2512,78,49
2512,79,112
2512,80,143
2513,41,46
2513,42,357
2513,43,103
2513,44,139
2513,45,72
2513,46,331
2513,47,169
2513,48,379
2513,49,357
2513,50,357
2513,51,356
2513,52,295
2513,53,295
2513,54,199
2513,55,167
2513,56,358
2513,57,358
2513,58,264
2513,59,165
2513,60,981
2513,61,511
2513,62,994
2513,63,48
2513,64,180
2513,65,398
2513,66,427
2513,67,587
2513,68,530
2513,69,503
2513,70,470
2513,71,634
2513,72,825
2513,73,97
2513,74,468
2513,75,394
2513,76,424
2513,77,264
2513,78,390
2513,79,847
2513,80,390
2514,41,378
2514,42,279
2514,43,699
2514,44,109
2514,45,81
2514,46,114
2514,47,425
2514,48,143
2514,49,480
2514,50,247
2514,51,213
2514,52,789
2514,53,180
2514,54,176
2514,55,178
2514,56,209
2514,57,181
2514,58,143
2514,59,143
2514,60,110
2514,61,201
2514,62,291
2514,63,303
2514,64,334
2514,65,427
2514,66,427
2514,67,642
2514,68,1005
2514,69,577
2514,70,545
2514,71,610
2514,72,8
2514,73,485
2514,74,454
2514,75,520
2514,76,713
2514,77,838
2514,78,838
2514,79,95
2514,80,708
2515,41,942
2515,42,727
2515,43,214
2515,44,427
2515,45,421
2515,46,466
2515,47,895
2515,48,473
2515,49,6
2515,50,471
2515,51,1010
2515,52,470
2515,53,278
2515,54,764
2515,55,342
2515,56,469
2515,57,428
2515,58,440
2515,59,472
2515,60,965
2515,61,132
2515,62,815
2515,63,75
2515,64,75
2515,65,903
2515,66,73
2515,67,700
2515,68,812
2515,69,309
2515,70,276
2515,71,70
2515,72,173
2515,73,48
2515,74,18
2515,75,213
2515,76,183
2515,77,247
2515,78,113
2515,79,209
2515,80,501
2516,41,215
2516,42,543
2516,43,780
2516,44,982
2516,45,780
2516,46,780
2516,47,368
2516,48,586
2516,49,719
2516,50,626
2516,51,566
2516,52,894
2516,53,813
2516,54,782
2516,55,814
2516,56,782
2516,57,98
2516,58,904
2516,59,874
2516,60,657
2516,61,593
2516,62,610
2516,63,780
2516,64,780
2516,65,780
2516,66,780
2516,67,780
2516,68,769
2516,69,536
2516,70,567
2516,71,343
2516,72,310
2516,73,116
2516,74,184
2516,75,216
2516,76,216
2516,77,182
2516,78,215
2516,79,73
2516,80,144
2517,41,195
2517,42,977
2517,43,557
2517,44,66
2517,45,499
2517,46,278
2517,47,10
2517,48,403
2517,49,370
2517,50,274
2517,51,274
2517,52,215
2517,53,729
2517,54,346
2517,55,117
2517,56,248
2517,57,149
2517,58,20
2517,59,313
2517,60,52
2517,61,47
2517,62,361
2517,63,591
2517,64,589
2517,65,559
2517,66,6
2517,67,654
2517,68,901
2517,69,718
2517,70,682
2517,71,716
2517,72,717
2517,73,586
2517,74,520
2517,75,182
2517,76,102
2517,77,37
2517,78,134
2517,79,167
2517,80,164
2518,41,669
2518,42,488
2518,43,928
2518,44,173
2518,45,143
2518,46,209
2518,47,110
2518,48,80
2518,49,113
2518,50,112
2518,51,48
2518,52,112
2518,53,109
2518,54,143
2518,55,242
2518,56,342
2518,57,276
2518,58,978
2518,59,311
2518,60,247
2518,61,284
2518,62,275
2518,63,821
2518,64,268
2518,65,103
2518,66,407
2518,67,276
2518,68,111
2518,69,172
2518,70,76
2518,71,171
2518,72,137
2518,73,103
2518,74,237
2518,75,102
2518,76,337
2518,77,107
2518,78,12
2518,79,242
2518,80,242
2519,41,129
2519,42,630
2519,43,187
2519,44,190
2519,45,223
2519,46,228
2519,47,190
2519,48,223
2519,49,288
2519,50,393
2519,51,285
2519,52,281
2519,53,249
2519,54,248
2519,55,154
2519,56,123
2519,57,123
2519,58,777
2519,59,124
2519,60,601
2519,61,1004
2519,62,160
2519,63,346
2519,64,34
2519,65,622
2519,66,283
2519,67,156
2519,68,282
2519,69,315
2519,70,314
2519,71,223
2519,72,415
2519,73,381
2519,74,381
2519,75,346
2519,76,377
2519,77,570
2519,78,634
2519,79,597
2519,80,602
2520,41,297
2520,42,623
2520,43,345
2520,44,477
2520,45,667
2520,46,699
2520,47,664
2520,48,664
2520,49,696
2520,50,696
2520,51,728
2520,52,728
2520,53,762
2520,54,762
2520,55,667
2520,56,702
2520,57,672
2520,58,703
2520,59,863
2520,60,798
2520,61,574
2520,62,379
2520,63,276
2520,64,271
2520,65,216
2520,66,84
2520,67,280
2520,68,181
2520,69,16
2520,70,122
2520,71,185
2520,72,673
2520,73,242
2520,74,187
2520,75,619
2520,76,343
2520,77,151
2520,78,215
2520,79,147
2520,80,212
2521,41,425
2521,42,759
2521,43,168
2521,44,356
2521,45,467
2521,46,505
2521,47,505
2521,48,210
2521,49,615
2521,50,410
2521,51,479
2521,52,575
2521,53,182
2521,54,640
2521,55,540
2521,56,690
2521,57,638
2521,58,865
2521,59,574
2521,60,408
2521,61,407
2521,62,684
2521,63,232
2521,64,738
2521,65,326
2521,66,326
2521,67,233
2521,68,503
2521,69,939
2521,70,161
2521,71,601
2521,72,322
2521,73,162
2521,74,195
2521,75,133
2521,76,134
2521,77,327
2521,78,200
2521,79,330
2521,80,233
2522,41,630
2522,42,381
2522,43,595
2522,44,628
2522,45,529
2522,46,467
2522,47,469
2522,48,468
2522,49,471
2522,50,432
2522,51,466
2522,52,473
2522,53,505
2522,54,474
2522,55,502
2522,56,474
2522,57,797
2522,58,398
2522,59,597
2522,60,780
2522,61,325
2522,62,665
2522,63,499
2522,64,497
2522,65,628
2522,66,676
2522,67,619
2522,68,592
2522,69,594
2522,70,425
2522,71,531
2522,72,432
2522,73,529
2522,74,499
2522,75,529
2522,76,594
2522,77,534
2522,78,534
2522,79,464
2522,80,497
2523,41,691
2523,42,504
2523,43,202
2523,44,169
2523,45,801
2523,46,236
2523,47,968
2523,48,137
2523,49,574
2523,50,538
2523,51,538
2523,52,765
2523,53,504
2523,54,439
2523,55,169
2523,56,306
2523,57,275
2523,58,275
2523,59,133
2523,60,202
2523,61,382
2523,62,649
2523,63,402
2523,64,939
2523,65,304
2523,66,930
2523,67,577
2523,68,642
2523,69,215
2523,70,406
2523,71,310
2523,72,304
2523,73,202
2523,74,236
2523,75,277
2523,76,373
2523,77,310
2523,78,376
2523,79,779
2523,80,307
2524,41,168
2524,42,866
2524,43,211
2524,44,240
2524,45,276
2524,46,50
2524,47,79
2524,48,48
2524,49,183
2524,50,403
2524,51,79
2524,52,111
2524,53,112
2524,54,909
2524,55,71
2524,56,142
2524,57,109
2524,58,72
2524,59,76
2524,60,652
2524,61,515
2524,62,948
2524,63,76
2524,64,173
2524,65,211
2524,66,242
2524,67,209
2524,68,375
2524,69,501
2524,70,437
2524,71,611
2524,72,597
2524,73,817
2524,74,438
2524,75,438
2524,76,626
2524,77,261
2524,78,597
2524,79,564
2524,80,437
2525,41,523
2525,42,544
2525,43,998
2525,44,782
2525,45,874
2525,46,539
2525,47,841
2525,48,781
2525,49,841
2525,50,336
2525,51,536
2525,52,470
2525,53,706
2525,54,717
2525,55,657
2525,56,532
2525,57,841
2525,58,843
2525,59,843
2525,60,843
2525,61,827
2525,62,320
2525,63,812
2525,64,812
2525,65,429
2525,66,306
2525,67,246
2525,68,242
2525,69,277
2525,70,243
2525,71,307
2525,72,659
2525,73,211
2525,74,155
2525,75,250
2525,76,522
2525,77,278
2525,78,248
2525,79,473
2525,80,444
2526,41,649
2526,42,172
2526,43,652
2526,44,584
2526,45,299
2526,46,267
2526,47,237
2526,48,141
2526,49,208
2526,50,342
2526,51,205
2526,52,267
2526,53,267
2526,54,331
2526,55,204
2526,56,204
2526,57,268
2526,58,130
2526,59,205
2526,60,134
2526,61,974
2526,62,965
2526,63,782
2526,64,688
2526,65,557
2526,66,426
2526,67,426
2526,68,502
2526,69,493
2526,70,653
2526,71,652
2526,72,618
2526,73,559
2526,74,530
2526,75,531
2526,76,530
2526,77,528
2526,78,620
2526,79,652
2526,80,456
2527,41,872
2527,42,808
2527,43,149
2527,44,362
2527,45,249
2527,46,615
2527,47,372
2527,48,535
2527,49,568
2527,50,916
2527,51,598
2527,52,594
2527,53,561
2527,54,558
2527,55,677
2527,56,527
2527,57,532
2527,58,532
2527,59,534
2527,60,534
2527,61,649
2527,62,1015
2527,63,285
2527,64,285
2527,65,276
2527,66,732
2527,67,300
2527,68,861
2527,69,763
2527,70,667
2527,71,830
2527,72,732
2527,73,863
2527,74,863
2527,75,733
2527,76,733
2527,77,863
2527,78,600
2527,79,491
2527,80,687
2528,41,388
2528,42,161
2528,43,488
2528,44,866
2528,45,488
2528,46,423
2528,47,295
2528,48,232
2528,49,263
2528,50,264
2528,51,391
2528,52,488
2528,53,487
2528,54,518
2528,55,518
2528,56,486
2528,57,520
2528,58,469
2528,59,520
2528,60,520
2528,61,141
2528,62,672
2528,63,425
2528,64,503
2528,65,473
2528,66,471
2528,67,473
2528,68,562
2528,69,468
2528,70,429
2528,71,466
2528,72,468
2528,73,443
2528,74,576
2528,75,476
2528,76,476
2528,77,443
2528,78,604
2528,79,539
2528,80,474
2529,41,691
2529,42,984
2529,43,390
2529,44,644
2529,45,361
2529,46,371
2529,47,290
2529,48,290
2529,49,257
2529,50,290
2529,51,323
2529,52,354
2529,53,195
2529,54,3
2529,55,67
2529,56,232
2529,57,390
2529,58,627
2529,59,389
2529,60,424
2529,61,835
2529,62,855
2529,63,649
2529,64,616
2529,65,423
2529,66,687
2529,67,843
2529,68,743
2529,69,777
2529,70,875
2529,71,935
2529,72,839
2529,73,904
2529,74,936
2529,75,782
2529,76,263
2529,77,688
2529,78,657
2529,79,809
2529,80,616
2530,41,279
2530,42,341
2530,43,449
2530,44,291
2530,45,89
2530,46,451
2530,47,422
2530,48,392
2530,49,635
2530,50,391
2530,51,584
2530,52,456
2530,53,423
2530,54,392
2530,55,422
2530,56,355
2530,57,226
2530,58,226
2530,59,354
2530,60,597
2530,61,94
2530,62,569
2530,63,456
2530,64,584
2530,65,504
2530,66,617
2530,67,558
2530,68,530
2530,69,534
2530,70,688
2530,71,342
2530,72,272
2530,73,396
2530,74,875
2530,75,322
2530,76,162
2530,77,199
2530,78,199
2530,79,198
2530,80,164
2531,41,689
2531,42,946
2531,43,609
2531,44,48
2531,45,609
2531,46,646
2531,47,912
2531,48,488
2531,49,394
2531,50,330
2531,51,363
2531,52,238
2531,53,366
2531,54,275
2531,55,393
2531,56,389
2531,57,137
2531,58,226
2531,59,324
2531,60,46
2531,61,978
2531,62,110
2531,63,495
2531,64,493
2531,65,396
2531,66,336
2531,67,367
2531,68,189
2531,69,360
2531,70,270
2531,71,276
2531,72,309
2531,73,331
2531,74,104
2531,75,203
2531,76,307
2531,77,37
2531,78,170
2531,79,305
2531,80,235
2532,41,104
2532,42,473
2532,43,235
2532,44,102
2532,45,103
2532,46,70
2532,47,3
2532,48,37
2532,49,3
2532,50,2
2532,51,402
2532,52,102
2532,53,135
2532,54,135
2532,55,3
2532,56,66
2532,57,2
2532,58,554
2532,59,2
2532,60,41
2532,61,677
2532,62,661
2532,63,1009
2532,64,305
2532,65,37
2532,66,785
2532,67,335
2532,68,306
2532,69,224
2532,70,472
2532,71,503
2532,72,569
2532,73,601
2532,74,666
2532,75,470
2532,76,1014
2532,77,439
2532,78,899
2532,79,540
2532,80,985
2533,41,716
2533,42,194
2533,43,229
2533,44,67
2533,45,39
2533,46,39
2533,47,363
2533,48,745
2533,49,808
2533,50,808
2533,51,350
2533,52,781
2533,53,598
2533,54,781
2533,55,683
2533,56,908
2533,57,941
2533,58,911
2533,59,756
2533,60,912
2533,61,97
2533,62,1011
2533,63,3
2533,64,74
2533,65,250
2533,66,107
2533,67,144
2533,68,275
2533,69,753
2533,70,408
2533,71,876
2533,72,562
2533,73,74
2533,74,520
2533,75,204
2533,76,890
2533,77,77
2533,78,420
2533,79,901
2533,80,212
2534,41,943
2534,42,6
2534,43,18
2534,44,82
2534,45,113
2534,46,505
2534,47,107
2534,48,91
2534,49,331
2534,50,331
2534,51,298
2534,52,173
2534,53,169
2534,54,298
2534,55,299
2534,56,141
2534,57,110
2534,58,110
2534,59,110
2534,60,110
2534,61,175
2534,62,644
2534,63,110
2534,64,112
2534,65,176
2534,66,75
2534,67,73
2534,68,76
2534,69,76
2534,70,143
2534,71,143
2534,72,205
2534,73,211
2534,74,183
2534,75,179
2534,76,82
2534,77,82
2534,78,142
2534,79,48
2534,80,48
2535,41,942
2535,42,248
2535,43,584
2535,44,617
2535,45,618
2535,46,124
2535,47,586
2535,48,555
2535,49,101
2535,50,679
2535,51,456
2535,52,714
2535,53,714
2535,54,908
2535,55,842
2535,56,998
2535,57,501
2535,58,577
2535,59,737
2535,60,739
2535,61,762
2535,62,813
2535,63,456
2535,64,359
2535,65,778
2535,66,678
2535,67,678
2535,68,993
2535,69,968
2535,70,440
2535,71,935
2535,72,810
2535,73,625
2535,74,929
2535,75,462
2535,76,874
2535,77,936
2535,78,359
2535,79,586
2535,80,613
2536,41,570
2536,42,963
2536,43,222
2536,44,60
2536,45,93
2536,46,29
2536,47,122
2536,48,214
2536,49,213
2536,50,247
2536,51,28
2536,52,268
2536,53,95
2536,54,184
2536,55,184
2536,56,183
2536,57,183
2536,58,92
2536,59,94
2536,60,64
2536,61,265
2536,62,384
2536,63,190
2536,64,442
2536,65,123
2536,66,52
2536,67,85
2536,68,153
2536,69,59
2536,70,89
2536,71,51
2536,72,92
2536,73,124
2536,74,124
2536,75,384
2536,76,123
2536,77,216
2536,78,20
2536,79,247
2536,80,20
2537,41,656
2537,42,845
2537,43,422
2537,44,454
2537,45,307
2537,46,421
2537,47,844
2537,48,139
2537,49,389
2537,50,391
2537,51,389
2537,52,167
2537,53,593
2537,54,431
2537,55,461
2537,56,395
2537,57,848
2537,58,357
2537,59,398
2537,60,429
2537,61,69
2537,62,553
2537,63,333
2537,64,458
2537,65,470
2537,66,480
2537,67,468
2537,68,459
2537,69,497
2537,70,394
2537,71,427
2537,72,459
2537,73,756
2537,74,433
2537,75,429
2537,76,429
2537,77,432
2537,78,427
2537,79,398
2537,80,434
2538,41,724
2538,42,702
2538,43,430
2538,44,471
2538,45,579
2538,46,504
2538,47,504
2538,48,504
2538,49,478
2538,50,129
2538,51,787
2538,52,475
2538,53,633
2538,54,444
2538,55,479
2538,56,301
2538,57,468
2538,58,894
2538,59,466
2538,60,525
2538,61,586
2538,62,379
2538,63,503
2538,64,53
2538,65,169
2538,66,272
2538,67,203
2538,68,275
2538,69,46
2538,70,307
2538,71,271
2538,72,235
2538,73,293
2538,74,832
2538,75,593
2538,76,237
2538,77,306
2538,78,370
2538,79,114
2538,80,781
2539,41,965
2539,42,417
2539,43,601
2539,44,733
2539,45,602
2539,46,965
2539,47,794
2539,48,861
2539,49,885
2539,50,955
2539,51,923
2539,52,478
2539,53,827
2539,54,760
2539,55,695
2539,56,664
2539,57,568
2539,58,601
2539,59,633
2539,60,665
2539,61,674
2539,62,753
2539,63,758
2539,64,621
2539,65,695
2539,66,695
2539,67,699
2539,68,702
2539,69,728
2539,70,662
2539,71,695
2539,72,504
2539,73,596
2539,74,580
2539,75,602
2539,76,667
2539,77,763
2539,78,891
2539,79,955
2539,80,988
2540,41,493
2540,42,609
2540,43,66
2540,44,505
2540,45,601
2540,46,535
2540,47,375
2540,48,739
2540,49,535
2540,50,598
2540,51,598
2540,52,600
2540,53,568
2540,54,695
2540,55,215
2540,56,600
2540,57,664
2540,58,664
2540,59,664
2540,60,662
2540,61,218
2540,62,507
2540,63,632
2540,64,472
2540,65,438
2540,66,438
2540,67,405
2540,68,436
2540,69,467
2540,70,467
2540,71,599
2540,72,597
2540,73,687
2540,74,406
2540,75,533
2540,76,562
2540,77,210
2540,78,649
2540,79,888
2540,80,677
2541,41,966
2541,42,402
2541,43,534
2541,44,534
2541,45,794
2541,46,485
2541,47,534
2541,48,563
2541,49,534
2541,50,563
2541,51,532
2541,52,534
2541,53,494
2541,54,561
2541,55,622
2541,56,653
2541,57,653
2541,58,685
2541,59,336
2541,60,685
2541,61,400
2541,62,673
2541,63,561
2541,64,404
2541,65,527
2541,66,605
2541,67,494
2541,68,459
2541,69,620
2541,70,199
2541,71,579
2541,72,558
2541,73,558
2541,74,895
2541,75,530
2541,76,592
2541,77,290
2541,78,534
2541,79,534
2541,80,385
2542,41,227
2542,42,957
2542,43,790
2542,44,211
2542,45,141
2542,46,204
2542,47,871
2542,48,271
2542,49,277
2542,50,277
2542,51,343
2542,52,276
2542,53,443
2542,54,247
2542,55,20
2542,56,211
2542,57,573
2542,58,248
2542,59,117
2542,60,378
2542,61,809
2542,62,912
2542,63,869
2542,64,150
2542,65,409
2542,66,569
2542,67,634
2542,68,634
2542,69,309
2542,70,728
2542,71,697
2542,72,698
2542,73,965
2542,74,729
2542,75,149
2542,76,754
2542,77,464
2542,78,693
2542,79,849
2542,80,786
2543,41,773
2543,42,995
2543,43,469
2543,44,509
2543,45,640
2543,46,516
2543,47,608
2543,48,774
2543,49,304
2543,50,290
2543,51,361
2543,52,395
2543,53,357
2543,54,388
2543,55,389
2543,56,289
2543,57,804
2543,58,860
2543,59,389
2543,60,322
2543,61,888
2543,62,394
2543,63,243
2543,64,211
2543,65,178
2543,66,338
2543,67,302
2543,68,275
2543,69,18
2543,70,333
2543,71,483
2543,72,19
2543,73,50
2543,74,275
2543,75,276
2543,76,338
2543,77,366
2543,78,343
2543,79,596
2543,80,471
2544,41,536
2544,42,825
2544,43,502
2544,44,769
2544,45,769
2544,46,1000
2544,47,903
2544,48,966
2544,49,968
2544,50,714
2544,51,810
2544,52,713
2544,53,584
2544,54,552
2544,55,713
2544,56,743
2544,57,681
2544,58,456
2544,59,520
2544,60,584
2544,61,555
2544,62,342
2544,63,900
2544,64,968
2544,65,93
2544,66,537
2544,67,815
2544,68,755
2544,69,974
2544,70,1004
2544,71,778
2544,72,1003
2544,73,973
2544,74,973
2544,75,809
2544,76,263
2544,77,119
2544,78,649
2544,79,584
2544,80,807
2545,41,84
2545,42,62
2545,43,562
2545,44,626
2545,45,842
2545,46,941
2545,47,1003
2545,48,21
2545,49,552
2545,50,808
2545,51,868
2545,52,903
2545,53,291
2545,54,958
2545,55,657
2545,56,841
2545,57,674
2545,58,781
2545,59,781
2545,60,781
2545,61,301
2545,62,523
2545,63,840
2545,64,941
2545,65,782
2545,66,782
2545,67,997
2545,68,936
2545,69,875
2545,70,793
2545,71,745
2545,72,617
2545,73,558
2545,74,560
2545,75,530
2545,76,25
2545,77,497
2545,78,841
2545,79,745
2545,80,842
2546,41,255
2546,42,14
2546,43,375
2546,44,280
2546,45,409
2546,46,501
2546,47,506
2546,48,280
2546,49,375
2546,50,725
2546,51,276
2546,52,320
2546,53,199
2546,54,337
2546,55,366
2546,56,35
2546,57,338
2546,58,305
2546,59,449
2546,60,185
2546,61,991
2546,62,572
2546,63,378
2546,64,319
2546,65,473
2546,66,504
2546,67,285
2546,68,157
2546,69,190
2546,70,149
2546,71,255
2546,72,248
2546,73,60
2546,74,114
2546,75,93
2546,76,154
2546,77,152
2546,78,265
2546,79,153
2546,80,527
2547,41,634
2547,42,479
2547,43,464
2547,44,366
2547,45,338
2547,46,336
2547,47,364
2547,48,366
2547,49,423
2547,50,390
2547,51,866
2547,52,628
2547,53,345
2547,54,889
2547,55,442
2547,56,313
2547,57,346
2547,58,52
2547,59,839
2547,60,180
2547,61,167
2547,62,593
2547,63,366
2547,64,304
2547,65,276
2547,66,315
2547,67,178
2547,68,384
2547,69,811
2547,70,380
2547,71,975
2547,72,474
2547,73,184
2547,74,311
2547,75,346
2547,76,255
2547,77,314
2547,78,409
2547,79,70
2547,80,339
2548,41,321
2548,42,190
2548,43,389
2548,44,389
2548,45,565
2548,46,195
2548,47,162
2548,48,181
2548,49,357
2548,50,162
2548,51,259
2548,52,357
2548,53,945
2548,54,319
2548,55,323
2548,56,323
2548,57,4
2548,58,1
2548,59,1
2548,60,131
2548,61,588
2548,62,118
2548,63,265
2548,64,233
2548,65,265
2548,66,265
2548,67,264
2548,68,337
2548,69,98
2548,70,129
2548,71,67
2548,72,385
2548,73,389
2548,74,389
2548,75,259
2548,76,162
2548,77,163
2548,78,161
2548,79,322
2548,80,163
2549,41,309
2549,42,1018
2549,43,40
2549,44,424
2549,45,8
2549,46,8
2549,47,8
2549,48,8
2549,49,8
2549,50,8
2549,51,41
2549,52,42
2549,53,9
2549,54,134
2549,55,109
2549,56,73
2549,57,109
2549,58,40
2549,59,40
2549,60,40
2549,61,83
2549,62,424
2549,63,839
2549,64,71
2549,65,880
2549,66,102
2549,67,135
2549,68,326
2549,69,841
2549,70,326
2549,71,290
2549,72,289
2549,73,513
2549,74,259
2549,75,552
2549,76,290
2549,77,270
2549,78,42
2549,79,116
2549,80,995
2550,41,217
2550,42,167
2550,43,86
2550,44,16
2550,45,83
2550,46,153
2550,47,91
2550,48,185
2550,49,185
2550,50,185
2550,51,124
2550,52,185
2550,53,216
2550,54,185
2550,55,147
2550,56,216
2550,57,668
2550,58,476
2550,59,337
2550,60,187
2550,61,831
2550,62,416
2550,63,54
2550,64,118
2550,65,152
2550,66,118
2550,67,54
2550,68,54
2550,69,54
2550,70,769
2550,71,153
2550,72,122
2550,73,60
2550,74,91
2550,75,185
2550,76,187
2550,77,187
2550,78,318
2550,79,185
2550,80,63
2551,41,34
2551,42,145
2551,43,507
2551,44,429
2551,45,428
2551,46,557
2551,47,915
2551,48,662
2551,49,26
2551,50,530
2551,51,529
2551,52,386
2551,53,467
2551,54,630
2551,55,306
2551,56,336
2551,57,417
2551,58,356
2551,59,357
2551,60,227
2551,61,1013
2551,62,485
2551,63,466
2551,64,473
2551,65,505
2551,66,309
2551,67,338
2551,68,396
2551,69,243
2551,70,337
2551,71,337
2551,72,395
2551,73,364
2551,74,365
2551,75,368
2551,76,399
2551,77,395
2551,78,434
2551,79,370
2551,80,114
2552,41,773
2552,42,383
2552,43,517
2552,44,484
2552,45,584
2552,46,424
2552,47,423
2552,48,167
2552,49,423
2552,50,326
2552,51,323
2552,52,323
2552,53,392
2552,54,362
2552,55,450
2552,56,642
2552,57,420
2552,58,424
2552,59,394
2552,60,720
2552,61,798
2552,62,679
2552,63,552
2552,64,424
2552,65,323
2552,66,882
2552,67,976
2552,68,617
2552,69,167
2552,70,200
2552,71,165
2552,72,462
2552,73,161
2552,74,161
2552,75,176
2552,76,163
2552,77,162
2552,78,115
2552,79,33
2552,80,67
2553,41,941
2553,42,76
2553,43,313
2553,44,313
2553,45,254
2553,46,345
2553,47,306
2553,48,381
2553,49,314
2553,50,314
2553,51,602
2553,52,188
2553,53,222
2553,54,224
2553,55,252
2553,56,284
2553,57,316
2553,58,316
2553,59,61
2553,60,307
2553,61,841
2553,62,997
2553,63,190
2553,64,156
2553,65,254
2553,66,315
2553,67,254
2553,68,250
2553,69,287
2553,70,346
2553,71,315
2553,72,223
2553,73,222
2553,74,567
2553,75,287
2553,76,256
2553,77,855
2553,78,409
2553,79,379
2553,80,348
2554,41,769
2554,42,269
2554,43,810
2554,44,810
2554,45,745
2554,46,422
2554,47,472
2554,48,538
2554,49,343
2554,50,406
2554,51,276
2554,52,304
2554,53,438
2554,54,596
2554,55,598
2554,56,326
2554,57,598
2554,58,599
2554,59,533
2554,60,598
2554,61,40
2554,62,33
2554,63,841
2554,64,811
2554,65,489
2554,66,811
2554,67,843
2554,68,904
2554,69,626
2554,70,874
2554,71,966
2554,72,966
2554,73,968
2554,74,15
2554,75,688
2554,76,406
2554,77,405
2554,78,377
2554,79,276
2554,80,246
2555,41,118
2555,42,406
2555,43,647
2555,44,802
2555,45,353
2555,46,772
2555,47,805
2555,48,903
2555,49,707
2555,50,735
2555,51,251
2555,52,421
2555,53,151
2555,54,322
2555,55,232
2555,56,73
2555,57,358
2555,58,295
2555,59,134
2555,60,263
2555,61,487
2555,62,335
2555,63,619
2555,64,557
2555,65,557
2555,66,170
2555,67,650
2555,68,456
2555,69,426
2555,70,391
2555,71,163
2555,72,471
2555,73,131
2555,74,333
2555,75,259
2555,76,258
2555,77,163
2555,78,131
2555,79,809
2555,80,130
2556,41,806
2556,42,285
2556,43,38
2556,44,70
2556,45,703
2556,46,69
2556,47,965
2556,48,326
2556,49,69
2556,50,69
2556,51,3
2556,52,327
2556,53,134
2556,54,71
2556,55,882
2556,56,309
2556,57,237
2556,58,170
2556,59,958
2556,60,69
2556,61,760
2556,62,431
2556,63,104
2556,64,264
2556,65,135
2556,66,15
2556,67,3
2556,68,76
2556,69,69
2556,70,69
2556,71,1016
2556,72,2
2556,73,99
2556,74,104
2556,75,270
2556,76,407
2556,77,344
2556,78,441
2556,79,374
2556,80,84
2557,41,873
2557,42,686
2557,43,732
2557,44,830
2557,45,222
2557,46,189
2557,47,254
2557,48,286
2557,49,283
2557,50,394
2557,51,610
2557,52,441
2557,53,63
2557,54,63
2557,55,123
2557,56,252
2557,57,254
2557,58,416
2557,59,416
2557,60,382
2557,61,951
2557,62,61
2557,63,602
2557,64,830
2557,65,1024
2557,66,887
2557,67,862
2557,68,992
2557,69,667
2557,70,896
2557,71,896
2557,72,831
2557,73,863
2557,74,239
2557,75,634
2557,76,1024
2557,77,171
2557,78,603
2557,79,696
2557,80,932
2558,41,617
2558,42,287
2558,43,563
2558,44,388
2558,45,693
2558,46,846
2558,47,693
2558,48,725
2558,49,817
2558,50,941
2558,51,908
2558,52,907
2558,53,908
2558,54,973
2558,55,942
2558,56,972
2558,57,352
2558,58,552
2558,59,423
2558,60,584
2558,61,636
2558,62,606
2558,63,494
2558,64,435
2558,65,494
2558,66,494
2558,67,495
2558,68,544
2558,69,527
2558,70,494
2558,71,494
2558,72,528
2558,73,528
2558,74,129
2558,75,527
2558,76,558
2558,77,495
2558,78,1011
2558,79,527
2558,80,527
2559,41,677
2559,42,671
2559,43,206
2559,44,592
2559,45,726
2559,46,530
2559,47,396
2559,48,336
2559,49,271
2559,50,276
2559,51,280
2559,52,370
2559,53,306
2559,54,723
2559,55,704
2559,56,81
2559,57,530
2559,58,176
2559,59,478
2559,60,343
2559,61,949
2559,62,894
2559,63,467
2559,64,964
2559,65,428
2559,66,468
2559,67,507
2559,68,478
2559,69,410
2559,70,538
2559,71,539
2559,72,540
2559,73,539
2559,74,486
2559,75,252
2559,76,276
2559,77,1001
2559,78,420
2559,79,243
2559,80,146
2560,41,818
2560,42,172
2560,43,323
2560,44,228
2560,45,99
2560,46,35
2560,47,70
2560,48,36
2560,49,237
2560,50,71
2560,51,408
2560,52,69
2560,53,102
2560,54,102
2560,55,69
2560,56,36
2560,57,4
2560,58,69
2560,59,36
2560,60,190
2560,61,695
2560,62,659
2560,63,545
2560,64,356
2560,65,60
2560,66,391
2560,67,745
2560,68,745
2560,69,682
2560,70,1
2560,71,451
2560,72,364
2560,73,518
2560,74,486
2560,75,449
2560,76,610
2560,77,481
2560,78,642
2560,79,675
2560,80,268
2561,41,405
2561,42,439
2561,43,439
2561,44,466
2561,45,372
2561,46,439
2561,47,735
2561,48,470
2561,49,429
2561,50,433
2561,51,87
2561,52,426
2561,53,431
2561,54,466
2561,55,93
2561,56,433
2561,57,265
2561,58,470
2561,59,433
2561,60,466
2561,61,841
2561,62,522
2561,63,695
2561,64,907
2561,65,565
2561,66,433
2561,67,470
2561,68,439
2561,69,470
2561,70,466
2561,71,470
2561,72,844
2561,73,502
2561,74,470
2561,75,431
2561,76,433
2561,77,503
2561,78,432
2561,79,432
2561,80,471
2562,41,876
2562,42,401
2562,43,320
2562,44,920
2562,45,320
2562,46,320
2562,47,286
2562,48,255
2562,49,223
2562,50,189
2562,51,224
2562,52,285
2562,53,352
2562,54,348
2562,55,314
2562,56,280
2562,57,276
2562,58,309
2562,59,309
2562,60,309
2562,61,839
2562,62,436
2562,63,267
2562,64,216
2562,65,22
2562,66,22
2562,67,551
2562,68,840
2562,69,661
2562,70,118
2562,71,22
2562,72,151
2562,73,153
2562,74,122
2562,75,122
2562,76,91
2562,77,80
2562,78,449
2562,79,93
2562,80,185
2563,41,138
2563,42,36
2563,43,936
2563,44,840
2563,45,838
2563,46,936
2563,47,564
2563,48,595
2563,49,812
2563,50,812
2563,51,905
2563,52,841
2563,53,839
2563,54,740
2563,55,839
2563,56,546
2563,57,836
2563,58,838
2563,59,903
2563,60,480
2563,61,65
2563,62,373
2563,63,968
2563,64,997
2563,65,935
2563,66,810
2563,67,874
2563,68,719
2563,69,718
2563,70,870
2563,71,842
2563,72,966
2563,73,874
2563,74,718
2563,75,813
2563,76,841
2563,77,812
2563,78,968
2563,79,874
2563,80,811
2564,41,727
2564,42,252
2564,43,36
2564,44,955
2564,45,170
2564,46,173
2564,47,137
2564,48,37
2564,49,37
2564,50,69
2564,51,38
2564,52,296
2564,53,137
2564,54,69
2564,55,69
2564,56,793
2564,57,289
2564,58,35
2564,59,71
2564,60,71
2564,61,704
2564,62,278
2564,63,36
2564,64,72
2564,65,495
2564,66,41
2564,67,570
2564,68,1
2564,69,69
2564,70,36
2564,71,72
2564,72,9
2564,73,9
2564,74,36
2564,75,339
2564,76,71
2564,77,3
2564,78,197
2564,79,137
2564,80,204
2565,41,303
2565,42,351
2565,43,68
2565,44,69
2565,45,69
2565,46,69
2565,47,101
2565,48,68
2565,49,101
2565,50,183
2565,51,1020
2565,52,101
2565,53,588
2565,54,101
2565,55,450
2565,56,259
2565,57,72
2565,58,859
2565,59,268
2565,60,537
2565,61,915
2565,62,18
2565,63,331
2565,64,430
2565,65,537
2565,66,537
2565,67,537
2565,68,129
2565,69,601
2565,70,536
2565,71,693
2565,72,218
2565,73,1002
2565,74,1002
2565,75,817
2565,76,276
2565,77,843
2565,78,222
2565,79,997
2565,80,904
2566,41,470
2566,42,574
2566,43,270
2566,44,71
2566,45,74
2566,46,74
2566,47,803
2566,48,712
2566,49,712
2566,50,97
2566,51,194
2566,52,864
2566,53,687
2566,54,656
2566,55,517
2566,56,562
2566,57,167
2566,58,559
2566,59,558
2566,60,241
2566,61,856
2566,62,962
2566,63,46
2566,64,44
2566,65,913
2566,66,44
2566,67,12
2566,68,583
2566,69,306
2566,70,277
2566,71,307
2566,72,732
2566,73,998
2566,74,874
2566,75,236
2566,76,331
2566,77,172
2566,78,107
2566,79,141
2566,80,353
2567,41,1023
2567,42,498
2567,43,566
2567,44,374
2567,45,476
2567,46,883
2567,47,375
2567,48,342
2567,49,310
2567,50,310
2567,51,660
2567,52,723
2567,53,408
2567,54,20
2567,55,505
2567,56,273
2567,57,170
2567,58,406
2567,59,246
2567,60,408
2567,61,323
2567,62,758
2567,63,633
2567,64,535
2567,65,662
2567,66,694
2567,67,633
2567,68,602
2567,69,535
2567,70,537
2567,71,600
2567,72,441
2567,73,687
2567,74,344
2567,75,505
2567,76,410
2567,77,28
2567,78,60
2567,79,153
2567,80,153
2568,41,735
2568,42,122
2568,43,609
2568,44,609
2568,45,674
2568,46,740
2568,47,740
2568,48,610
2568,49,545
2568,50,675
2568,51,611
2568,52,612
2568,53,613
2568,54,499
2568,55,647
2568,56,489
2568,57,1018
2568,58,279
2568,59,577
2568,60,545
2568,61,865
2568,62,260
2568,63,623
2568,64,308
2568,65,464
2568,66,495
2568,67,464
2568,68,464
2568,69,592
2568,70,589
2568,71,99
2568,72,712
2568,73,776
2568,74,842
2568,75,740
2568,76,737
2568,77,545
2568,78,545
2568,79,545
2568,80,545
2569,41,804
2569,42,568
2569,43,647
2569,44,498
2569,45,676
2569,46,395
2569,47,329
2569,48,650
2569,49,605
2569,50,677
2569,51,678
2569,52,202
2569,53,833
2569,54,809
2569,55,142
2569,56,232
2569,57,428
2569,58,938
2569,59,632
2569,60,568
2569,61,255
2569,62,915
2569,63,559
2569,64,559
2569,65,464
2569,66,450
2569,67,942
2569,68,389
2569,69,390
2569,70,452
2569,71,525
2569,72,419
2569,73,451
2569,74,422
2569,75,422
2569,76,303
2569,77,433
2569,78,425
2569,79,390
2569,80,603
2570,41,394
2570,42,249
2570,43,232
2570,44,358
2570,45,432
2570,46,406
2570,47,856
2570,48,615
2570,49,427
2570,50,466
2570,51,331
2570,52,529
2570,53,410
2570,54,529
2570,55,529
2570,56,395
2570,57,389
2570,58,357
2570,59,259
2570,60,324
2570,61,335
2570,62,623
2570,63,355
2570,64,323
2570,65,428
2570,66,464
2570,67,1
2570,68,289
2570,69,482
2570,70,161
2570,71,236
2570,72,27
2570,73,368
2570,74,327
2570,75,392
2570,76,406
2570,77,681
2570,78,648
2570,79,650
2570,80,650
2571,41,217
2571,42,339
2571,43,363
2571,44,267
2571,45,133
2571,46,170
2571,47,69
2571,48,390
2571,49,356
2571,50,389
2571,51,668
2571,52,264
2571,53,70
2571,54,74
2571,55,42
2571,56,40
2571,57,8
2571,58,801
2571,59,39
2571,60,40
2571,61,255
2571,62,387
2571,63,207
2571,64,141
2571,65,50
2571,66,18
2571,67,113
2571,68,313
2571,69,113
2571,70,110
2571,71,72
2571,72,70
2571,73,44
2571,74,141
2571,75,142
2571,76,81
2571,77,114
2571,78,115
2571,79,18
2571,80,337
2572,41,825
2572,42,1022
2572,43,422
2572,44,195
2572,45,36
2572,46,93
2572,47,203
2572,48,375
2572,49,347
2572,50,315
2572,51,315
2572,52,345
2572,53,505
2572,54,343
2572,55,344
2572,56,836
2572,57,306
2572,58,69
2572,59,237
2572,60,235
2572,61,364
2572,62,609
2572,63,422
2572,64,681
2572,65,259
2572,66,423
2572,67,365
2572,68,336
2572,69,744
2572,70,776
2572,71,422
2572,72,423
2572,73,424
2572,74,452
2572,75,345
2572,76,429
2572,77,528
2572,78,420
2572,79,768
2572,80,356
2573,41,167
2573,42,418
2573,43,51
2573,44,52
2573,45,214
2573,46,245
2573,47,122
2573,48,95
2573,49,559
2573,50,122
2573,51,152
2573,52,86
2573,53,182
2573,54,150
2573,55,215
2573,56,122
2573,57,64
2573,58,185
2573,59,182
2573,60,52
2573,61,444
2573,62,619
2573,63,18
2573,64,147
2573,65,214
2573,66,212
2573,67,212
2573,68,212
2573,69,117
2573,70,106
2573,71,201
2573,72,634
2573,73,557
2573,74,151
2573,75,64
2573,76,64
2573,77,1017
2573,78,60
2573,79,561
2573,80,357
2574,41,787
2574,42,294
2574,43,713
2574,44,408
2574,45,447
2574,46,339
2574,47,685
2574,48,622
2574,49,828
2574,50,589
2574,51,592
2574,52,561
2574,53,591
2574,54,625
2574,55,782
2574,56,900
2574,57,841
2574,58,656
2574,59,626
2574,60,750
2574,61,126
2574,62,620
2574,63,356
2574,64,422
2574,65,493
2574,66,654
2574,67,622
2574,68,622
2574,69,418
2574,70,433
2574,71,815
2574,72,819
2574,73,873
2574,74,842
2574,75,811
2574,76,810
2574,77,779
2574,78,810
2574,79,28
2574,80,809
2575,41,489
2575,42,457
2575,43,237
2575,44,170
2575,45,169
2575,46,242
2575,47,176
2575,48,36
2575,49,387
2575,50,309
2575,51,487
2575,52,345
2575,53,506
2575,54,569
2575,55,505
2575,56,505
2575,57,699
2575,58,667
2575,59,888
2575,60,731
2575,61,17
2575,62,697
2575,63,460
2575,64,788
2575,65,492
2575,66,491
2575,67,491
2575,68,556
2575,69,556
2575,70,556
2575,71,559
2575,72,389
2575,73,593
2575,74,556
2575,75,523
2575,76,119
2575,77,472
2575,78,823
2575,79,601
2575,80,663
2576,41,198
2576,42,966
2576,43,505
2576,44,569
2576,45,602
2576,46,410
2576,47,476
2576,48,539
2576,49,473
2576,50,795
2576,51,540
2576,52,357
2576,53,474
2576,54,474
2576,55,592
2576,56,600
2576,57,598
2576,58,596
2576,59,935
2576,60,750
2576,61,1022
2576,62,87
2576,63,537
2576,64,537
2576,65,579
2576,66,598
2576,67,693
2576,68,265
2576,69,908
2576,70,946
2576,71,750
2576,72,535
2576,73,538
2576,74,542
2576,75,507
2576,76,736
2576,77,667
2576,78,667
2576,79,570
2576,80,570
2577,41,305
2577,42,918
2577,43,574
2577,44,474
2577,45,505
2577,46,311
2577,47,311
2577,48,344
2577,49,536
2577,50,336
2577,51,824
2577,52,550
2577,53,765
2577,54,40
2577,55,896
2577,56,796
2577,57,506
2577,58,506
2577,59,205
2577,60,475
2577,61,806
2577,62,97
2577,63,422
2577,64,422
2577,65,739
2577,66,422
2577,67,707
2577,68,892
2577,69,623
2577,70,422
2577,71,213
2577,72,422
2577,73,809
2577,74,422
2577,75,422
2577,76,689
2577,77,809
2577,78,422
2577,79,422
2577,80,422
2578,41,323
2578,42,442
2578,43,432
2578,44,679
2578,45,434
2578,46,466
2578,47,501
2578,48,466
2578,49,290
2578,50,468
2578,51,402
2578,52,402
2578,53,468
2578,54,408
2578,55,467
2578,56,434
2578,57,432
2578,58,432
2578,59,432
2578,60,432
2578,61,957
2578,62,608
2578,63,428
2578,64,469
2578,65,433
2578,66,456
2578,67,432
2578,68,398
2578,69,432
2578,70,874
2578,71,430
2578,72,422
2578,73,169
2578,74,203
2578,75,97
2578,76,70
2578,77,391
2578,78,2
2578,79,169
2578,80,238
2579,41,424
2579,42,842
2579,43,185
2579,44,146
2579,45,125
2579,46,60
2579,47,93
2579,48,185
2579,49,190
2579,50,224
2579,51,223
2579,52,288
2579,53,836
2579,54,284
2579,55,288
2579,56,218
2579,57,185
2579,58,94
2579,59,906
2579,60,219
2579,61,810
2579,62,147
2579,63,182
2579,64,182
2579,65,426
2579,66,275
2579,67,738
2579,68,215
2579,69,711
2579,70,359
2579,71,389
2579,72,281
2579,73,443
2579,74,200
2579,75,443
2579,76,410
2579,77,344
2579,78,344
2579,79,361
2579,80,378
2580,41,100
2580,42,361
2580,43,652
2580,44,653
2580,45,654
2580,46,454
2580,47,688
2580,48,748
2580,49,779
2580,50,685
2580,51,654
2580,52,780
2580,53,685
2580,54,652
2580,55,589
2580,56,589
2580,57,685
2580,58,386
2580,59,717
2580,60,400
2580,61,866
2580,62,998
2580,63,265
2580,64,202
2580,65,202
2580,66,169
2580,67,238
2580,68,271
2580,69,271
2580,70,834
2580,71,236
2580,72,139
2580,73,621
2580,74,67
2580,75,167
2580,76,357
2580,77,391
2580,78,844
2580,79,291
2580,80,452
2581,41,222
2581,42,660
2581,43,69
2581,44,3
2581,45,99
2581,46,36
2581,47,430
2581,48,70
2581,49,336
2581,50,720
2581,51,275
2581,52,275
2581,53,478
2581,54,304
2581,55,266
2581,56,104
2581,57,440
2581,58,363
2581,59,214
2581,60,394
2581,61,161
2581,62,619
2581,63,312
2581,64,433
2581,65,170
2581,66,375
2581,67,392
2581,68,396
2581,69,396
2581,70,628
2581,71,37
2581,72,35
2581,73,793
2581,74,375
2581,75,538
2581,76,36
2581,77,131
2581,78,131
2581,79,37
2581,80,3
2582,41,175
2582,42,375
2582,43,392
2582,44,211
2582,45,243
2582,46,243
2582,47,128
2582,48,277
2582,49,151
2582,50,336
2582,51,395
2582,52,393
2582,53,649
2582,54,978
2582,55,592
2582,56,752
2582,57,752
2582,58,752
2582,59,719
2582,60,627
2582,61,516
2582,62,234
2582,63,860
2582,64,389
2582,65,367
2582,66,367
2582,67,395
2582,68,361
2582,69,417
2582,70,195
2582,71,35
2582,72,3
2582,73,114
2582,74,851
2582,75,203
2582,76,304
2582,77,67
2582,78,392
2582,79,390
2582,80,390
2583,41,719
2583,42,555
2583,43,780
2583,44,464
2583,45,194
2583,46,594
2583,47,433
2583,48,81
2583,49,472
2583,50,925
2583,51,474
2583,52,476
2583,53,472
2583,54,501
2583,55,501
2583,56,786
2583,57,892
2583,58,1008
2583,59,879
2583,60,942
2583,61,603
2583,62,222
2583,63,503
2583,64,532
2583,65,916
2583,66,504
2583,67,754
2583,68,974
2583,69,1006
2583,70,941
2583,71,1011
2583,72,786
2583,73,848
2583,74,817
2583,75,451
2583,76,942
2583,77,942
2583,78,880
2583,79,942
2583,80,822
2584,41,928
2584,42,657
2584,43,3
2584,44,99
2584,45,99
2584,46,163
2584,47,323
2584,48,324
2584,49,836
2584,50,705
2584,51,323
2584,52,422
2584,53,163
2584,54,227
2584,55,357
2584,56,417
2584,57,417
2584,58,451
2584,59,481
2584,60,427
2584,61,181
2584,62,1024
2584,63,354
2584,64,355
2584,65,259
2584,66,425
2584,67,289
2584,68,424
2584,69,418
2584,70,290
2584,71,513
2584,72,608
2584,73,422
2584,74,395
2584,75,389
2584,76,323
2584,77,291
2584,78,417
2584,79,930
2584,80,365
2585,41,402
2585,42,721
2585,43,701
2585,44,704
2585,45,670
2585,46,702
2585,47,604
2585,48,146
2585,49,570
2585,50,602
2585,51,703
2585,52,672
2585,53,672
2585,54,701
2585,55,763
2585,56,624
2585,57,704
2585,58,795
2585,59,731
2585,60,856
2585,61,218
2585,62,761
2585,63,794
2585,64,795
2585,65,762
2585,66,733
2585,67,992
2585,68,700
2585,69,704
2585,70,634
2585,71,634
2585,72,506
2585,73,474
2585,74,570
2585,75,835
2585,76,56
2585,77,538
2585,78,506
2585,79,986
2585,80,473
2586,41,605
2586,42,6
2586,43,299
2586,44,205
2586,45,331
2586,46,298
2586,47,204
2586,48,203
2586,49,172
2586,50,205
2586,51,174
2586,52,173
2586,53,331
2586,54,393
2586,55,362
2586,56,330
2586,57,362
2586,58,390
2586,59,390
2586,60,390
2586,61,529
2586,62,276
2586,63,233
2586,64,702
2586,65,336
2586,66,304
2586,67,247
2586,68,279
2586,69,376
2586,70,10
2586,71,276
2586,72,967
2586,73,374
2586,74,277
2586,75,855
2586,76,789
2586,77,237
2586,78,276
2586,79,305
2586,80,501
2587,41,987
2587,42,758
2587,43,812
2587,44,547
2587,45,378
2587,46,281
2587,47,345
2587,48,185
2587,49,28
2587,50,26
2587,51,59
2587,52,45
2587,53,108
2587,54,344
2587,55,442
2587,56,346
2587,57,316
2587,58,283
2587,59,182
2587,60,248
2587,61,812
2587,62,667
2587,63,381
2587,64,859
2587,65,473
2587,66,182
2587,67,150
2587,68,116
2587,69,739
2587,70,150
2587,71,183
2587,72,91
2587,73,122
2587,74,90
2587,75,90
2587,76,89
2587,77,90
2587,78,122
2587,79,184
2587,80,59
2588,41,388
2588,42,303
2588,43,905
2588,44,703
2588,45,537
2588,46,537
2588,47,579
2588,48,62
2588,49,537
2588,50,537
2588,51,537
2588,52,807
2588,53,602
2588,54,538
2588,55,570
2588,56,1023
2588,57,1023
2588,58,797
2588,59,832
2588,60,701
2588,61,402
2588,62,528
2588,63,605
2588,64,574
2588,65,672
2588,66,640
2588,67,505
2588,68,446
2588,69,478
2588,70,475
2588,71,1023
2588,72,479
2588,73,479
2588,74,472
2588,75,398
2588,76,427
2588,77,267
2588,78,235
2588,79,305
2588,80,629
2589,41,542
2589,42,173
2589,43,532
2589,44,630
2589,45,536
2589,46,500
2589,47,468
2589,48,435
2589,49,859
2589,50,576
2589,51,433
2589,52,466
2589,53,466
2589,54,711
2589,55,9
2589,56,155
2589,57,433
2589,58,469
2589,59,400
2589,60,782
2589,61,234
2589,62,110
2589,63,591
2589,64,658
2589,65,557
2589,66,587
2589,67,559
2589,68,559
2589,69,561
2589,70,529
2589,71,529
2589,72,200
2589,73,623
2589,74,525
2589,75,557
2589,76,557
2589,77,587
2589,78,593
2589,79,593
2589,80,593
2590,41,866
2590,42,878
2590,43,941
2590,44,842
2590,45,839
2590,46,870
2590,47,870
2590,48,773
2590,49,647
2590,50,840
2590,51,679
2590,52,842
2590,53,936
2590,54,63
2590,55,840
2590,56,807
2590,57,839
2590,58,840
2590,59,379
2590,60,421
2590,61,760
2590,62,878
2590,63,700
2590,64,458
2590,65,570
2590,66,630
2590,67,698
2590,68,994
2590,69,699
2590,70,506
2590,71,602
2590,72,142
2590,73,602
2590,74,570
2590,75,635
2590,76,442
2590,77,659
2590,78,602
2590,79,699
2590,80,666
2591,41,1021
2591,42,288
2591,43,653
2591,44,530
2591,45,621
2591,46,556
2591,47,556
2591,48,556
2591,49,556
2591,50,493
2591,51,492
2591,52,717
2591,53,491
2591,54,460
2591,55,460
2591,56,494
2591,57,529
2591,58,486
2591,59,688
2591,60,750
2591,61,163
2591,62,266
2591,63,493
2591,64,492
2591,65,395
2591,66,227
2591,67,67
2591,68,259
2591,69,488
2591,70,681
2591,71,452
2591,72,421
2591,73,421
2591,74,356
2591,75,551
2591,76,291
2591,77,390
2591,78,227
2591,79,291
2591,80,291
2592,41,979
2592,42,815
2592,43,694
2592,44,594
2592,45,618
2592,46,592
2592,47,528
2592,48,560
2592,49,592
2592,50,897
2592,51,558
2592,52,492
2592,53,493
2592,54,493
2592,55,493
2592,56,951
2592,57,587
2592,58,559
2592,59,470
2592,60,409
2592,61,469
2592,62,60
2592,63,669
2592,64,759
2592,65,727
2592,66,167
2592,67,695
2592,68,506
2592,69,727
2592,70,695
2592,71,600
2592,72,473
2592,73,285
2592,74,538
2592,75,474
2592,76,538
2592,77,480
2592,78,509
2592,79,443
2592,80,474
2593,41,81
2593,42,978
2593,43,50
2593,44,115
2593,45,109
2593,46,110
2593,47,110
2593,48,16
2593,49,80
2593,50,109
2593,51,139
2593,52,142
2593,53,18
2593,54,115
2593,55,177
2593,56,176
2593,57,111
2593,58,146
2593,59,112
2593,60,112
2593,61,902
2593,62,286
2593,63,217
2593,64,50
2593,65,147
2593,66,243
2593,67,244
2593,68,468
2593,69,537
2593,70,537
2593,71,633
2593,72,666
2593,73,602
2593,74,563
2593,75,825
2593,76,1024
2593,77,765
2593,78,875
2593,79,602
2593,80,186
2594,41,270
2594,42,803
2594,43,3
2594,44,261
2594,45,232
2594,46,879
2594,47,264
2594,48,263
2594,49,167
2594,50,264
2594,51,104
2594,52,70
2594,53,70
2594,54,3
2594,55,37
2594,56,168
2594,57,232
2594,58,3
2594,59,2
2594,60,36
2594,61,522
2594,62,442
2594,63,312
2594,64,974
2594,65,748
2594,66,942
2594,67,617
2594,68,786
2594,69,849
2594,70,130
2594,71,973
2594,72,907
2594,73,614
2594,74,638
2594,75,907
2594,76,607
2594,77,1004
2594,78,1004
2594,79,1004
2594,80,632
2595,41,375
2595,42,1018
2595,43,778
2595,44,433
2595,45,468
2595,46,622
2595,47,589
2595,48,493
2595,49,743
2595,50,363
2595,51,391
2595,52,395
2595,53,882
2595,54,533
2595,55,502
2595,56,466
2595,57,434
2595,58,850
2595,59,995
2595,60,375
2595,61,142
2595,62,861
2595,63,842
2595,64,286
2595,65,719
2595,66,750
2595,67,966
2595,68,905
2595,69,998
2595,70,935
2595,71,966
2595,72,874
2595,73,812
2595,74,687
2595,75,750
2595,76,626
2595,77,719
2595,78,935
2595,79,966
2595,80,904
2596,41,938
2596,42,646
2596,43,470
2596,44,470
2596,45,402
2596,46,274
2596,47,304
2596,48,237
2596,49,275
2596,50,278
2596,51,271
2596,52,241
2596,53,411
2596,54,241
2596,55,240
2596,56,384
2596,57,240
2596,58,240
2596,59,653
2596,60,277
2596,61,710
2596,62,668
2596,63,386
2596,64,421
2596,65,809
2596,66,809
2596,67,809
2596,68,840
2596,69,812
2596,70,785
2596,71,644
2596,72,657
2596,73,360
2596,74,536
2596,75,537
2596,76,537
2596,77,537
2596,78,536
2596,79,473
2596,80,255
2597,41,221
2597,42,532
2597,43,994
2597,44,841
2597,45,843
2597,46,873
2597,47,337
2597,48,966
2597,49,935
2597,50,662
2597,51,271
2597,52,644
2597,53,898
2597,54,385
2597,55,431
2597,56,421
2597,57,422
2597,58,417
2597,59,389
2597,60,389
2597,61,861
2597,62,286
2597,63,787
2597,64,247
2597,65,1001
2597,66,910
2597,67,1007
2597,68,1007
2597,69,973
2597,70,660
2597,71,596
2597,72,895
2597,73,121
2597,74,114
2597,75,703
2597,76,665
2597,77,601
2597,78,634
2597,79,895
2597,80,960
2598,41,343
2598,42,375
2598,43,212
2598,44,988
2598,45,64
2598,46,737
2598,47,545
2598,48,420
2598,49,450
2598,50,484
2598,51,517
2598,52,484
2598,53,713
2598,54,522
2598,55,829
2598,56,649
2598,57,131
2598,58,487
2598,59,616
2598,60,712
2598,61,255
2598,62,999
2598,63,456
2598,64,809
2598,65,713
2598,66,584
2598,67,675
2598,68,259
2598,69,508
2598,70,485
2598,71,454
2598,72,485
2598,73,421
2598,74,322
2598,75,391
2598,76,706
2598,77,614
2598,78,616
2598,79,617
2598,80,517
2599,41,257
2599,42,411
2599,43,392
2599,44,846
2599,45,286
2599,46,255
2599,47,346
2599,48,316
2599,49,255
2599,50,255
2599,51,255
2599,52,286
2599,53,286
2599,54,836
2599,55,909
2599,56,255
2599,57,255
2599,58,255
2599,59,255
2599,60,255
2599,61,669
2599,62,675
2599,63,633
2599,64,633
2599,65,633
2599,66,633
2599,67,601
2599,68,598
2599,69,634
2599,70,536
2599,71,601
2599,72,870
2599,73,212
2599,74,852
2599,75,634
2599,76,601
2599,77,536
2599,78,601
2599,79,536
2599,80,566
2600,41,531
2600,42,514
2600,43,895
2600,44,948
2600,45,441
2600,46,509
2600,47,941
2600,48,541
2600,49,671
2600,50,700
2600,51,862
2600,52,704
2600,53,701
2600,54,700
2600,55,862
2600,56,538
2600,57,732
2600,58,10
2600,59,602
2600,60,193
2600,61,219
2600,62,578
2600,63,600
2600,64,664
2600,65,762
2600,66,994
2600,67,108
2600,68,421
2600,69,119
2600,70,786
2600,71,703
2600,72,100
2600,73,701
2600,74,390
2600,75,854
2600,76,704
2600,77,700
2600,78,830
2600,79,857
2600,80,832
2601,41,707
2601,42,931
2601,43,124
2601,44,421
2601,45,454
2601,46,422
2601,47,603
2601,48,419
2601,49,418
2601,50,385
2601,51,502
2601,52,161
2601,53,354
2601,54,354
2601,55,481
2601,56,481
2601,57,451
2601,58,451
2601,59,451
2601,60,451
2601,61,804
2601,62,551
2601,63,338
2601,64,344
2601,65,307
2601,66,526
2601,67,241
2601,68,241
2601,69,112
2601,70,461
2601,71,143
2601,72,242
2601,73,243
2601,74,172
2601,75,177
2601,76,212
2601,77,277
2601,78,277
2601,79,238
2601,80,614
2602,41,60
2602,42,243
2602,43,137
2602,44,236
2602,45,265
2602,46,266
2602,47,266
2602,48,802
2602,49,72
2602,50,597
2602,51,141
2602,52,74
2602,53,148
2602,54,305
2602,55,305
2602,56,300
2602,57,300
2602,58,334
2602,59,333
2602,60,333
2602,61,10
2602,62,64
2602,63,264
2602,64,168
2602,65,134
2602,66,358
2602,67,358
2602,68,420
2602,69,393
2602,70,865
2602,71,326
2602,72,249
2602,73,1
2602,74,965
2602,75,1
2602,76,138
2602,77,139
2602,78,110
2602,79,172
2602,80,192
2603,41,44
2603,42,555
2603,43,606
2603,44,199
2603,45,227
2603,46,227
2603,47,55
2603,48,450
2603,49,513
2603,50,675
2603,51,769
2603,52,806
2603,53,843
2603,54,837
2603,55,143
2603,56,772
2603,57,739
2603,58,450
2603,59,577
2603,60,769
2603,61,790
2603,62,566
2603,63,303
2603,64,302
2603,65,334
2603,66,210
2603,67,305
2603,68,169
2603,69,610
2603,70,241
2603,71,210
2603,72,76
2603,73,204
2603,74,246
2603,75,71
2603,76,71
2603,77,193
2603,78,71
2603,79,236
2603,80,322
2604,41,667
2604,42,217
2604,43,702
2604,44,1011
2604,45,1012
2604,46,952
2604,47,271
2604,48,889
2604,49,861
2604,50,698
2604,51,665
2604,52,666
2604,53,505
2604,54,597
2604,55,750
2604,56,905
2604,57,874
2604,58,809
2604,59,809
2604,60,997
2604,61,31
2604,62,402
2604,63,781
2604,64,813
2604,65,874
2604,66,688
2604,67,812
2604,68,812
2604,69,748
2604,70,654
2604,71,717
2604,72,779
2604,73,694
2604,74,716
2604,75,717
2604,76,682
2604,77,9
2604,78,718
2604,79,752
2604,80,752
2605,41,519
2605,42,359
2605,43,782
2605,44,632
2605,45,703
2605,46,632
2605,47,478
2605,48,377
2605,49,733
2605,50,207
2605,51,890
2605,52,348
2605,53,744
2605,54,732
2605,55,442
2605,56,313
2605,57,312
2605,58,312
2605,59,345
2605,60,123
2605,61,85
2605,62,443
2605,63,825
2605,64,825
2605,65,865
2605,66,635
2605,67,607
2605,68,254
2605,69,700
2605,70,442
2605,71,506
2605,72,596
2605,73,429
2605,74,750
2605,75,752
2605,76,752
2605,77,890
2605,78,460
2605,79,811
2605,80,810
2606,41,385
2606,42,701
2606,43,356
2606,44,355
2606,45,236
2606,46,423
2606,47,649
2606,48,744
2606,49,456
2606,50,359
2606,51,170
2606,52,307
2606,53,336
2606,54,118
2606,55,44
2606,56,456
2606,57,410
2606,58,359
2606,59,906
2606,60,198
2606,61,778
2606,62,94
2606,63,734
2606,64,169
2606,65,272
2606,66,624
2606,67,306
2606,68,275
2606,69,377
2606,70,366
2606,71,237
2606,72,671
2606,73,138
2606,74,141
2606,75,110
2606,76,268
2606,77,268
2606,78,393
2606,79,336
2606,80,396
2607,41,827
2607,42,336
2607,43,600
2607,44,587
2607,45,295
2607,46,476
2607,47,1019
2607,48,821
2607,49,295
2607,50,584
2607,51,358
2607,52,354
2607,53,289
2607,54,389
2607,55,85
2607,56,70
2607,57,296
2607,58,71
2607,59,221
2607,60,430
2607,61,950
2607,62,222
2607,63,356
2607,64,18
2607,65,291
2607,66,577
2607,67,708
2607,68,279
2607,69,610
2607,70,451
2607,71,134
2607,72,454
2607,73,845
2607,74,450
2607,75,545
2607,76,450
2607,77,358
2607,78,242
2607,79,488
2607,80,801
2608,41,329
2608,42,680
2608,43,758
2608,44,726
2608,45,727
2608,46,695
2608,47,664
2608,48,240
2608,49,199
2608,50,480
2608,51,480
2608,52,430
2608,53,537
2608,54,537
2608,55,171
2608,56,509
2608,57,474
2608,58,601
2608,59,538
2608,60,378
2608,61,198
2608,62,420
2608,63,172
2608,64,113
2608,65,234
2608,66,234
2608,67,234
2608,68,234
2608,69,234
2608,70,234
2608,71,532
2608,72,72
2608,73,275
2608,74,394
2608,75,298
2608,76,169
2608,77,277
2608,78,238
2608,79,238
2608,80,76
2609,41,78
2609,42,643
2609,43,55
2609,44,9
2609,45,40
2609,46,69
2609,47,69
2609,48,69
2609,49,389
2609,50,236
2609,51,140
2609,52,206
2609,53,206
2609,54,139
2609,55,139
2609,56,139
2609,57,139
2609,58,108
2609,59,268
2609,60,79
2609,61,522
2609,62,755
2609,63,223
2609,64,79
2609,65,51
2609,66,51
2609,67,19
2609,68,158
2609,69,49
2609,70,110
2609,71,173
2609,72,76
2609,73,766
2609,74,94
2609,75,108
2609,76,74
2609,77,74
2609,78,74
2609,79,364
2609,80,74
2610,41,462
2610,42,55
2610,43,76
2610,44,12
2610,45,388
2610,46,111
2610,47,144
2610,48,176
2610,49,208
2610,50,176
2610,51,178
2610,52,222
2610,53,303
2610,54,272
2610,55,203
2610,56,395
2610,57,359
2610,58,263
2610,59,326
2610,60,504
2610,61,655
2610,62,60
2610,63,139
2610,64,57
2610,65,267
2610,66,198
2610,67,142
2610,68,112
2610,69,111
2610,70,48
2610,71,12
2610,72,12
2610,73,45
2610,74,13
2610,75,45
2610,76,45
2610,77,45
2610,78,45
2610,79,45
2610,80,1015
2611,41,187
2611,42,154
2611,43,782
2611,44,799
2611,45,842
2611,46,905
2611,47,1000
2611,48,874
2611,49,840
2611,50,497
2611,51,715
2611,52,718
2611,53,719
2611,54,936
2611,55,805
2611,56,872
2611,57,740
2611,58,769
2611,59,946
2611,60,935
2611,61,693
2611,62,965
2611,63,791
2611,64,1016
2611,65,888
2611,66,216
2611,67,952
2611,68,346
2611,69,952
2611,70,940
2611,71,598
2611,72,570
2611,73,785
2611,74,57
2611,75,812
2611,76,717
2611,77,589
2611,78,649
2611,79,683
2611,80,620
2612,41,256
2612,42,205
2612,43,1001
2612,44,818
2612,45,257
2612,46,590
2612,47,692
2612,48,494
2612,49,628
2612,50,423
2612,51,108
2612,52,564
2612,53,754
2612,54,756
2612,55,879
2612,56,817
2612,57,848
2612,58,786
2612,59,908
2612,60,520
2612,61,894
2612,62,745
2612,63,650
2612,64,555
2612,65,522
2612,66,521
2612,67,998
2612,68,522
2612,69,520
2612,70,14
2612,71,777
2612,72,520
2612,73,777
2612,74,423
2612,75,481
2612,76,577
2612,77,769
2612,78,358
2612,79,452
2612,80,880
2613,41,2
2613,42,420
2613,43,552
2613,44,36
2613,45,4
2613,46,131
2613,47,938
2613,48,69
2613,49,494
2613,50,259
2613,51,323
2613,52,259
2613,53,70
2613,54,2
2613,55,621
2613,56,259
2613,57,158
2613,58,324
2613,59,164
2613,60,775
2613,61,492
2613,62,39
2613,63,129
2613,64,129
2613,65,204
2613,66,259
2613,67,386
2613,68,543
2613,69,453
2613,70,454
2613,71,327
2613,72,449
2613,73,452
2613,74,422
2613,75,679
2613,76,407
2613,77,504
2613,78,466
2613,79,432
2613,80,468
2614,41,727
2614,42,650
2614,43,589
2614,44,353
2614,45,559
2614,46,622
2614,47,592
2614,48,563
2614,49,562
2614,50,529
2614,51,529
2614,52,413
2614,53,51
2614,54,389
2614,55,385
2614,56,430
2614,57,433
2614,58,968
2614,59,990
2614,60,777
2614,61,70
2614,62,656
2614,63,591
2614,64,677
2614,65,395
2614,66,398
2614,67,540
2614,68,626
2614,69,497
2614,70,688
2614,71,782
2614,72,687
2614,73,813
2614,74,592
2614,75,464
2614,76,425
2614,77,396
2614,78,11
2614,79,519
2614,80,456
2615,41,542
2615,42,894
2615,43,268
2615,44,346
2615,45,538
2615,46,602
2615,47,569
2615,48,441
2615,49,474
2615,50,479
2615,51,470
2615,52,317
2615,53,401
2615,54,1000
2615,55,224
2615,56,255
2615,57,1016
2615,58,552
2615,59,475
2615,60,480
2615,61,632
2615,62,884
2615,63,285
2615,64,992
2615,65,896
2615,66,1024
2615,67,71
2615,68,862
2615,69,703
2615,70,754
2615,71,570
2615,72,667
2615,73,700
2615,74,793
2615,75,561
2615,76,703
2615,77,732
2615,78,634
2615,79,863
2615,80,863
2616,41,23
2616,42,974
2616,43,773
2616,44,168
2616,45,165
2616,46,131
2616,47,744
2616,48,40
2616,49,40
2616,50,684
2616,51,8
2616,52,7
2616,53,71
2616,54,604
2616,55,170
2616,56,104
2616,57,169
2616,58,557
2616,59,463
2616,60,137
2616,61,496
2616,62,64
2616,63,289
2616,64,323
2616,65,259
2616,66,259
2616,67,323
2616,68,449
2616,69,323
2616,70,338
2616,71,389
2616,72,289
2616,73,323
2616,74,324
2616,75,357
2616,76,323
2616,77,291
2616,78,227
2616,79,163
2616,80,982
2617,41,800
2617,42,642
2617,43,505
2617,44,505
2617,45,505
2617,46,201
2617,47,505
2617,48,474
2617,49,474
2617,50,474
2617,51,505
2617,52,505
2617,53,505
2617,54,505
2617,55,538
2617,56,506
2617,57,523
2617,58,505
2617,59,913
2617,60,376
2617,61,995
2617,62,330
2617,63,305
2617,64,237
2617,65,2
2617,66,414
2617,67,300
2617,68,8
2617,69,8
2617,70,201
2617,71,236
2617,72,267
2617,73,299
2617,74,453
2617,75,899
2617,76,338
2617,77,338
2617,78,202
2617,79,202
2617,80,375
2618,41,109
2618,42,382
2618,43,140
2618,44,169
2618,45,233
2618,46,297
2618,47,202
2618,48,236
2618,49,236
2618,50,169
2618,51,77
2618,52,271
2618,53,240
2618,54,240
2618,55,271
2618,56,240
2618,57,240
2618,58,305
2618,59,210
2618,60,244
2618,61,366
2618,62,829
2618,63,538
2618,64,593
2618,65,537
2618,66,473
2618,67,313
2618,68,311
2618,69,311
2618,70,311
2618,71,277
2618,72,91
2618,73,60
2618,74,57
2618,75,57
2618,76,89
2618,77,840
2618,78,28
2618,79,59
2618,80,25
2619,41,700
2619,42,919
2619,43,9
2619,44,110
2619,45,110
2619,46,107
2619,47,7
2619,48,37
2619,49,739
2619,50,8
2619,51,489
2619,52,101
2619,53,137
2619,54,34
2619,55,36
2619,56,33
2619,57,67
2619,58,34
2619,59,34
2619,60,218
2619,61,410
2619,62,632
2619,63,205
2619,64,237
2619,65,186
2619,66,331
2619,67,267
2619,68,203
2619,69,805
2619,70,304
2619,71,102
2619,72,756
2619,73,107
2619,74,36
2619,75,682
2619,76,40
2619,77,7
2619,78,7
2619,79,71
2619,80,71
2620,41,943
2620,42,869
2620,43,810
2620,44,682
2620,45,682
2620,46,752
2620,47,785
2620,48,782
2620,49,842
2620,50,904
2620,51,373
2620,52,669
2620,53,589
2620,54,653
2620,55,684
2620,56,685
2620,57,621
2620,58,622
2620,59,527
2620,60,559
2620,61,725
2620,62,780
2620,63,598
2620,64,600
2620,65,732
2620,66,798
2620,67,863
2620,68,960
2620,69,830
2620,70,766
2620,71,45
2620,72,733
2620,73,700
2620,74,732
2620,75,667
2620,76,634
2620,77,1014
2620,78,895
2620,79,832
2620,80,960
2621,41,215
2621,42,676
2621,43,178
2621,44,331
2621,45,182
2621,46,643
2621,47,244
2621,48,244
2621,49,69
2621,50,179
2621,51,582
2621,52,180
2621,53,115
2621,54,179
2621,55,212
2621,56,210
2621,57,275
2621,58,210
2621,59,971
2621,60,210
2621,61,907
2621,62,680
2621,63,178
2621,64,178
2621,65,178
2621,66,209
2621,67,452
2621,68,211
2621,69,146
2621,70,179
2621,71,861
2621,72,51
2621,73,51
2621,74,50
2621,75,19
2621,76,82
2621,77,147
2621,78,147
2621,79,587
2621,80,179
2622,41,225
2622,42,259
2622,43,81
2622,44,64
2622,45,180
2622,46,180
2622,47,571
2622,48,112
2622,49,113
2622,50,80
2622,51,82
2622,52,112
2622,53,109
2622,54,472
2622,55,302
2622,56,212
2622,57,213
2622,58,212
2622,59,114
2622,60,50
2622,61,440
2622,62,485
2622,63,114
2622,64,112
2622,65,551
2622,66,111
2622,67,78
2622,68,110
2622,69,268
2622,70,497
2622,71,82
2622,72,176
2622,73,171
2622,74,456
2622,75,304
2622,76,273
2622,77,971
2622,78,395
2622,79,431
2622,80,422
2623,41,889
2623,42,91
2623,43,595
2623,44,97
2623,45,657
2623,46,597
2623,47,752
2623,48,478
2623,49,478
2623,50,445
2623,51,480
2623,52,494
2623,53,22
2623,54,479
2623,55,541
2623,56,410
2623,57,823
2623,58,182
2623,59,20
2623,60,441
2623,61,1007
2623,62,926
2623,63,429
2623,64,537
2623,65,256
2623,66,312
2623,67,807
2623,68,151
2623,69,330
2623,70,425
2623,71,153
2623,72,83
2623,73,279
2623,74,956
2623,75,94
2623,76,125
2623,77,92
2623,78,93
2623,79,189
2623,80,182
2624,41,978
2624,42,161
2624,43,500
2624,44,500
2624,45,469
2624,46,51
2624,47,777
2624,48,469
2624,49,704
2624,50,701
2624,51,797
2624,52,506
2624,53,436
2624,54,596
2624,55,504
2624,56,38
2624,57,500
2624,58,535
2624,59,596
2624,60,567
2624,61,476
2624,62,869
2624,63,528
2624,64,561
2624,65,892
2624,66,528
2624,67,109
2624,68,597
2624,69,505
2624,70,506
2624,71,646
2624,72,472
2624,73,467
2624,74,474
2624,75,346
2624,76,63
2624,77,377
2624,78,442
2624,79,473
2624,80,265
2625,41,110
2625,42,143
2625,43,478
2625,44,438
2625,45,375
2625,46,342
2625,47,203
2625,48,104
2625,49,260
2625,50,323
2625,51,389
2625,52,358
2625,53,167
2625,54,295
2625,55,358
2625,56,358
2625,57,358
2625,58,358
2625,59,71
2625,60,73
2625,61,630
2625,62,65
2625,63,443
2625,64,479
2625,65,479
2625,66,538
2625,67,540
2625,68,539
2625,69,558
2625,70,443
2625,71,232
2625,72,443
2625,73,478
2625,74,477
2625,75,847
2625,76,640
2625,77,539
2625,78,443
2625,79,443
2625,80,443
2626,41,102
2626,42,583
2626,43,535
2626,44,600
2626,45,695
2626,46,695
2626,47,632
2626,48,695
2626,49,695
2626,50,725
2626,51,598
2626,52,535
2626,53,550
2626,54,568
2626,55,943
2626,56,536
2626,57,242
2626,58,477
2626,59,478
2626,60,485
2626,61,464
2626,62,156
2626,63,559
2626,64,558
2626,65,432
2626,66,619
2626,67,618
2626,68,618
2626,69,618
2626,70,586
2626,71,619
2626,72,464
2626,73,440
2626,74,476
2626,75,477
2626,76,479
2626,77,479
2626,78,478
2626,79,478
2626,80,640
2627,41,994
2627,42,327
2627,43,537
2627,44,537
2627,45,537
2627,46,537
2627,47,537
2627,48,537
2627,49,537
2627,50,505
2627,51,211
2627,52,210
2627,53,93
2627,54,272
2627,55,922
2627,56,361
2627,57,334
2627,58,181
2627,59,52
2627,60,182
2627,61,260
2627,62,383
2627,63,908
2627,64,518
2627,65,956
2627,66,537
2627,67,537
2627,68,539
2627,69,509
2627,70,410
2627,71,441
2627,72,538
2627,73,540
2627,74,604
2627,75,604
2627,76,123
2627,77,434
2627,78,542
2627,79,540
2627,80,640
2628,41,756
2628,42,653
2628,43,306
2628,44,633
2628,45,370
2628,46,243
2628,47,273
2628,48,202
2628,49,168
2628,50,994
2628,51,405
2628,52,357
2628,53,357
2628,54,400
2628,55,322
2628,56,291
2628,57,388
2628,58,289
2628,59,278
2628,60,323
2628,61,163
2628,62,684
2628,63,618
2628,64,390
2628,65,392
2628,66,392
2628,67,364
2628,68,576
2628,69,338
2628,70,338
2628,71,309
2628,72,309
2628,73,338
2628,74,309
2628,75,344
2628,76,817
2628,77,182
2628,78,263
2628,79,510
2628,80,181
2629,41,302
2629,42,78
2629,43,584
2629,44,649
2629,45,777
2629,46,264
2629,47,108
2629,48,200
2629,49,43
2629,50,12
2629,51,76
2629,52,579
2629,53,457
2629,54,177
2629,55,143
2629,56,245
2629,57,113
2629,58,239
2629,59,198
2629,60,71
2629,61,145
2629,62,390
2629,63,69
2629,64,73
2629,65,108
2629,66,692
2629,67,109
2629,68,40
2629,69,72
2629,70,72
2629,71,77
2629,72,140
2629,73,110
2629,74,299
2629,75,64
2629,76,359
2629,77,359
2629,78,777
2629,79,520
2629,80,428
2630,41,100
2630,42,241
2630,43,101
2630,44,161
2630,45,168
2630,46,35
2630,47,35
2630,48,211
2630,49,97
2630,50,65
2630,51,67
2630,52,472
2630,53,67
2630,54,933
2630,55,116
2630,56,663
2630,57,161
2630,58,69
2630,59,238
2630,60,170
2630,61,720
2630,62,899
2630,63,101
2630,64,71
2630,65,8
2630,66,69
2630,67,131
2630,68,163
2630,69,36
2630,70,5
2630,71,103
2630,72,529
2630,73,427
2630,74,39
2630,75,40
2630,76,7
2630,77,4
2630,78,556
2630,79,168
2630,80,199
2631,41,239
2631,42,440
2631,43,365
2631,44,424
2631,45,749
2631,46,556
2631,47,557
2631,48,622
2631,49,652
2631,50,621
2631,51,525
2631,52,935
2631,53,306
2631,54,306
2631,55,241
2631,56,912
2631,57,114
2631,58,2
2631,59,418
2631,60,703
2631,61,996
2631,62,563
2631,63,330
2631,64,684
2631,65,69
2631,66,395
2631,67,355
2631,68,356
2631,69,393
2631,70,428
2631,71,525
2631,72,460
2631,73,154
2631,74,558
2631,75,558
2631,76,430
2631,77,622
2631,78,211
2631,79,620
2631,80,660
2632,41,659
2632,42,750
2632,43,144
2632,44,109
2632,45,107
2632,46,982
2632,47,103
2632,48,935
2632,49,135
2632,50,72
2632,51,69
2632,52,102
2632,53,135
2632,54,520
2632,55,417
2632,56,937
2632,57,497
2632,58,517
2632,59,72
2632,60,517
2632,61,115
2632,62,70
2632,63,251
2632,64,66
2632,65,403
2632,66,202
2632,67,275
2632,68,307
2632,69,237
2632,70,365
2632,71,334
2632,72,241
2632,73,82
2632,74,730
2632,75,18
2632,76,684
2632,77,212
2632,78,210
2632,79,146
2632,80,179
2633,41,562
2633,42,523
2633,43,421
2633,44,760
2633,45,428
2633,46,422
2633,47,420
2633,48,436
2633,49,639
2633,50,342
2633,51,223
2633,52,338
2633,53,306
2633,54,342
2633,55,1022
2633,56,262
2633,57,346
2633,58,411
2633,59,477
2633,60,104
2633,61,524
2633,62,261
2633,63,301
2633,64,398
2633,65,235
2633,66,850
2633,67,370
2633,68,106
2633,69,706
2633,70,638
2633,71,7
2633,72,844
2633,73,102
2633,74,71
2633,75,40
2633,76,71
2633,77,870
2633,78,136
2633,79,1
2633,80,482
2634,41,698
2634,42,839
2634,43,605
2634,44,639
2634,45,671
2634,46,574
2634,47,18
2634,48,607
2634,49,640
2634,50,938
2634,51,536
2634,52,640
2634,53,607
2634,54,473
2634,55,606
2634,56,476
2634,57,702
2634,58,994
2634,59,702
2634,60,762
2634,61,442
2634,62,404
2634,63,276
2634,64,471
2634,65,480
2634,66,475
2634,67,480
2634,68,480
2634,69,479
2634,70,477
2634,71,473
2634,72,505
2634,73,566
2634,74,574
2634,75,750
2634,76,781
2634,77,782
2634,78,688
2634,79,595
2634,80,993
2635,41,954
2635,42,796
2635,43,423
2635,44,808
2635,45,870
2635,46,867
2635,47,659
2635,48,899
2635,49,186
2635,50,866
2635,51,867
2635,52,1000
2635,53,874
2635,54,566
2635,55,905
2635,56,1006
2635,57,4
2635,58,812
2635,59,998
2635,60,812
2635,61,773
2635,62,239
2635,63,625
2635,64,408
2635,65,374
2635,66,376
2635,67,509
2635,68,443
2635,69,562
2635,70,947
2635,71,779
2635,72,234
2635,73,748
2635,74,616
2635,75,682
2635,76,809
2635,77,812
2635,78,456
2635,79,626
2635,80,345
2636,41,298
2636,42,769
2636,43,432
2636,44,610
2636,45,298
2636,46,481
2636,47,391
2636,48,424
2636,49,391
2636,50,356
2636,51,227
2636,52,68
2636,53,1024
2636,54,460
2636,55,743
2636,56,246
2636,57,343
2636,58,509
2636,59,574
2636,60,476
2636,61,910
2636,62,971
2636,63,472
2636,64,336
2636,65,423
2636,66,390
2636,67,976
2636,68,514
2636,69,513
2636,70,120
2636,71,353
2636,72,417
2636,73,513
2636,74,644
2636,75,391
2636,76,621
2636,77,625
2636,78,507
2636,79,464
2636,80,530
2637,41,677
2637,42,689
2637,43,532
2637,44,17
2637,45,475
2637,46,505
2637,47,374
2637,48,375
2637,49,374
2637,50,527
2637,51,768
2637,52,712
2637,53,345
2637,54,305
2637,55,836
2637,56,764
2637,57,82
2637,58,920
2637,59,18
2637,60,647
2637,61,716
2637,62,746
2637,63,16
2637,64,908
2637,65,676
2637,66,275
2637,67,323
2637,68,375
2637,69,277
2637,70,338
2637,71,359
2637,72,424
2637,73,497
2637,74,131
2637,75,357
2637,76,165
2637,77,438
2637,78,425
2637,79,338
2637,80,375
2638,41,6
2638,42,498
2638,43,805
2638,44,167
2638,45,263
2638,46,601
2638,47,362
2638,48,392
2638,49,467
2638,50,527
2638,51,467
2638,52,471
2638,53,628
2638,54,630
2638,55,803
2638,56,904
2638,57,999
2638,58,999
2638,59,904
2638,60,997
2638,61,35
2638,62,602
2638,63,19
2638,64,326
2638,65,199
2638,66,389
2638,67,295
2638,68,358
2638,69,295
2638,70,525
2638,71,359
2638,72,314
2638,73,358
2638,74,390
2638,75,357
2638,76,291
2638,77,428
2638,78,430
2638,79,430
2638,80,2
2639,41,59
2639,42,966
2639,43,1024
2639,44,77
2639,45,732
2639,46,1024
2639,47,863
2639,48,928
2639,49,992
2639,50,896
2639,51,992
2639,52,1024
2639,53,992
2639,54,603
2639,55,4
2639,56,825
2639,57,896
2639,58,598
2639,59,699
2639,60,474
2639,61,776
2639,62,409
2639,63,151
2639,64,215
2639,65,215
2639,66,404
2639,67,278
2639,68,280
2639,69,182
2639,70,326
2639,71,180
2639,72,247
2639,73,181
2639,74,244
2639,75,724
2639,76,108
2639,77,819
2639,78,204
2639,79,298
2639,80,171
2640,41,743
2640,42,651
2640,43,391
2640,44,740
2640,45,740
2640,46,737
2640,47,706
2640,48,994
2640,49,178
2640,50,610
2640,51,773
2640,52,773
2640,53,609
2640,54,895
2640,55,117
2640,56,953
2640,57,707
2640,58,706
2640,59,737
2640,60,737
2640,61,296
2640,62,582
2640,63,650
2640,64,622
2640,65,684
2640,66,620
2640,67,688
2640,68,653
2640,69,656
2640,70,591
2640,71,622
2640,72,468
2640,73,370
2640,74,436
2640,75,437
2640,76,403
2640,77,370
2640,78,403
2640,79,403
2640,80,404
2641,41,429
2641,42,103
2641,43,763
2641,44,506
2641,45,344
2641,46,239
2641,47,476
2641,48,246
2641,49,411
2641,50,410
2641,51,473
2641,52,282
2641,53,248
2641,54,523
2641,55,245
2641,56,47
2641,57,310
2641,58,212
2641,59,307
2641,60,193
2641,61,115
2641,62,629
2641,63,763
2641,64,165
2641,65,863
2641,66,859
2641,67,731
2641,68,357
2641,69,831
2641,70,578
2641,71,863
2641,72,667
2641,73,570
2641,74,313
2641,75,47
2641,76,414
2641,77,91
2641,78,140
2641,79,270
2641,80,309
2642,41,589
2642,42,528
2642,43,370
2642,44,403
2642,45,370
2642,46,338
2642,47,439
2642,48,410
2642,49,345
2642,50,224
2642,51,476
2642,52,188
2642,53,125
2642,54,125
2642,55,125
2642,56,157
2642,57,190
2642,58,222
2642,59,315
2642,60,381
2642,61,476
2642,62,88
2642,63,404
2642,64,509
2642,65,275
2642,66,408
2642,67,286
2642,68,254
2642,69,473
2642,70,472
2642,71,375
2642,72,408
2642,73,471
2642,74,469
2642,75,473
2642,76,473
2642,77,314
2642,78,442
2642,79,818
2642,80,75
2643,41,316
2643,42,616
2643,43,20
2643,44,726
2643,45,364
2643,46,215
2643,47,123
2643,48,63
2643,49,218
2643,50,218
2643,51,188
2643,52,506
2643,53,218
2643,54,409
2643,55,281
2643,56,281
2643,57,311
2643,58,216
2643,59,616
2643,60,249
2643,61,1022
2643,62,293
2643,63,181
2643,64,182
2643,65,279
2643,66,382
2643,67,184
2643,68,184
2643,69,185
2643,70,188
2643,71,315
2643,72,415
2643,73,380
2643,74,380
2643,75,350
2643,76,378
2643,77,442
2643,78,542
2643,79,506
2643,80,542
2644,41,396
2644,42,431
2644,43,718
2644,44,968
2644,45,781
2644,46,599
2644,47,599
2644,48,536
2644,49,504
2644,50,632
2644,51,602
2644,52,895
2644,53,633
2644,54,695
2644,55,632
2644,56,601
2644,57,472
2644,58,596
2644,59,36
2644,60,596
2644,61,540
2644,62,174
2644,63,400
2644,64,904
2644,65,968
2644,66,597
2644,67,874
2644,68,71
2644,69,781
2644,70,839
2644,71,598
2644,72,598
2644,73,695
2644,74,632
2644,75,634
2644,76,928
2644,77,606
2644,78,798
2644,79,95
2644,80,832
2645,41,824
2645,42,63
2645,43,211
2645,44,49
2645,45,49
2645,46,144
2645,47,396
2645,48,209
2645,49,208
2645,50,210
2645,51,211
2645,52,844
2645,53,420
2645,54,407
2645,55,375
2645,56,338
2645,57,144
2645,58,108
2645,59,568
2645,60,826
2645,61,555
2645,62,951
2645,63,1016
2645,64,493
2645,65,473
2645,66,420
2645,67,962
2645,68,356
2645,69,888
2645,70,188
2645,71,558
2645,72,525
2645,73,782
2645,74,333
2645,75,396
2645,76,51
2645,77,431
2645,78,439
2645,79,138
2645,80,394
2646,41,136
2646,42,587
2646,43,432
2646,44,471
2646,45,504
2646,46,310
2646,47,533
2646,48,519
2646,49,667
2646,50,634
2646,51,667
2646,52,364
2646,53,793
2646,54,765
2646,55,602
2646,56,538
2646,57,830
2646,58,121
2646,59,848
2646,60,732
2646,61,488
2646,62,674
2646,63,237
2646,64,305
2646,65,170
2646,66,135
2646,67,200
2646,68,71
2646,69,128
2646,70,102
2646,71,168
2646,72,259
2646,73,139
2646,74,141
2646,75,236
2646,76,989
2646,77,168
2646,78,161
2646,79,168
2646,80,636
2647,41,559
2647,42,612
2647,43,793
2647,44,929
2647,45,417
2647,46,675
2647,47,386
2647,48,354
2647,49,760
2647,50,450
2647,51,481
2647,52,450
2647,53,402
2647,54,525
2647,55,350
2647,56,396
2647,57,367
2647,58,367
2647,59,367
2647,60,907
2647,61,21
2647,62,695
2647,63,460
2647,64,337
2647,65,162
2647,66,529
2647,67,560
2647,68,429
2647,69,429
2647,70,452
2647,71,419
2647,72,464
2647,73,424
2647,74,646
2647,75,904
2647,76,612
2647,77,646
2647,78,10
2647,79,493
2647,80,493
2648,41,964
2648,42,585
2648,43,107
2648,44,69
2648,45,73
2648,46,109
2648,47,72
2648,48,73
2648,49,823
2648,50,8
2648,51,8
2648,52,744
2648,53,41
2648,54,351
2648,55,40
2648,56,39
2648,57,72
2648,58,106
2648,59,259
2648,60,354
2648,61,758
2648,62,211
2648,63,426
2648,64,177
2648,65,649
2648,66,250
2648,67,170
2648,68,616
2648,69,800
2648,70,881
2648,71,713
2648,72,552
2648,73,16
2648,74,75
2648,75,838
2648,76,868
2648,77,868
2648,78,899
2648,79,899
2648,80,898
2649,41,374
2649,42,812
2649,43,965
2649,44,973
2649,45,756
2649,46,662
2649,47,135
2649,48,599
2649,49,564
2649,50,121
2649,51,378
2649,52,874
2649,53,719
2649,54,843
2649,55,843
2649,56,842
2649,57,966
2649,58,873
2649,59,903
2649,60,903
2649,61,151
2649,62,676
2649,63,721
2649,64,941
2649,65,911
2649,66,693
2649,67,942
2649,68,299
2649,69,786
2649,70,787
2649,71,910
2649,72,523
2649,73,941
2649,74,973
2649,75,1002
2649,76,1003
2649,77,474
2649,78,535
2649,79,724
2649,80,693
2650,41,27
2650,42,126
2650,43,167
2650,44,10
2650,45,200
2650,46,272
2650,47,169
2650,48,37
2650,49,36
2650,50,136
2650,51,908
2650,52,4
2650,53,170
2650,54,237
2650,55,306
2650,56,997
2650,57,519
2650,58,326
2650,59,39
2650,60,36
2650,61,1015
2650,62,54
2650,63,692
2650,64,635
2650,65,1021
2650,66,210
2650,67,236
2650,68,202
2650,69,237
2650,70,137
2650,71,563
2650,72,731
2650,73,200
2650,74,33
2650,75,202
2650,76,1011
2650,77,277
2650,78,311
2650,79,506
2650,80,473
2651,41,107
2651,42,835
2651,43,279
2651,44,1014
2651,45,313
2651,46,279
2651,47,278
2651,48,436
2651,49,341
2651,50,310
2651,51,275
2651,52,306
2651,53,276
2651,54,480
2651,55,480
2651,56,474
2651,57,683
2651,58,830
2651,59,537
2651,60,703
2651,61,650
2651,62,621
2651,63,600
2651,64,569
2651,65,633
2651,66,442
2651,67,667
2651,68,602
2651,69,1022
2651,70,570
2651,71,667
2651,72,635
2651,73,599
2651,74,700
2651,75,473
2651,76,442
2651,77,763
2651,78,699
2651,79,537
2651,80,369
2652,41,771
2652,42,861
2652,43,74
2652,44,317
2652,45,388
2652,46,78
2652,47,16
2652,48,800
2652,49,110
2652,50,262
2652,51,106
2652,52,74
2652,53,328
2652,54,106
2652,55,106
2652,56,108
2652,57,74
2652,58,674
2652,59,874
2652,60,688
2652,61,978
2652,62,885
2652,63,883
2652,64,74
2652,65,75
2652,66,74
2652,67,717
2652,68,255
2652,69,712
2652,70,41
2652,71,41
2652,72,9
2652,73,213
2652,74,686
2652,75,9
2652,76,9
2652,77,74
2652,78,108
2652,79,75
2652,80,74
2653,41,667
2653,42,768
2653,43,810
2653,44,966
2653,45,781
2653,46,811
2653,47,718
2653,48,625
2653,49,564
2653,50,626
2653,51,781
2653,52,562
2653,53,562
2653,54,562
2653,55,599
2653,56,566
2653,57,657
2653,58,750
2653,59,562
2653,60,813
2653,61,430
2653,62,91
2653,63,874
2653,64,966
2653,65,599
2653,66,923
2653,67,904
2653,68,657
2653,69,536
2653,70,469
2653,71,470
2653,72,501
2653,73,692
2653,74,692
2653,75,777
2653,76,250
2653,77,584
2653,78,500
2653,79,532
2653,80,599
2654,41,992
2654,42,638
2654,43,422
2654,44,396
2654,45,736
2654,46,396
2654,47,275
2654,48,276
2654,49,264
2654,50,109
2654,51,181
2654,52,332
2654,53,122
2654,54,26
2654,55,676
2654,56,609
2654,57,29
2654,58,122
2654,59,306
2654,60,336
2654,61,120
2654,62,245
2654,63,396
2654,64,42
2654,65,423
2654,66,748
2654,67,367
2654,68,811
2654,69,341
2654,70,278
2654,71,182
2654,72,275
2654,73,370
2654,74,306
2654,75,306
2654,76,276
2654,77,276
2654,78,310
2654,79,89
2654,80,980
2655,41,784
2655,42,805
2655,43,451
2655,44,386
2655,45,421
2655,46,356
2655,47,399
2655,48,466
2655,49,422
2655,50,396
2655,51,423
2655,52,746
2655,53,428
2655,54,361
2655,55,419
2655,56,452
2655,57,451
2655,58,611
2655,59,451
2655,60,451
2655,61,688
2655,62,139
2655,63,458
2655,64,17
2655,65,299
2655,66,452
2655,67,452
2655,68,450
2655,69,481
2655,70,421
2655,71,423
2655,72,421
2655,73,390
2655,74,428
2655,75,432
2655,76,200
2655,77,362
2655,78,794
2655,79,807
2655,80,493
2656,41,848
2656,42,56
2656,43,706
2656,44,400
2656,45,769
2656,46,676
2656,47,677
2656,48,52
2656,49,611
2656,50,779
2656,51,580
2656,52,548
2656,53,485
2656,54,419
2656,55,387
2656,56,387
2656,57,323
2656,58,843
2656,59,99
2656,60,34
2656,61,795
2656,62,254
2656,63,329
2656,64,274
2656,65,243
2656,66,370
2656,67,370
2656,68,434
2656,69,746
2656,70,370
2656,71,402
2656,72,361
2656,73,920
2656,74,915
2656,75,39
2656,76,393
2656,77,366
2656,78,338
2656,79,276
2656,80,506
2657,41,192
2657,42,479
2657,43,82
2657,44,363
2657,45,204
2657,46,299
2657,47,137
2657,48,138
2657,49,271
2657,50,104
2657,51,304
2657,52,235
2657,53,337
2657,54,271
2657,55,275
2657,56,784
2657,57,276
2657,58,402
2657,59,366
2657,60,523
2657,61,62
2657,62,114
2657,63,319
2657,64,745
2657,65,617
2657,66,259
2657,67,649
2657,68,427
2657,69,323
2657,70,395
2657,71,306
2657,72,367
2657,73,794
2657,74,303
2657,75,240
2657,76,115
2657,77,211
2657,78,50
2657,79,349
2657,80,81
2658,41,64
2658,42,478
2658,43,506
2658,44,667
2658,45,798
2658,46,799
2658,47,570
2658,48,442
2658,49,667
2658,50,505
2658,51,566
2658,52,688
2658,53,782
2658,54,438
2658,55,817
2658,56,692
2658,57,533
2658,58,503
2658,59,504
2658,60,596
2658,61,654
2658,62,320
2658,63,506
2658,64,506
2658,65,613
2658,66,764
2658,67,764
2658,68,764
2658,69,764
2658,70,764
2658,71,764
2658,72,732
2658,73,891
2658,74,878
2658,75,981
2658,76,982
2658,77,1011
2658,78,981
2658,79,81
2658,80,827
2659,41,183
2659,42,521
2659,43,622
2659,44,557
2659,45,617
2659,46,810
2659,47,616
2659,48,905
2659,49,777
2659,50,713
2659,51,807
2659,52,773
2659,53,807
2659,54,903
2659,55,610
2659,56,800
2659,57,612
2659,58,678
2659,59,674
2659,60,742
2659,61,6
2659,62,266
2659,63,527
2659,64,367
2659,65,392
2659,66,395
2659,67,365
2659,68,294
2659,69,309
2659,70,437
2659,71,467
2659,72,71
2659,73,740
2659,74,167
2659,75,131
2659,76,102
2659,77,133
2659,78,131
2659,79,905
2659,80,69
2660,41,407
2660,42,848
2660,43,407
2660,44,692
2660,45,692
2660,46,879
2660,47,34
2660,48,598
2660,49,504
2660,50,472
2660,51,472
2660,52,433
2660,53,563
2660,54,532
2660,55,472
2660,56,533
2660,57,601
2660,58,567
2660,59,182
2660,60,477
2660,61,447
2660,62,564
2660,63,789
2660,64,342
2660,65,211
2660,66,942
2660,67,786
2660,68,536
2660,69,601
2660,70,633
2660,71,77
2660,72,630
2660,73,596
2660,74,756
2660,75,594
2660,76,470
2660,77,432
2660,78,471
2660,79,472
2660,80,509
2661,41,154
2661,42,761
2661,43,737
2661,44,416
2661,45,869
2661,46,348
2661,47,416
2661,48,828
2661,49,416
2661,50,382
2661,51,384
2661,52,352
2661,53,448
2661,54,416
2661,55,352
2661,56,416
2661,57,416
2661,58,416
2661,59,416
2661,60,416
2661,61,42
2661,62,41
2661,63,416
2661,64,352
2661,65,382
2661,66,382
2661,67,384
2661,68,330
2661,69,352
2661,70,382
2661,71,348
2661,72,393
2661,73,382
2661,74,384
2661,75,959
2661,76,416
2661,77,448
2661,78,416
2661,79,159
2661,80,786
2662,41,288
2662,42,719
2662,43,852
2662,44,507
2662,45,610
2662,46,685
2662,47,561
2662,48,683
2662,49,685
2662,50,716
2662,51,410
2662,52,218
2662,53,685
2662,54,748
2662,55,810
2662,56,810
2662,57,584
2662,58,777
2662,59,777
2662,60,777
2662,61,28
2662,62,445
2662,63,8
2662,64,810
2662,65,786
2662,66,752
2662,67,818
2662,68,908
2662,69,908
2662,70,1004
2662,71,1004
2662,72,971
2662,73,971
2662,74,907
2662,75,426
2662,76,875
2662,77,537
2662,78,759
2662,79,172
2662,80,992
2663,41,184
2663,42,1020
2663,43,277
2663,44,280
2663,45,649
2663,46,84
2663,47,248
2663,48,247
2663,49,248
2663,50,448
2663,51,118
2663,52,152
2663,53,152
2663,54,28
2663,55,216
2663,56,184
2663,57,60
2663,58,60
2663,59,60
2663,60,91
2663,61,814
2663,62,341
2663,63,537
2663,64,263
2663,65,232
2663,66,232
2663,67,166
2663,68,168
2663,69,203
2663,70,306
2663,71,467
2663,72,431
2663,73,469
2663,74,468
2663,75,500
2663,76,500
2663,77,500
2663,78,568
2663,79,661
2663,80,660
2664,41,963
2664,42,256
2664,43,320
2664,44,366
2664,45,430
2664,46,497
2664,47,432
2664,48,427
2664,49,639
2664,50,454
2664,51,44
2664,52,162
2664,53,450
2664,54,610
2664,55,709
2664,56,450
2664,57,421
2664,58,421
2664,59,154
2664,60,485
2664,61,405
2664,62,831
2664,63,136
2664,64,136
2664,65,136
2664,66,703
2664,67,136
2664,68,136
2664,69,136
2664,70,136
2664,71,136
2664,72,136
2664,73,118
2664,74,2
2664,75,2
2664,76,2
2664,77,36
2664,78,36
2664,79,36
2664,80,279
2665,41,234
2665,42,612
2665,43,917
2665,44,96
2665,45,542
2665,46,32
2665,47,95
2665,48,93
2665,49,524
2665,50,122
2665,51,23
2665,52,182
2665,53,409
2665,54,441
2665,55,343
2665,56,216
2665,57,528
2665,58,150
2665,59,258
2665,60,52
2665,61,381
2665,62,652
2665,63,264
2665,64,319
2665,65,327
2665,66,233
2665,67,909
2665,68,117
2665,69,326
2665,70,326
2665,71,771
2665,72,263
2665,73,327
2665,74,134
2665,75,168
2665,76,993
2665,77,491
2665,78,199
2665,79,295
2665,80,135
2666,41,686
2666,42,1
2666,43,387
2666,44,548
2666,45,295
2666,46,263
2666,47,359
2666,48,199
2666,49,423
2666,50,773
2666,51,295
2666,52,232
2666,53,137
2666,54,342
2666,55,243
2666,56,342
2666,57,203
2666,58,879
2666,59,137
2666,60,137
2666,61,730
2666,62,564
2666,63,662
2666,64,111
2666,65,889
2666,66,267
2666,67,142
2666,68,146
2666,69,115
2666,70,18
2666,71,82
2666,72,211
2666,73,633
2666,74,149
2666,75,306
2666,76,247
2666,77,761
2666,78,94
2666,79,272
2666,80,240
2667,41,221
2667,42,205
2667,43,968
2667,44,875
2667,45,911
2667,46,941
2667,47,744
2667,48,809
2667,49,739
2667,50,968
2667,51,681
2667,52,840
2667,53,904
2667,54,936
2667,55,903
2667,56,792
2667,57,642
2667,58,743
2667,59,203
2667,60,739
2667,61,110
2667,62,727
2667,63,1003
2667,64,879
2667,65,566
2667,66,630
2667,67,787
2667,68,910
2667,69,1022
2667,70,912
2667,71,436
2667,72,806
2667,73,808
2667,74,806
2667,75,773
2667,76,164
2667,77,674
2667,78,578
2667,79,610
2667,80,982
2668,41,624
2668,42,583
2668,43,101
2668,44,34
2668,45,137
2668,46,163
2668,47,133
2668,48,1
2668,49,163
2668,50,101
2668,51,35
2668,52,100
2668,53,69
2668,54,385
2668,55,943
2668,56,101
2668,57,101
2668,58,131
2668,59,35
2668,60,116
2668,61,359
2668,62,207
2668,63,99
2668,64,332
2668,65,195
2668,66,37
2668,67,234
2668,68,66
2668,69,706
2668,70,101
2668,71,1009
2668,72,36
2668,73,36
2668,74,769
2668,75,195
2668,76,70
2668,77,69
2668,78,881
2668,79,482
2668,80,272
2669,41,232
2669,42,609
2669,43,163
2669,44,718
2669,45,69
2669,46,35
2669,47,67
2669,48,71
2669,49,398
2669,50,101
2669,51,352
2669,52,306
2669,53,309
2669,54,237
2669,55,202
2669,56,75
2669,57,582
2669,58,5
2669,59,514
2669,60,137
2669,61,708
2669,62,954
2669,63,103
2669,64,365
2669,65,305
2669,66,271
2669,67,274
2669,68,611
2669,69,304
2669,70,69
2669,71,873
2669,72,295
2669,73,70
2669,74,77
2669,75,131
2669,76,34
2669,77,200
2669,78,33
2669,79,580
2669,80,34
2670,41,881
2670,42,523
2670,43,602
2670,44,538
2670,45,454
2670,46,378
2670,47,542
2670,48,608
2670,49,608
2670,50,483
2670,51,575
2670,52,954
2670,53,602
2670,54,602
2670,55,536
2670,56,476
2670,57,444
2670,58,725
2670,59,316
2670,60,832
2670,61,624
2670,62,770
2670,63,952
2670,64,984
2670,65,731
2670,66,825
2670,67,161
2670,68,635
2670,69,350
2670,70,754
2670,71,601
2670,72,536
2670,73,745
2670,74,666
2670,75,569
2670,76,570
2670,77,582
2670,78,696
2670,79,697
2670,80,474
2671,41,389
2671,42,75
2671,43,700
2671,44,734
2671,45,735
2671,46,735
2671,47,703
2671,48,963
2671,49,211
2671,50,570
2671,51,667
2671,52,104
2671,53,793
2671,54,825
2671,55,888
2671,56,984
2671,57,1016
2671,58,888
2671,59,912
2671,60,732
2671,61,615
2671,62,983
2671,63,506
2671,64,713
2671,65,506
2671,66,506
2671,67,702
2671,68,442
2671,69,602
2671,70,442
2671,71,667
2671,72,863
2671,73,570
2671,74,570
2671,75,765
2671,76,302
2671,77,731
2671,78,666
2671,79,506
2671,80,506
2672,41,888
2672,42,237
2672,43,633
2672,44,700
2672,45,513
2672,46,854
2672,47,703
2672,48,78
2672,49,928
2672,50,635
2672,51,946
2672,52,765
2672,53,658
2672,54,863
2672,55,266
2672,56,634
2672,57,960
2672,58,559
2672,59,896
2672,60,896
2672,61,722
2672,62,865
2672,63,634
2672,64,570
2672,65,793
2672,66,895
2672,67,825
2672,68,667
2672,69,505
2672,70,504
2672,71,63
2672,72,506
2672,73,635
2672,74,439
2672,75,439
2672,76,505
2672,77,505
2672,78,211
2672,79,84
2672,80,1009
2673,41,610
2673,42,309
2673,43,595
2673,44,508
2673,45,428
2673,46,431
2673,47,466
2673,48,505
2673,49,505
2673,50,344
2673,51,505
2673,52,702
2673,53,763
2673,54,56
2673,55,732
2673,56,791
2673,57,759
2673,58,697
2673,59,185
2673,60,596
2673,61,519
2673,62,42
2673,63,925
2673,64,635
2673,65,700
2673,66,505
2673,67,441
2673,68,824
2673,69,377
2673,70,313
2673,71,409
2673,72,376
2673,73,409
2673,74,378
2673,75,358
2673,76,538
2673,77,864
2673,78,928
2673,79,437
2673,80,440
2674,41,434
2674,42,422
2674,43,315
2674,44,595
2674,45,285
2674,46,344
2674,47,270
2674,48,102
2674,49,102
2674,50,295
2674,51,102
2674,52,342
2674,53,275
2674,54,73
2674,55,75
2674,56,173
2674,57,304
2674,58,181
2674,59,136
2674,60,527
2674,61,167
2674,62,513
2674,63,315
2674,64,416
2674,65,593
2674,66,348
2674,67,382
2674,68,382
2674,69,414
2674,70,352
2674,71,416
2674,72,114
2674,73,771
2674,74,315
2674,75,620
2674,76,315
2674,77,348
2674,78,842
2674,79,414
2674,80,348
2675,41,684
2675,42,666
2675,43,323
2675,44,161
2675,45,391
2675,46,335
2675,47,78
2675,48,276
2675,49,777
2675,50,438
2675,51,657
2675,52,594
2675,53,874
2675,54,584
2675,55,3
2675,56,724
2675,57,428
2675,58,584
2675,59,394
2675,60,423
2675,61,158
2675,62,600
2675,63,37
2675,64,451
2675,65,131
2675,66,2
2675,67,5
2675,68,70
2675,69,271
2675,70,306
2675,71,276
2675,72,851
2675,73,246
2675,74,457
2675,75,338
2675,76,338
2675,77,403
2675,78,438
2675,79,501
2675,80,246
2676,41,654
2676,42,270
2676,43,616
2676,44,502
2676,45,649
2676,46,530
2676,47,472
2676,48,505
2676,49,408
2676,50,566
2676,51,565
2676,52,438
2676,53,211
2676,54,474
2676,55,469
2676,56,405
2676,57,940
2676,58,402
2676,59,765
2676,60,804
2676,61,59
2676,62,348
2676,63,744
2676,64,740
2676,65,738
2676,66,577
2676,67,675
2676,68,366
2676,69,803
2676,70,616
2676,71,584
2676,72,713
2676,73,713
2676,74,935
2676,75,874
2676,76,935
2676,77,997
2676,78,998
2676,79,997
2676,80,966
2677,41,460
2677,42,9
2677,43,69
2677,44,100
2677,45,574
2677,46,101
2677,47,328
2677,48,133
2677,49,132
2677,50,2
2677,51,905
2677,52,74
2677,53,140
2677,54,108
2677,55,181
2677,56,177
2677,57,81
2677,58,49
2677,59,47
2677,60,585
2677,61,869
2677,62,517
2677,63,309
2677,64,238
2677,65,268
2677,66,268
2677,67,144
2677,68,1007
2677,69,244
2677,70,176
2677,71,146
2677,72,48
2677,73,143
2677,74,271
2677,75,71
2677,76,139
2677,77,74
2677,78,74
2677,79,74
2677,80,74
2678,41,549
2678,42,1004
2678,43,34
2678,44,70
2678,45,199
2678,46,37
2678,47,37
2678,48,37
2678,49,40
2678,50,71
2678,51,1009
2678,52,71
2678,53,8
2678,54,8
2678,55,35
2678,56,71
2678,57,669
2678,58,134
2678,59,134
2678,60,102
2678,61,993
2678,62,726
2678,63,505
2678,64,505
2678,65,215
2678,66,116
2678,67,564
2678,68,20
2678,69,441
2678,70,182
2678,71,117
2678,72,248
2678,73,42
2678,74,85
2678,75,149
2678,76,149
2678,77,248
2678,78,248
2678,79,248
2678,80,248
2679,41,939
2679,42,449
2679,43,135
2679,44,764
2679,45,390
2679,46,943
2679,47,134
2679,48,232
2679,49,295
2679,50,203
2679,51,326
2679,52,391
2679,53,358
2679,54,134
2679,55,37
2679,56,98
2679,57,36
2679,58,38
2679,59,270
2679,60,636
2679,61,665
2679,62,1014
2679,63,688
2679,64,167
2679,65,736
2679,66,548
2679,67,326
2679,68,424
2679,69,421
2679,70,357
2679,71,95
2679,72,36
2679,73,2
2679,74,61
2679,75,3
2679,76,67
2679,77,2
2679,78,498
2679,79,37
2679,80,37
2680,41,609
2680,42,816
2680,43,201
2680,44,297
2680,45,236
2680,46,271
2680,47,271
2680,48,450
2680,49,363
2680,50,141
2680,51,140
2680,52,902
2680,53,140
2680,54,935
2680,55,12
2680,56,952
2680,57,462
2680,58,398
2680,59,806
2680,60,444
2680,61,98
2680,62,51
2680,63,271
2680,64,276
2680,65,307
2680,66,309
2680,67,309
2680,68,439
2680,69,439
2680,70,309
2680,71,328
2680,72,305
2680,73,701
2680,74,169
2680,75,228
2680,76,271
2680,77,277
2680,78,305
2680,79,220
2680,80,546
2681,41,293
2681,42,55
2681,43,664
2681,44,125
2681,45,844
2681,46,790
2681,47,727
2681,48,628
2681,49,692
2681,50,533
2681,51,432
2681,52,469
2681,53,245
2681,54,153
2681,55,94
2681,56,95
2681,57,27
2681,58,152
2681,59,91
2681,60,90
2681,61,333
2681,62,796
2681,63,661
2681,64,725
2681,65,755
2681,66,724
2681,67,504
2681,68,600
2681,69,568
2681,70,574
2681,71,60
2681,72,607
2681,73,476
2681,74,474
2681,75,121
2681,76,478
2681,77,477
2681,78,479
2681,79,938
2681,80,337
2682,41,13
2682,42,447
2682,43,189
2682,44,505
2682,45,632
2682,46,597
2682,47,697
2682,48,698
2682,49,601
2682,50,634
2682,51,537
2682,52,27
2682,53,698
2682,54,608
2682,55,597
2682,56,632
2682,57,944
2682,58,632
2682,59,664
2682,60,664
2682,61,472
2682,62,904
2682,63,351
2682,64,911
2682,65,849
2682,66,790
2682,67,789
2682,68,650
2682,69,890
2682,70,199
2682,71,891
2682,72,861
2682,73,1013
2682,74,823
2682,75,882
2682,76,851
2682,77,566
2682,78,598
2682,79,698
2682,80,731
2683,41,569
2683,42,44
2683,43,785
2683,44,779
2683,45,213
2683,46,683
2683,47,872
2683,48,805
2683,49,828
2683,50,807
2683,51,806
2683,52,840
2683,53,854
2683,54,649
2683,55,423
2683,56,440
2683,57,589
2683,58,620
2683,59,493
2683,60,428
2683,61,1003
2683,62,208
2683,63,810
2683,64,810
2683,65,777
2683,66,584
2683,67,586
2683,68,389
2683,69,324
2683,70,291
2683,71,131
2683,72,162
2683,73,166
2683,74,71
2683,75,44
2683,76,13
2683,77,45
2683,78,576
2683,79,14
2683,80,14
2684,41,686
2684,42,325
2684,43,36
2684,44,87
2684,45,36
2684,46,102
2684,47,134
2684,48,3
2684,49,69
2684,50,117
2684,51,327
2684,52,68
2684,53,723
2684,54,72
2684,55,73
2684,56,69
2684,57,166
2684,58,274
2684,59,246
2684,60,35
2684,61,320
2684,62,983
2684,63,36
2684,64,129
2684,65,129
2684,66,129
2684,67,237
2684,68,3
2684,69,69
2684,70,101
2684,71,3
2684,72,232
2684,73,359
2684,74,359
2684,75,200
2684,76,102
2684,77,977
2684,78,101
2684,79,164
2684,80,199
2685,41,390
2685,42,196
2685,43,108
2685,44,9
2685,45,74
2685,46,108
2685,47,41
2685,48,41
2685,49,42
2685,50,108
2685,51,74
2685,52,42
2685,53,108
2685,54,172
2685,55,394
2685,56,872
2685,57,331
2685,58,331
2685,59,579
2685,60,362
2685,61,293
2685,62,759
2685,63,225
2685,64,9
2685,65,41
2685,66,74
2685,67,74
2685,68,41
2685,69,74
2685,70,108
2685,71,9
2685,72,41
2685,73,9
2685,74,41
2685,75,74
2685,76,74
2685,77,9
2685,78,74
2685,79,42
2685,80,108
2686,41,589
2686,42,611
2686,43,455
2686,44,428
2686,45,389
2686,46,259
2686,47,175
2686,48,3
2686,49,2
2686,50,99
2686,51,131
2686,52,131
2686,53,422
2686,54,264
2686,55,417
2686,56,385
2686,57,421
2686,58,421
2686,59,451
2686,60,426
2686,61,364
2686,62,755
2686,63,68
2686,64,104
2686,65,37
2686,66,36
2686,67,37
2686,68,3
2686,69,99
2686,70,36
2686,71,102
2686,72,102
2686,73,2
2686,74,5
2686,75,5
2686,76,985
2686,77,2
2686,78,2
2686,79,194
2686,80,1000
2687,41,563
2687,42,693
2687,43,363
2687,44,91
2687,45,276
2687,46,240
2687,47,261
2687,48,176
2687,49,142
2687,50,111
2687,51,109
2687,52,108
2687,53,5
2687,54,204
2687,55,236
2687,56,984
2687,57,463
2687,58,72
2687,59,108
2687,60,44
2687,61,518
2687,62,793
2687,63,250
2687,64,180
2687,65,699
2687,66,306
2687,67,276
2687,68,374
2687,69,599
2687,70,249
2687,71,566
2687,72,630
2687,73,628
2687,74,693
2687,75,603
2687,76,602
2687,77,34
2687,78,574
2687,79,538
2687,80,506
2688,41,281
2688,42,704
2688,43,558
2688,44,556
2688,45,555
2688,46,493
2688,47,652
2688,48,716
2688,49,616
2688,50,1000
2688,51,854
2688,52,968
2688,53,1000
2688,54,936
2688,55,477
2688,56,682
2688,57,779
2688,58,810
2688,59,717
2688,60,414
2688,61,1022
2688,62,646
2688,63,95
2688,64,179
2688,65,537
2688,66,473
2688,67,662
2688,68,592
2688,69,663
2688,70,596
2688,71,187
2688,72,504
2688,73,342
2688,74,710
2688,75,50
2688,76,181
2688,77,181
2688,78,181
2688,79,107
2688,80,75
2689,41,801
2689,42,82
2689,43,166
2689,44,422
2689,45,422
2689,46,514
2689,47,326
2689,48,326
2689,49,199
2689,50,162
2689,51,16
2689,52,168
2689,53,170
2689,54,846
2689,55,675
2689,56,139
2689,57,139
2689,58,1022
2689,59,139
2689,60,139
2689,61,713
2689,62,338
2689,63,162
2689,64,166
2689,65,627
2689,66,257
2689,67,901
2689,68,164
2689,69,422
2689,70,422
2689,71,422
2689,72,422
2689,73,809
2689,74,762
2689,75,166
2689,76,199
2689,77,199
2689,78,162
2689,79,162
2689,80,162
2690,41,435
2690,42,459
2690,43,703
2690,44,702
2690,45,510
2690,46,702
2690,47,733
2690,48,686
2690,49,702
2690,50,704
2690,51,734
2690,52,734
2690,53,734
2690,54,734
2690,55,766
2690,56,766
2690,57,64
2690,58,766
2690,59,766
2690,60,766
2690,61,103
2690,62,898
2690,63,702
2690,64,702
2690,65,704
2690,66,702
2690,67,704
2690,68,702
2690,69,702
2690,70,702
2690,71,702
2690,72,704
2690,73,856
2690,74,633
2690,75,703
2690,76,702
2690,77,704
2690,78,702
2690,79,702
2690,80,702
2691,41,891
2691,42,570
2691,43,37
2691,44,267
2691,45,331
2691,46,602
2691,47,331
2691,48,238
2691,49,407
2691,50,236
2691,51,202
2691,52,238
2691,53,630
2691,54,267
2691,55,267
2691,56,405
2691,57,244
2691,58,271
2691,59,252
2691,60,602
2691,61,397
2691,62,920
2691,63,238
2691,64,342
2691,65,688
2691,66,2
2691,67,3
2691,68,3
2691,69,3
2691,70,170
2691,71,138
2691,72,236
2691,73,342
2691,74,277
2691,75,670
2691,76,407
2691,77,275
2691,78,244
2691,79,986
2691,80,203
2692,41,985
2692,42,121
2692,43,255
2692,44,525
2692,45,589
2692,46,619
2692,47,618
2692,48,586
2692,49,617
2692,50,456
2692,51,520
2692,52,584
2692,53,777
2692,54,905
2692,55,872
2692,56,998
2692,57,841
2692,58,905
2692,59,841
2692,60,905
2692,61,512
2692,62,444
2692,63,879
2692,64,942
2692,65,84
2692,66,748
2692,67,429
2692,68,1004
2692,69,319
2692,70,971
2692,71,971
2692,72,971
2692,73,971
2692,74,971
2692,75,971
2692,76,636
2692,77,942
2692,78,786
2692,79,688
2692,80,516
2693,41,268
2693,42,903
2693,43,45
2693,44,109
2693,45,836
2693,46,110
2693,47,896
2693,48,167
2693,49,69
2693,50,73
2693,51,73
2693,52,109
2693,53,812
2693,54,270
2693,55,298
2693,56,717
2693,57,268
2693,58,268
2693,59,304
2693,60,3
2693,61,793
2693,62,688
2693,63,237
2693,64,268
2693,65,71
2693,66,4
2693,67,943
2693,68,138
2693,69,352
2693,70,69
2693,71,309
2693,72,50
2693,73,626
2693,74,52
2693,75,113
2693,76,81
2693,77,82
2693,78,146
2693,79,244
2693,80,277
2694,41,17
2694,42,404
2694,43,437
2694,44,374
2694,45,237
2694,46,576
2694,47,304
2694,48,236
2694,49,344
2694,50,312
2694,51,627
2694,52,469
2694,53,431
2694,54,428
2694,55,422
2694,56,424
2694,57,456
2694,58,450
2694,59,385
2694,60,513
2694,61,599
2694,62,15
2694,63,692
2694,64,662
2694,65,890
2694,66,751
2694,67,1003
2694,68,1004
2694,69,183
2694,70,504
2694,71,536
2694,72,624
2694,73,1003
2694,74,910
2694,75,693
2694,76,660
2694,77,406
2694,78,535
2694,79,566
2694,80,471
2695,41,821
2695,42,208
2695,43,520
2695,44,92
2695,45,808
2695,46,808
2695,47,713
2695,48,555
2695,49,555
2695,50,365
2695,51,532
2695,52,634
2695,53,569
2695,54,537
2695,55,537
2695,56,607
2695,57,574
2695,58,537
2695,59,383
2695,60,541
2695,61,525
2695,62,477
2695,63,393
2695,64,277
2695,65,226
2695,66,271
2695,67,166
2695,68,168
2695,69,744
2695,70,264
2695,71,298
2695,72,180
2695,73,453
2695,74,425
2695,75,67
2695,76,391
2695,77,338
2695,78,404
2695,79,296
2695,80,232
2696,41,155
2696,42,126
2696,43,1007
2696,44,276
2696,45,49
2696,46,977
2696,47,1009
2696,48,1009
2696,49,879
2696,50,667
2696,51,693
2696,52,817
2696,53,974
2696,54,473
2696,55,818
2696,56,248
2696,57,813
2696,58,572
2696,59,503
2696,60,805
2696,61,628
2696,62,232
2696,63,538
2696,64,897
2696,65,475
2696,66,480
2696,67,478
2696,68,419
2696,69,471
2696,70,471
2696,71,849
2696,72,422
2696,73,419
2696,74,386
2696,75,418
2696,76,354
2696,77,259
2696,78,220
2696,79,488
2696,80,842
2697,41,679
2697,42,538
2697,43,390
2697,44,423
2697,45,390
2697,46,395
2697,47,363
2697,48,265
2697,49,330
2697,50,365
2697,51,392
2697,52,576
2697,53,831
2697,54,322
2697,55,354
2697,56,481
2697,57,449
2697,58,421
2697,59,3
2697,60,2
2697,61,873
2697,62,977
2697,63,323
2697,64,228
2697,65,228
2697,66,800
2697,67,291
2697,68,226
2697,69,355
2697,70,36
2697,71,5
2697,72,74
2697,73,470
2697,74,484
2697,75,35
2697,76,2
2697,77,386
2697,78,33
2697,79,2
2697,80,2
2698,41,469
2698,42,678
2698,43,236
2698,44,309
2698,45,169
2698,46,304
2698,47,3
2698,48,304
2698,49,236
2698,50,137
2698,51,272
2698,52,338
2698,53,309
2698,54,343
2698,55,304
2698,56,169
2698,57,238
2698,58,237
2698,59,920
2698,60,305
2698,61,256
2698,62,686
2698,63,203
2698,64,236
2698,65,158
2698,66,202
2698,67,130
2698,68,305
2698,69,349
2698,70,104
2698,71,166
2698,72,162
2698,73,164
2698,74,747
2698,75,166
2698,76,199
2698,77,472
2698,78,478
2698,79,475
2698,80,477
2699,41,961
2699,42,164
2699,43,413
2699,44,292
2699,45,638
2699,46,137
2699,47,605
2699,48,574
2699,49,93
2699,50,604
2699,51,631
2699,52,198
2699,53,607
2699,54,1023
2699,55,276
2699,56,335
2699,57,306
2699,58,260
2699,59,381
2699,60,640
2699,61,604
2699,62,180
2699,63,862
2699,64,635
2699,65,602
2699,66,699
2699,67,633
2699,68,1024
2699,69,960
2699,70,92
2699,71,702
2699,72,992
2699,73,832
2699,74,210
2699,75,152
2699,76,992
2699,77,928
2699,78,703
2699,79,428
2699,80,862
2700,41,204
2700,42,809
2700,43,156
2700,44,188
2700,45,219
2700,46,156
2700,47,122
2700,48,64
2700,49,63
2700,50,64
2700,51,184
2700,52,887
2700,53,247
2700,54,185
2700,55,95
2700,56,94
2700,57,301
2700,58,971
2700,59,271
2700,60,160
2700,61,1008
2700,62,707
2700,63,189
2700,64,156
2700,65,286
2700,66,316
2700,67,285
2700,68,288
2700,69,288
2700,70,286
2700,71,288
2700,72,12
2700,73,286
2700,74,288
2700,75,285
2700,76,254
2700,77,222
2700,78,678
2700,79,222
2700,80,222
2701,41,603
2701,42,102
2701,43,1012
2701,44,1012
2701,45,313
2701,46,951
2701,47,342
2701,48,31
2701,49,286
2701,50,627
2701,51,981
2701,52,794
2701,53,200
2701,54,794
2701,55,794
2701,56,825
2701,57,857
2701,58,857
2701,59,827
2701,60,983
2701,61,689
2701,62,26
2701,63,80
2701,64,144
2701,65,142
2701,66,177
2701,67,115
2701,68,274
2701,69,306
2701,70,335
2701,71,335
2701,72,6
2701,73,287
2701,74,337
2701,75,306
2701,76,534
2701,77,276
2701,78,338
2701,79,276
2701,80,115
2702,41,61
2702,42,942
2702,43,849
2702,44,818
2702,45,1007
2702,46,762
2702,47,533
2702,48,533
2702,49,533
2702,50,310
2702,51,953
2702,52,52
2702,53,184
2702,54,248
2702,55,117
2702,56,505
2702,57,312
2702,58,442
2702,59,442
2702,60,474
2702,61,377
2702,62,793
2702,63,682
2702,64,682
2702,65,685
2702,66,659
2702,67,717
2702,68,498
2702,69,520
2702,70,552
2702,71,957
2702,72,158
2702,73,5
2702,74,70
2702,75,3
2702,76,115
2702,77,368
2702,78,70
2702,79,2
2702,80,161
2703,41,339
2703,42,443
2703,43,848
2703,44,974
2703,45,1004
2703,46,942
2703,47,817
2703,48,660
2703,49,973
2703,50,853
2703,51,918
2703,52,505
2703,53,291
2703,54,537
2703,55,537
2703,56,408
2703,57,407
2703,58,376
2703,59,153
2703,60,184
2703,61,597
2703,62,317
2703,63,908
2703,64,973
2703,65,211
2703,66,280
2703,67,849
2703,68,878
2703,69,692
2703,70,309
2703,71,344
2703,72,438
2703,73,440
2703,74,408
2703,75,104
2703,76,203
2703,77,307
2703,78,307
2703,79,245
2703,80,277
2704,41,1
2704,42,985
2704,43,895
2704,44,33
2704,45,732
2704,46,331
2704,47,380
2704,48,379
2704,49,345
2704,50,344
2704,51,346
2704,52,460
2704,53,460
2704,54,429
2704,55,430
2704,56,860
2704,57,301
2704,58,301
2704,59,427
2704,60,430
2704,61,55
2704,62,657
2704,63,732
2704,64,214
2704,65,891
2704,66,831
2704,67,863
2704,68,864
2704,69,895
2704,70,472
2704,71,832
2704,72,928
2704,73,765
2704,74,635
2704,75,811
2704,76,602
2704,77,895
2704,78,634
2704,79,673
2704,80,538
2705,41,327
2705,42,171
2705,43,370
2705,44,71
2705,45,235
2705,46,204
2705,47,237
2705,48,326
2705,49,5
2705,50,36
2705,51,137
2705,52,843
2705,53,883
2705,54,237
2705,55,168
2705,56,170
2705,57,203
2705,58,52
2705,59,141
2705,60,173
2705,61,454
2705,62,627
2705,63,370
2705,64,365
2705,65,361
2705,66,361
2705,67,243
2705,68,243
2705,69,641
2705,70,750
2705,71,16
2705,72,112
2705,73,112
2705,74,42
2705,75,41
2705,76,980
2705,77,76
2705,78,36
2705,79,72
2705,80,72
2706,41,759
2706,42,652
2706,43,2
2706,44,35
2706,45,294
2706,46,326
2706,47,326
2706,48,429
2706,49,389
2706,50,356
2706,51,145
2706,52,388
2706,53,753
2706,54,424
2706,55,423
2706,56,464
2706,57,1002
2706,58,529
2706,59,498
2706,60,597
2706,61,613
2706,62,241
2706,63,557
2706,64,555
2706,65,493
2706,66,166
2706,67,619
2706,68,647
2706,69,936
2706,70,967
2706,71,936
2706,72,713
2706,73,875
2706,74,776
2706,75,776
2706,76,713
2706,77,389
2706,78,200
2706,79,745
2706,80,776
2707,41,598
2707,42,689
2707,43,396
2707,44,363
2707,45,396
2707,46,193
2707,47,525
2707,48,396
2707,49,395
2707,50,335
2707,51,330
2707,52,233
2707,53,265
2707,54,265
2707,55,472
2707,56,362
2707,57,363
2707,58,423
2707,59,646
2707,60,474
2707,61,496
2707,62,791
2707,63,437
2707,64,497
2707,65,475
2707,66,432
2707,67,430
2707,68,250
2707,69,926
2707,70,484
2707,71,486
2707,72,682
2707,73,682
2707,74,682
2707,75,847
2707,76,747
2707,77,747
2707,78,746
2707,79,746
2707,80,681
2708,41,241
2708,42,789
2708,43,117
2708,44,248
2708,45,52
2708,46,117
2708,47,215
2708,48,215
2708,49,215
2708,50,116
2708,51,20
2708,52,734
2708,53,248
2708,54,556
2708,55,690
2708,56,307
2708,57,205
2708,58,247
2708,59,109
2708,60,104
2708,61,160
2708,62,607
2708,63,520
2708,64,282
2708,65,486
2708,66,518
2708,67,475
2708,68,456
2708,69,361
2708,70,460
2708,71,267
2708,72,298
2708,73,268
2708,74,552
2708,75,617
2708,76,180
2708,77,521
2708,78,521
2708,79,521
2708,80,487
2709,41,721
2709,42,161
2709,43,342
2709,44,50
2709,45,109
2709,46,138
2709,47,74
2709,48,18
2709,49,113
2709,50,670
2709,51,79
2709,52,44
2709,53,76
2709,54,75
2709,55,106
2709,56,268
2709,57,267
2709,58,201
2709,59,201
2709,60,201
2709,61,754
2709,62,11
2709,63,203
2709,64,179
2709,65,238
2709,66,70
2709,67,104
2709,68,148
2709,69,141
2709,70,173
2709,71,363
2709,72,233
2709,73,803
2709,74,69
2709,75,96
2709,76,170
2709,77,620
2709,78,69
2709,79,2
2709,80,98
2710,41,126
2710,42,933
2710,43,702
2710,44,749
2710,45,704
2710,46,794
2710,47,575
2710,48,825
2710,49,225
2710,50,744
2710,51,795
2710,52,426
2710,53,698
2710,54,826
2710,55,1002
2710,56,666
2710,57,732
2710,58,460
2710,59,702
2710,60,702
2710,61,838
2710,62,386
2710,63,699
2710,64,702
2710,65,702
2710,66,792
2710,67,823
2710,68,690
2710,69,984
2710,70,857
2710,71,823
2710,72,823
2710,73,758
2710,74,757
2710,75,822
2710,76,818
2710,77,202
2710,78,851
2710,79,852
2710,80,852
2711,41,138
2711,42,969
2711,43,368
2711,44,530
2711,45,380
2711,46,76
2711,47,311
2711,48,110
2711,49,111
2711,50,176
2711,51,754
2711,52,503
2711,53,503
2711,54,474
2711,55,407
2711,56,407
2711,57,345
2711,58,298
2711,59,509
2711,60,817
2711,61,460
2711,62,250
2711,63,207
2711,64,206
2711,65,179
2711,66,140
2711,67,726
2711,68,73
2711,69,991
2711,70,40
2711,71,109
2711,72,110
2711,73,109
2711,74,44
2711,75,141
2711,76,728
2711,77,206
2711,78,206
2711,79,390
2711,80,174
2712,41,455
2712,42,130
2712,43,608
2712,44,608
2712,45,69
2712,46,686
2712,47,608
2712,48,608
2712,49,608
2712,50,608
2712,51,211
2712,52,608
2712,53,608
2712,54,608
2712,55,608
2712,56,608
2712,57,608
2712,58,608
2712,59,541
2712,60,541
2712,61,864
2712,62,37
2712,63,608
2712,64,608
2712,65,640
2712,66,608
2712,67,608
2712,68,608
2712,69,720
2712,70,608
2712,71,608
2712,72,608
2712,73,608
2712,74,608
2712,75,608
2712,76,608
2712,77,64
2712,78,541
2712,79,177
2712,80,541
2713,41,634
2713,42,210
2713,43,634
2713,44,506
2713,45,575
2713,46,575
2713,47,3
2713,48,608
2713,49,608
2713,50,541
2713,51,507
2713,52,719
2713,53,473
2713,54,424
2713,55,982
2713,56,608
2713,57,544
2713,58,505
2713,59,570
2713,60,505
2713,61,766
2713,62,482
2713,63,666
2713,64,634
2713,65,732
2713,66,703
2713,67,957
2713,68,398
2713,69,538
2713,70,260
2713,71,600
2713,72,696
2713,73,632
2713,74,766
2713,75,699
2713,76,700
2713,77,701
2713,78,701
2713,79,701
2713,80,671
2714,41,129
2714,42,739
2714,43,353
2714,44,450
2714,45,422
2714,46,452
2714,47,424
2714,48,146
2714,49,452
2714,50,420
2714,51,220
2714,52,433
2714,53,290
2714,54,389
2714,55,323
2714,56,409
2714,57,356
2714,58,356
2714,59,846
2714,60,227
2714,61,831
2714,62,821
2714,63,322
2714,64,392
2714,65,424
2714,66,394
2714,67,806
2714,68,852
2714,69,392
2714,70,365
2714,71,429
2714,72,521
2714,73,245
2714,74,375
2714,75,345
2714,76,824
2714,77,346
2714,78,255
2714,79,315
2714,80,346
2715,41,505
2715,42,456
2715,43,409
2715,44,280
2715,45,247
2715,46,279
2715,47,215
2715,48,358
2715,49,217
2715,50,674
2715,51,313
2715,52,473
2715,53,313
2715,54,313
2715,55,444
2715,56,479
2715,57,478
2715,58,512
2715,59,544
2715,60,544
2715,61,680
2715,62,13
2715,63,634
2715,64,442
2715,65,248
2715,66,147
2715,67,213
2715,68,343
2715,69,279
2715,70,185
2715,71,59
2715,72,363
2715,73,60
2715,74,93
2715,75,93
2715,76,91
2715,77,64
2715,78,152
2715,79,310
2715,80,311
2716,41,200
2716,42,52
2716,43,853
2716,44,886
2716,45,885
2716,46,821
2716,47,886
2716,48,821
2716,49,818
2716,50,789
2716,51,759
2716,52,734
2716,53,756
2716,54,849
2716,55,818
2716,56,664
2716,57,211
2716,58,726
2716,59,692
2716,60,692
2716,61,664
2716,62,767
2716,63,692
2716,64,660
2716,65,821
2716,66,729
2716,67,823
2716,68,821
2716,69,789
2716,70,760
2716,71,729
2716,72,276
2716,73,920
2716,74,149
2716,75,726
2716,76,377
2716,77,148
2716,78,728
2716,79,729
2716,80,757
2717,41,36
2717,42,156
2717,43,366
2717,44,835
2717,45,323
2717,46,452
2717,47,358
2717,48,262
2717,49,262
2717,50,262
2717,51,262
2717,52,294
2717,53,584
2717,54,440
2717,55,739
2717,56,724
2717,57,769
2717,58,707
2717,59,837
2717,60,1000
2717,61,859
2717,62,39
2717,63,428
2717,64,502
2717,65,466
2717,66,434
2717,67,425
2717,68,384
2717,69,681
2717,70,423
2717,71,423
2717,72,466
2717,73,837
2717,74,431
2717,75,431
2717,76,434
2717,77,471
2717,78,467
2717,79,469
2717,80,472
2718,41,582
2718,42,488
2718,43,270
2718,44,387
2718,45,387
2718,46,419
2718,47,431
2718,48,464
2718,49,531
2718,50,708
2718,51,468
2718,52,429
2718,53,237
2718,54,470
2718,55,469
2718,56,470
2718,57,532
2718,58,595
2718,59,687
2718,60,562
2718,61,635
2718,62,829
2718,63,424
2718,64,84
2718,65,428
2718,66,421
2718,67,433
2718,68,467
2718,69,407
2718,70,427
2718,71,464
2718,72,985
2718,73,429
2718,74,44
2718,75,325
2718,76,427
2718,77,398
2718,78,429
2718,79,428
2718,80,593
2719,41,146
2719,42,67
2719,43,276
2719,44,214
2719,45,84
2719,46,214
2719,47,182
2719,48,272
2719,49,273
2719,50,228
2719,51,181
2719,52,182
2719,53,146
2719,54,717
2719,55,942
2719,56,112
2719,57,110
2719,58,78
2719,59,112
2719,60,142
2719,61,161
2719,62,1002
2719,63,39
2719,64,39
2719,65,39
2719,66,72
2719,67,5
2719,68,195
2719,69,583
2719,70,163
2719,71,99
2719,72,357
2719,73,162
2719,74,194
2719,75,291
2719,76,944
2719,77,137
2719,78,370
2719,79,984
2719,80,813
2720,41,278
2720,42,691
2720,43,933
2720,44,781
2720,45,813
2720,46,311
2720,47,752
2720,48,904
2720,49,809
2720,50,776
2720,51,875
2720,52,908
2720,53,1000
2720,54,903
2720,55,871
2720,56,809
2720,57,842
2720,58,875
2720,59,875
2720,60,807
2720,61,550
2720,62,781
2720,63,231
2720,64,632
2720,65,918
2720,66,503
2720,67,567
2720,68,786
2720,69,849
2720,70,849
2720,71,150
2720,72,786
2720,73,942
2720,74,342
2720,75,703
2720,76,789
2720,77,789
2720,78,756
2720,79,693
2720,80,214
2721,41,342
2721,42,773
2721,43,621
2721,44,614
2721,45,435
2721,46,449
2721,47,323
2721,48,304
2721,49,103
2721,50,137
2721,51,267
2721,52,138
2721,53,140
2721,54,73
2721,55,171
2721,56,252
2721,57,137
2721,58,428
2721,59,449
2721,60,494
2721,61,237
2721,62,58
2721,63,810
2721,64,809
2721,65,777
2721,66,738
2721,67,709
2721,68,776
2721,69,875
2721,70,454
2721,71,346
2721,72,239
2721,73,777
2721,74,649
2721,75,810
2721,76,620
2721,77,452
2721,78,449
2721,79,481
2721,80,395
2722,41,1005
2722,42,933
2722,43,518
2722,44,484
2722,45,425
2722,46,429
2722,47,207
2722,48,299
2722,49,205
2722,50,205
2722,51,142
2722,52,179
2722,53,114
2722,54,18
2722,55,82
2722,56,115
2722,57,908
2722,58,113
2722,59,142
2722,60,237
2722,61,992
2722,62,697
2722,63,1012
2722,64,590
2722,65,558
2722,66,558
2722,67,558
2722,68,587
2722,69,456
2722,70,518
2722,71,627
2722,72,777
2722,73,419
2722,74,340
2722,75,681
2722,76,456
2722,77,295
2722,78,71
2722,79,108
2722,80,71
2723,41,610
2723,42,802
2723,43,122
2723,44,184
2723,45,407
2723,46,277
2723,47,242
2723,48,919
2723,49,562
2723,50,456
2723,51,217
2723,52,452
2723,53,450
2723,54,452
2723,55,737
2723,56,737
2723,57,949
2723,58,945
2723,59,739
2723,60,740
2723,61,587
2723,62,809
2723,63,562
2723,64,484
2723,65,92
2723,66,391
2723,67,552
2723,68,552
2723,69,520
2723,70,648
2723,71,682
2723,72,882
2723,73,6
2723,74,763
2723,75,733
2723,76,569
2723,77,569
2723,78,535
2723,79,505
2723,80,1011
2724,41,305
2724,42,299
2724,43,365
2724,44,335
2724,45,369
2724,46,243
2724,47,365
2724,48,365
2724,49,276
2724,50,336
2724,51,392
2724,52,392
2724,53,276
2724,54,396
2724,55,361
2724,56,392
2724,57,70
2724,58,367
2724,59,365
2724,60,365
2724,61,472
2724,62,631
2724,63,505
2724,64,366
2724,65,304
2724,66,366
2724,67,391
2724,68,488
2724,69,488
2724,70,649
2724,71,584
2724,72,776
2724,73,895
2724,74,520
2724,75,519
2724,76,966
2724,77,330
2724,78,975
2724,79,520
2724,80,591
2725,41,679
2725,42,8
2725,43,992
2725,44,781
2725,45,695
2725,46,1024
2725,47,1024
2725,48,960
2725,49,700
2725,50,830
2725,51,700
2725,52,20
2725,53,250
2725,54,283
2725,55,283
2725,56,381
2725,57,52
2725,58,628
2725,59,569
2725,60,763
2725,61,971
2725,62,737
2725,63,863
2725,64,634
2725,65,827
2725,66,1024
2725,67,895
2725,68,862
2725,69,863
2725,70,703
2725,71,473
2725,72,63
2725,73,537
2725,74,273
2725,75,436
2725,76,435
2725,77,405
2725,78,528
2725,79,58
2725,80,142
2726,41,506
2726,42,184
2726,43,649
2726,44,853
2726,45,613
2726,46,618
2726,47,555
2726,48,598
2726,49,524
2726,50,556
2726,51,558
2726,52,605
2726,53,557
2726,54,647
2726,55,647
2726,56,644
2726,57,363
2726,58,648
2726,59,617
2726,60,649
2726,61,139
2726,62,779
2726,63,423
2726,64,466
2726,65,474
2726,66,76
2726,67,473
2726,68,565
2726,69,377
2726,70,442
2726,71,247
2726,72,312
2726,73,246
2726,74,60
2726,75,122
2726,76,154
2726,77,218
2726,78,187
2726,79,189
2726,80,64
2727,41,597
2727,42,342
2727,43,139
2727,44,137
2727,45,300
2727,46,300
2727,47,389
2727,48,381
2727,49,371
2727,50,805
2727,51,99
2727,52,161
2727,53,290
2727,54,53
2727,55,323
2727,56,428
2727,57,331
2727,58,454
2727,59,488
2727,60,464
2727,61,1015
2727,62,162
2727,63,198
2727,64,161
2727,65,161
2727,66,161
2727,67,139
2727,68,139
2727,69,139
2727,70,139
2727,71,168
2727,72,263
2727,73,161
2727,74,37
2727,75,323
2727,76,356
2727,77,290
2727,78,290
2727,79,432
2727,80,431
2728,41,766
2728,42,863
2728,43,86
2728,44,69
2728,45,215
2728,46,122
2728,47,91
2728,48,840
2728,49,28
2728,50,59
2728,51,730
2728,52,22
2728,53,151
2728,54,216
2728,55,216
2728,56,247
2728,57,122
2728,58,746
2728,59,185
2728,60,965
2728,61,5
2728,62,670
2728,63,407
2728,64,472
2728,65,310
2728,66,826
2728,67,310
2728,68,463
2728,69,226
2728,70,407
2728,71,471
2728,72,502
2728,73,503
2728,74,436
2728,75,464
2728,76,215
2728,77,841
2728,78,22
2728,79,575
2728,80,183
2729,41,309
2729,42,388
2729,43,211
2729,44,271
2729,45,271
2729,46,271
2729,47,358
2729,48,273
2729,49,833
2729,50,602
2729,51,603
2729,52,662
2729,53,568
2729,54,505
2729,55,732
2729,56,928
2729,57,960
2729,58,798
2729,59,634
2729,60,94
2729,61,182
2729,62,76
2729,63,374
2729,64,963
2729,65,278
2729,66,311
2729,67,91
2729,68,716
2729,69,32
2729,70,32
2729,71,63
2729,72,95
2729,73,90
2729,74,185
2729,75,91
2729,76,420
2729,77,507
2729,78,556
2729,79,96
2729,80,64
2730,41,264
2730,42,193
2730,43,650
2730,44,593
2730,45,345
2730,46,404
2730,47,343
2730,48,505
2730,49,439
2730,50,226
2730,51,509
2730,52,381
2730,53,606
2730,54,638
2730,55,410
2730,56,408
2730,57,470
2730,58,474
2730,59,376
2730,60,410
2730,61,991
2730,62,850
2730,63,616
2730,64,616
2730,65,973
2730,66,262
2730,67,35
2730,68,634
2730,69,677
2730,70,677
2730,71,677
2730,72,552
2730,73,248
2730,74,944
2730,75,612
2730,76,609
2730,77,647
2730,78,614
2730,79,548
2730,80,611
2731,41,4
2731,42,697
2731,43,50
2731,44,370
2731,45,336
2731,46,452
2731,47,419
2731,48,430
2731,49,427
2731,50,431
2731,51,428
2731,52,466
2731,53,657
2731,54,913
2731,55,832
2731,56,289
2731,57,448
2731,58,323
2731,59,291
2731,60,356
2731,61,380
2731,62,780
2731,63,975
2731,64,607
2731,65,468
2731,66,389
2731,67,136
2731,68,499
2731,69,516
2731,70,424
2731,71,337
2731,72,428
2731,73,437
2731,74,403
2731,75,469
2731,76,471
2731,77,432
2731,78,863
2731,79,439
2731,80,605
2732,41,297
2732,42,844
2732,43,304
2732,44,273
2732,45,941
2732,46,309
2732,47,275
2732,48,271
2732,49,555
2732,50,309
2732,51,111
2732,52,279
2732,53,279
2732,54,281
2732,55,187
2732,56,596
2732,57,316
2732,58,285
2732,59,255
2732,60,284
2732,61,317
2732,62,305
2732,63,728
2732,64,731
2732,65,469
2732,66,874
2732,67,863
2732,68,181
2732,69,375
2732,70,112
2732,71,790
2732,72,20
2732,73,149
2732,74,1016
2732,75,912
2732,76,60
2732,77,29
2732,78,154
2732,79,28
2732,80,63
2733,41,90
2733,42,706
2733,43,470
2733,44,362
2733,45,398
2733,46,337
2733,47,365
2733,48,365
2733,49,395
2733,50,452
2733,51,711
2733,52,295
2733,53,197
2733,54,417
2733,55,386
2733,56,148
2733,57,453
2733,58,449
2733,59,513
2733,60,261
2733,61,796
2733,62,672
2733,63,868
2733,64,700
2733,65,698
2733,66,637
2733,67,685
2733,68,702
2733,69,671
2733,70,670
2733,71,670
2733,72,639
2733,73,670
2733,74,638
2733,75,843
2733,76,602
2733,77,667
2733,78,900
2733,79,602
2733,80,633
2734,41,679
2734,42,321
2734,43,607
2734,44,607
2734,45,477
2734,46,506
2734,47,506
2734,48,580
2734,49,630
2734,50,536
2734,51,536
2734,52,693
2734,53,973
2734,54,1007
2734,55,1007
2734,56,875
2734,57,817
2734,58,660
2734,59,660
2734,60,166
2734,61,754
2734,62,999
2734,63,401
2734,64,859
2734,65,409
2734,66,344
2734,67,410
2734,68,476
2734,69,408
2734,70,433
2734,71,473
2734,72,410
2734,73,343
2734,74,343
2734,75,477
2734,76,410
2734,77,463
2734,78,188
2734,79,546
2734,80,443
2735,41,314
2735,42,969
2735,43,537
2735,44,298
2735,45,309
2735,46,55
2735,47,304
2735,48,237
2735,49,273
2735,50,303
2735,51,272
2735,52,203
2735,53,161
2735,54,161
2735,55,165
2735,56,162
2735,57,199
2735,58,165
2735,59,735
2735,60,163
2735,61,128
2735,62,654
2735,63,870
2735,64,207
2735,65,738
2735,66,738
2735,67,738
2735,68,350
2735,69,675
2735,70,737
2735,71,738
2735,72,675
2735,73,807
2735,74,423
2735,75,426
2735,76,472
2735,77,505
2735,78,471
2735,79,733
2735,80,412
2736,41,903
2736,42,685
2736,43,178
2736,44,934
2736,45,346
2736,46,473
2736,47,631
2736,48,537
2736,49,537
2736,50,882
2736,51,433
2736,52,402
2736,53,157
2736,54,443
2736,55,795
2736,56,544
2736,57,576
2736,58,576
2736,59,575
2736,60,509
2736,61,549
2736,62,985
2736,63,374
2736,64,636
2736,65,168
2736,66,168
2736,67,980
2736,68,354
2736,69,259
2736,70,289
2736,71,389
2736,72,259
2736,73,323
2736,74,323
2736,75,296
2736,76,577
2736,77,675
2736,78,76
2736,79,385
2736,80,421
2737,41,58
2737,42,799
2737,43,267
2737,44,168
2737,45,70
2737,46,137
2737,47,679
2737,48,164
2737,49,166
2737,50,509
2737,51,204
2737,52,1004
2737,53,105
2737,54,458
2737,55,275
2737,56,705
2737,57,681
2737,58,70
2737,59,36
2737,60,433
2737,61,514
2737,62,518
2737,63,737
2737,64,487
2737,65,829
2737,66,610
2737,67,552
2737,68,809
2737,69,782
2737,70,434
2737,71,469
2737,72,247
2737,73,184
2737,74,149
2737,75,150
2737,76,119
2737,77,146
2737,78,655
2737,79,103
2737,80,110
2738,41,159
2738,42,866
2738,43,431
2738,44,422
2738,45,425
2738,46,425
2738,47,301
2738,48,235
2738,49,398
2738,50,333
2738,51,208
2738,52,430
2738,53,378
2738,54,398
2738,55,768
2738,56,464
2738,57,461
2738,58,422
2738,59,425
2738,60,426
2738,61,716
2738,62,626
2738,63,445
2738,64,496
2738,65,872
2738,66,431
2738,67,163
2738,68,290
2738,69,451
2738,70,424
2738,71,431
2738,72,466
2738,73,972
2738,74,425
2738,75,984
2738,76,496
2738,77,464
2738,78,464
2738,79,464
2738,80,464
2739,41,597
2739,42,959
2739,43,519
2739,44,486
2739,45,518
2739,46,285
2739,47,745
2739,48,682
2739,49,433
2739,50,676
2739,51,647
2739,52,258
2739,53,735
2739,54,653
2739,55,589
2739,56,621
2739,57,724
2739,58,786
2739,59,597
2739,60,626
2739,61,899
2739,62,450
2739,63,649
2739,64,587
2739,65,650
2739,66,390
2739,67,359
2739,68,713
2739,69,808
2739,70,99
2739,71,524
2739,72,584
2739,73,808
2739,74,263
2739,75,712
2739,76,709
2739,77,809
2739,78,595
2739,79,593
2739,80,530
2740,41,24
2740,42,261
2740,43,426
2740,44,78
2740,45,248
2740,46,138
2740,47,108
2740,48,44
2740,49,139
2740,50,199
2740,51,199
2740,52,168
2740,53,169
2740,54,108
2740,55,73
2740,56,600
2740,57,12
2740,58,44
2740,59,72
2740,60,108
2740,61,72
2740,62,940
2740,63,202
2740,64,236
2740,65,172
2740,66,172
2740,67,108
2740,68,209
2740,69,44
2740,70,12
2740,71,76
2740,72,108
2740,73,107
2740,74,108
2740,75,907
2740,76,41
2740,77,72
2740,78,108
2740,79,73
2740,80,75
2741,41,675
2741,42,417
2741,43,169
2741,44,506
2741,45,727
2741,46,506
2741,47,27
2741,48,667
2741,49,570
2741,50,960
2741,51,602
2741,52,255
2741,53,951
2741,54,538
2741,55,442
2741,56,602
2741,57,539
2741,58,765
2741,59,602
2741,60,633
2741,61,166
2741,62,29
2741,63,667
2741,64,960
2741,65,1024
2741,66,864
2741,67,570
2741,68,667
2741,69,538
2741,70,863
2741,71,895
2741,72,72
2741,73,831
2741,74,733
2741,75,607
2741,76,928
2741,77,765
2741,78,633
2741,79,634
2741,80,271
2742,41,199
2742,42,899
2742,43,779
2742,44,779
2742,45,748
2742,46,716
2742,47,401
2742,48,493
2742,49,589
2742,50,589
2742,51,620
2742,52,493
2742,53,620
2742,54,496
2742,55,620
2742,56,654
2742,57,717
2742,58,227
2742,59,807
2742,60,974
2742,61,413
2742,62,478
2742,63,1015
2742,64,810
2742,65,810
2742,66,683
2742,67,785
2742,68,752
2742,69,752
2742,70,752
2742,71,752
2742,72,752
2742,73,785
2742,74,752
2742,75,652
2742,76,652
2742,77,683
2742,78,654
2742,79,811
2742,80,810
2743,41,850
2743,42,223
2743,43,1017
2743,44,488
2743,45,456
2743,46,616
2743,47,809
2743,48,777
2743,49,809
2743,50,327
2743,51,1024
2743,52,265
2743,53,330
2743,54,134
2743,55,167
2743,56,327
2743,57,375
2743,58,396
2743,59,336
2743,60,364
2743,61,698
2743,62,541
2743,63,972
2743,64,911
2743,65,908
2743,66,692
2743,67,879
2743,68,848
2743,69,786
2743,70,596
2743,71,811
2743,72,750
2743,73,812
2743,74,935
2743,75,750
2743,76,657
2743,77,627
2743,78,529
2743,79,525
2743,80,375
2744,41,94
2744,42,545
2744,43,979
2744,44,168
2744,45,36
2744,46,530
2744,47,670
2744,48,69
2744,49,36
2744,50,803
2744,51,3
2744,52,235
2744,53,139
2744,54,162
2744,55,132
2744,56,484
2744,57,422
2744,58,163
2744,59,165
2744,60,38
2744,61,679
2744,62,251
2744,63,207
2744,64,142
2744,65,236
2744,66,103
2744,67,148
2744,68,170
2744,69,205
2744,70,299
2744,71,237
2744,72,236
2744,73,140
2744,74,271
2744,75,305
2744,76,204
2744,77,273
2744,78,273
2744,79,203
2744,80,172
2745,41,846
2745,42,512
2745,43,529
2745,44,587
2745,45,649
2745,46,264
2745,47,358
2745,48,200
2745,49,103
2745,50,40
2745,51,102
2745,52,102
2745,53,200
2745,54,1018
2745,55,8
2745,56,338
2745,57,396
2745,58,468
2745,59,669
2745,60,389
2745,61,944
2745,62,1020
2745,63,616
2745,64,809
2745,65,799
2745,66,812
2745,67,874
2745,68,598
2745,69,910
2745,70,973
2745,71,891
2745,72,693
2745,73,598
2745,74,599
2745,75,719
2745,76,596
2745,77,376
2745,78,994
2745,79,70
2745,80,72
2746,41,935
2746,42,457
2746,43,875
2746,44,264
2746,45,807
2746,46,575
2746,47,369
2746,48,998
2746,49,904
2746,50,968
2746,51,842
2746,52,812
2746,53,713
2746,54,552
2746,55,809
2746,56,814
2746,57,782
2746,58,593
2746,59,598
2746,60,848
2746,61,347
2746,62,857
2746,63,467
2746,64,504
2746,65,504
2746,66,628
2746,67,717
2746,68,525
2746,69,528
2746,70,492
2746,71,210
2746,72,589
2746,73,654
2746,74,654
2746,75,681
2746,76,649
2746,77,584
2746,78,373
2746,79,649
2746,80,18
2747,41,397
2747,42,431
2747,43,50
2747,44,50
2747,45,244
2747,46,244
2747,47,244
2747,48,112
2747,49,242
2747,50,274
2747,51,521
2747,52,272
2747,53,240
2747,54,595
2747,55,239
2747,56,207
2747,57,210
2747,58,698
2747,59,244
2747,60,244
2747,61,923
2747,62,639
2747,63,141
2747,64,170
2747,65,428
2747,66,143
2747,67,470
2747,68,143
2747,69,176
2747,70,178
2747,71,21
2747,72,469
2747,73,372
2747,74,472
2747,75,439
2747,76,134
2747,77,342
2747,78,208
2747,79,243
2747,80,733
2748,41,116
2748,42,342
2748,43,773
2748,44,200
2748,45,289
2748,46,232
2748,47,295
2748,48,355
2748,49,356
2748,50,493
2748,51,618
2748,52,75
2748,53,525
2748,54,495
2748,55,557
2748,56,622
2748,57,493
2748,58,251
2748,59,389
2748,60,391
2748,61,617
2748,62,343
2748,63,450
2748,64,513
2748,65,450
2748,66,392
2748,67,331
2748,68,450
2748,69,394
2748,70,553
2748,71,831
2748,72,322
2748,73,238
2748,74,24
2748,75,246
2748,76,271
2748,77,75
2748,78,240
2748,79,303
2748,80,395
2749,41,421
2749,42,439
2749,43,311
2749,44,311
2749,45,276
2749,46,376
2749,47,310
2749,48,309
2749,49,375
2749,50,275
2749,51,443
2749,52,409
2749,53,344
2749,54,375
2749,55,76
2749,56,410
2749,57,998
2749,58,667
2749,59,353
2749,60,699
2749,61,663
2749,62,685
2749,63,290
2749,64,366
2749,65,615
2749,66,679
2749,67,619
2749,68,307
2749,69,559
2749,70,592
2749,71,327
2749,72,719
2749,73,750
2749,74,996
2749,75,594
2749,76,600
2749,77,633
2749,78,583
2749,79,601
2749,80,598
2750,41,887
2750,42,180
2750,43,356
2750,44,323
2750,45,168
2750,46,136
2750,47,110
2750,48,695
2750,49,695
2750,50,146
2750,51,113
2750,52,49
2750,53,48
2750,54,79
2750,55,16
2750,56,49
2750,57,111
2750,58,343
2750,59,904
2750,60,693
2750,61,1022
2750,62,1001
2750,63,277
2750,64,338
2750,65,197
2750,66,392
2750,67,392
2750,68,402
2750,69,276
2750,70,236
2750,71,304
2750,72,271
2750,73,2
2750,74,104
2750,75,363
2750,76,860
2750,77,264
2750,78,170
2750,79,263
2750,80,264
2751,41,50
2751,42,88
2751,43,36
2751,44,306
2751,45,237
2751,46,345
2751,47,210
2751,48,242
2751,49,104
2751,50,240
2751,51,203
2751,52,199
2751,53,304
2751,54,271
2751,55,110
2751,56,427
2751,57,406
2751,58,406
2751,59,437
2751,60,171
2751,61,581
2751,62,132
2751,63,102
2751,64,102
2751,65,102
2751,66,978
2751,67,167
2751,68,8
2751,69,40
2751,70,134
2751,71,376
2751,72,270
2751,73,277
2751,74,277
2751,75,277
2751,76,275
2751,77,496
2751,78,274
2751,79,242
2751,80,72
2752,41,282
2752,42,971
2752,43,200
2752,44,8
2752,45,7
2752,46,259
2752,47,277
2752,48,988
2752,49,343
2752,50,113
2752,51,469
2752,52,345
2752,53,296
2752,54,471
2752,55,565
2752,56,30
2752,57,505
2752,58,471
2752,59,342
2752,60,310
2752,61,223
2752,62,123
2752,63,430
2752,64,431
2752,65,422
2752,66,681
2752,67,401
2752,68,295
2752,69,295
2752,70,217
2752,71,356
2752,72,327
2752,73,838
2752,74,920
2752,75,385
2752,76,546
2752,77,452
2752,78,685
2752,79,291
2752,80,422
2753,41,721
2753,42,990
2753,43,565
2753,44,594
2753,45,469
2753,46,740
2753,47,438
2753,48,754
2753,49,342
2753,50,594
2753,51,445
2753,52,391
2753,53,390
2753,54,332
2753,55,389
2753,56,24
2753,57,773
2753,58,289
2753,59,265
2753,60,280
2753,61,75
2753,62,803
2753,63,817
2753,64,1007
2753,65,693
2753,66,409
2753,67,692
2753,68,915
2753,69,695
2753,70,724
2753,71,533
2753,72,596
2753,73,675
2753,74,207
2753,75,511
2753,76,675
2753,77,880
2753,78,1007
2753,79,786
2753,80,630
2754,41,420
2754,42,316
2754,43,280
2754,44,504
2754,45,120
2754,46,630
2754,47,781
2754,48,597
2754,49,535
2754,50,596
2754,51,438
2754,52,246
2754,53,823
2754,54,209
2754,55,179
2754,56,82
2754,57,49
2754,58,52
2754,59,941
2754,60,91
2754,61,916
2754,62,374
2754,63,406
2754,64,469
2754,65,121
2754,66,619
2754,67,618
2754,68,557
2754,69,587
2754,70,618
2754,71,618
2754,72,555
2754,73,587
2754,74,617
2754,75,63
2754,76,856
2754,77,676
2754,78,677
2754,79,87
2754,80,596
2755,41,297
2755,42,567
2755,43,451
2755,44,738
2755,45,742
2755,46,706
2755,47,617
2755,48,659
2755,49,708
2755,50,676
2755,51,676
2755,52,676
2755,53,676
2755,54,708
2755,55,738
2755,56,674
2755,57,610
2755,58,451
2755,59,545
2755,60,451
2755,61,745
2755,62,704
2755,63,609
2755,64,609
2755,65,609
2755,66,122
2755,67,609
2755,68,400
2755,69,738
2755,70,545
2755,71,578
2755,72,545
2755,73,148
2755,74,740
2755,75,513
2755,76,513
2755,77,452
2755,78,452
2755,79,577
2755,80,450
2756,41,239
2756,42,363
2756,43,346
2756,44,346
2756,45,215
2756,46,215
2756,47,123
2756,48,123
2756,49,28
2756,50,185
2756,51,479
2756,52,52
2756,53,517
2756,54,184
2756,55,153
2756,56,215
2756,57,623
2756,58,182
2756,59,574
2756,60,606
2756,61,846
2756,62,445
2756,63,280
2756,64,638
2756,65,437
2756,66,287
2756,67,415
2756,68,992
2756,69,830
2756,70,732
2756,71,570
2756,72,506
2756,73,506
2756,74,365
2756,75,541
2756,76,511
2756,77,83
2756,78,51
2756,79,51
2756,80,49
2757,41,945
2757,42,732
2757,43,326
2757,44,295
2757,45,456
2757,46,776
2757,47,808
2757,48,841
2757,49,285
2757,50,812
2757,51,600
2757,52,601
2757,53,576
2757,54,505
2757,55,755
2757,56,471
2757,57,466
2757,58,598
2757,59,567
2757,60,427
2757,61,1005
2757,62,150
2757,63,232
2757,64,264
2757,65,201
2757,66,135
2757,67,391
2757,68,331
2757,69,41
2757,70,11
2757,71,842
2757,72,224
2757,73,859
2757,74,279
2757,75,174
2757,76,206
2757,77,268
2757,78,205
2757,79,205
2757,80,97
2758,41,185
2758,42,233
2758,43,170
2758,44,265
2758,45,102
2758,46,2
2758,47,69
2758,48,104
2758,49,170
2758,50,203
2758,51,170
2758,52,271
2758,53,714
2758,54,104
2758,55,69
2758,56,608
2758,57,37
2758,58,2
2758,59,273
2758,60,203
2758,61,546
2758,62,528
2758,63,237
2758,64,261
2758,65,119
2758,66,173
2758,67,237
2758,68,168
2758,69,103
2758,70,237
2758,71,304
2758,72,168
2758,73,138
2758,74,237
2758,75,137
2758,76,471
2758,77,70
2758,78,304
2758,79,204
2758,80,203
2759,41,43
2759,42,78
2759,43,141
2759,44,106
2759,45,859
2759,46,165
2759,47,166
2759,48,165
2759,49,52
2759,50,264
2759,51,164
2759,52,1017
2759,53,138
2759,54,275
2759,55,805
2759,56,237
2759,57,236
2759,58,362
2759,59,169
2759,60,237
2759,61,969
2759,62,291
2759,63,425
2759,64,396
2759,65,395
2759,66,366
2759,67,659
2759,68,169
2759,69,689
2759,70,485
2759,71,139
2759,72,561
2759,73,306
2759,74,11
2759,75,407
2759,76,280
2759,77,462
2759,78,305
2759,79,706
2759,80,71
2760,41,453
2760,42,360
2760,43,786
2760,44,628
2760,45,786
2760,46,916
2760,47,430
2760,48,471
2760,49,504
2760,50,439
2760,51,594
2760,52,434
2760,53,408
2760,54,307
2760,55,403
2760,56,370
2760,57,432
2760,58,429
2760,59,430
2760,60,430
2760,61,322
2760,62,637
2760,63,1002
2760,64,292
2760,65,1004
2760,66,974
2760,67,119
2760,68,723
2760,69,756
2760,70,630
2760,71,481
2760,72,1003
2760,73,817
2760,74,880
2760,75,510
2760,76,755
2760,77,661
2760,78,619
2760,79,536
2760,80,536
2761,41,320
2761,42,103
2761,43,110
2761,44,44
2761,45,76
2761,46,123
2761,47,369
2761,48,44
2761,49,44
2761,50,728
2761,51,668
2761,52,44
2761,53,44
2761,54,107
2761,55,109
2761,56,12
2761,57,12
2761,58,374
2761,59,40
2761,60,40
2761,61,57
2761,62,26
2761,63,411
2761,64,71
2761,65,143
2761,66,110
2761,67,784
2761,68,143
2761,69,209
2761,70,209
2761,71,176
2761,72,519
2761,73,69
2761,74,134
2761,75,321
2761,76,164
2761,77,164
2761,78,167
2761,79,233
2761,80,137
2762,41,253
2762,42,65
2762,43,79
2762,44,109
2762,45,540
2762,46,76
2762,47,73
2762,48,267
2762,49,242
2762,50,211
2762,51,18
2762,52,547
2762,53,48
2762,54,110
2762,55,78
2762,56,78
2762,57,565
2762,58,978
2762,59,107
2762,60,177
2762,61,63
2762,62,305
2762,63,70
2762,64,684
2762,65,242
2762,66,276
2762,67,279
2762,68,564
2762,69,439
2762,70,438
2762,71,472
2762,72,441
2762,73,344
2762,74,122
2762,75,29
2762,76,122
2762,77,184
2762,78,195
2762,79,84
2762,80,214
2763,41,388
2763,42,720
2763,43,163
2763,44,169
2763,45,267
2763,46,203
2763,47,273
2763,48,874
2763,49,375
2763,50,376
2763,51,216
2763,52,60
2763,53,64
2763,54,94
2763,55,246
2763,56,361
2763,57,337
2763,58,335
2763,59,337
2763,60,337
2763,61,17
2763,62,683
2763,63,163
2763,64,166
2763,65,195
2763,66,133
2763,67,168
2763,68,1011
2763,69,67
2763,70,132
2763,71,99
2763,72,163
2763,73,101
2763,74,101
2763,75,912
2763,76,100
2763,77,99
2763,78,70
2763,79,130
2763,80,527
2764,41,261
2764,42,846
2764,43,935
2764,44,666
2764,45,538
2764,46,474
2764,47,525
2764,48,431
2764,49,430
2764,50,504
2764,51,536
2764,52,126
2764,53,455
2764,54,506
2764,55,537
2764,56,506
2764,57,506
2764,58,827
2764,59,505
2764,60,470
2764,61,443
2764,62,730
2764,63,954
2764,64,700
2764,65,74
2764,66,186
2764,67,928
2764,68,634
2764,69,300
2764,70,700
2764,71,667
2764,72,505
2764,73,538
2764,74,863
2764,75,699
2764,76,825
2764,77,888
2764,78,438
2764,79,825
2764,80,825
2765,41,678
2765,42,244
2765,43,279
2765,44,279
2765,45,279
2765,46,246
2765,47,351
2765,48,311
2765,49,244
2765,50,240
2765,51,207
2765,52,138
2765,53,138
2765,54,334
2765,55,114
2765,56,50
2765,57,311
2765,58,74
2765,59,47
2765,60,962
2765,61,955
2765,62,410
2765,63,311
2765,64,311
2765,65,246
2765,66,311
2765,67,306
2765,68,394
2765,69,395
2765,70,428
2765,71,573
2765,72,473
2765,73,467
2765,74,426
2765,75,422
2765,76,168
2765,77,101
2765,78,162
2765,79,582
2765,80,99
2766,41,531
2766,42,544
2766,43,338
2766,44,297
2766,45,169
2766,46,335
2766,47,304
2766,48,330
2766,49,38
2766,50,40
2766,51,39
2766,52,264
2766,53,232
2766,54,134
2766,55,232
2766,56,389
2766,57,354
2766,58,183
2766,59,251
2766,60,297
2766,61,985
2766,62,154
2766,63,104
2766,64,167
2766,65,264
2766,66,232
2766,67,186
2766,68,295
2766,69,232
2766,70,295
2766,71,295
2766,72,257
2766,73,201
2766,74,327
2766,75,1
2766,76,2
2766,77,721
2766,78,270
2766,79,663
2766,80,237
2767,41,783
2767,42,742
2767,43,904
2767,44,966
2767,45,776
2767,46,745
2767,47,843
2767,48,842
2767,49,841
2767,50,323
2767,51,935
2767,52,904
2767,53,960
2767,54,936
2767,55,874
2767,56,842
2767,57,936
2767,58,279
2767,59,740
2767,60,578
2767,61,707
2767,62,762
2767,63,875
2767,64,997
2767,65,460
2767,66,838
2767,67,903
2767,68,904
2767,69,776
2767,70,713
2767,71,1007
2767,72,974
2767,73,818
2767,74,756
2767,75,1004
2767,76,535
2767,77,597
2767,78,808
2767,79,870
2767,80,997
2768,41,579
2768,42,571
2768,43,770
2768,44,756
2768,45,702
2768,46,849
2768,47,693
2768,48,954
2768,49,818
2768,50,818
2768,51,723
2768,52,566
2768,53,595
2768,54,597
2768,55,693
2768,56,716
2768,57,692
2768,58,787
2768,59,724
2768,60,879
2768,61,441
2768,62,261
2768,63,811
2768,64,777
2768,65,617
2768,66,520
2768,67,359
2768,68,420
2768,69,616
2768,70,649
2768,71,57
2768,72,905
2768,73,626
2768,74,657
2768,75,812
2768,76,626
2768,77,649
2768,78,987
2768,79,299
2768,80,519
2769,41,617
2769,42,132
2769,43,539
2769,44,506
2769,45,785
2769,46,532
2769,47,309
2769,48,470
2769,49,903
2769,50,223
2769,51,598
2769,52,630
2769,53,849
2769,54,534
2769,55,504
2769,56,473
2769,57,409
2769,58,117
2769,59,84
2769,60,117
2769,61,69
2769,62,627
2769,63,170
2769,64,205
2769,65,174
2769,66,402
2769,67,50
2769,68,79
2769,69,200
2769,70,44
2769,71,75
2769,72,71
2769,73,4
2769,74,132
2769,75,68
2769,76,963
2769,77,34
2769,78,2
2769,79,340
2769,80,69
2770,41,734
2770,42,778
2770,43,777
2770,44,176
2770,45,473
2770,46,18
2770,47,18
2770,48,81
2770,49,48
2770,50,277
2770,51,271
2770,52,303
2770,53,849
2770,54,33
2770,55,179
2770,56,244
2770,57,176
2770,58,177
2770,59,177
2770,60,18
2770,61,806
2770,62,211
2770,63,104
2770,64,8
2770,65,7
2770,66,8
2770,67,212
2770,68,71
2770,69,37
2770,70,130
2770,71,67
2770,72,126
2770,73,68
2770,74,101
2770,75,101
2770,76,132
2770,77,162
2770,78,395
2770,79,133
2770,80,102
2771,41,486
2771,42,324
2771,43,403
2771,44,474
2771,45,479
2771,46,343
2771,47,627
2771,48,441
2771,49,471
2771,50,406
2771,51,472
2771,52,278
2771,53,435
2771,54,472
2771,55,435
2771,56,720
2771,57,746
2771,58,500
2771,59,471
2771,60,426
2771,61,190
2771,62,43
2771,63,374
2771,64,393
2771,65,846
2771,66,278
2771,67,374
2771,68,867
2771,69,375
2771,70,343
2771,71,935
2771,72,1
2771,73,497
2771,74,468
2771,75,374
2771,76,304
2771,77,170
2771,78,199
2771,79,584
2771,80,295
2772,41,112
2772,42,177
2772,43,389
2772,44,456
2772,45,171
2772,46,327
2772,47,351
2772,48,232
2772,49,590
2772,50,188
2772,51,359
2772,52,746
2772,53,390
2772,54,390
2772,55,661
2772,56,289
2772,57,389
2772,58,391
2772,59,391
2772,60,999
2772,61,336
2772,62,361
2772,63,391
2772,64,357
2772,65,167
2772,66,232
2772,67,264
2772,68,199
2772,69,200
2772,70,134
2772,71,135
2772,72,407
2772,73,70
2772,74,431
2772,75,156
2772,76,261
2772,77,71
2772,78,358
2772,79,232
2772,80,134
2773,41,35
2773,42,884
2773,43,215
2773,44,72
2773,45,699
2773,46,85
2773,47,118
2773,48,118
2773,49,45
2773,50,54
2773,51,286
2773,52,54
2773,53,152
2773,54,152
2773,55,118
2773,56,54
2773,57,41
2773,58,118
2773,59,152
2773,60,150
2773,61,814
2773,62,422
2773,63,215
2773,64,156
2773,65,190
2773,66,190
2773,67,705
2773,68,248
2773,69,216
2773,70,441
2773,71,930
2773,72,281
2773,73,286
2773,74,315
2773,75,254
2773,76,320
2773,77,670
2773,78,369
2773,79,382
2773,80,415
2774,41,91
2774,42,906
2774,43,315
2774,44,285
2774,45,189
2774,46,491
2774,47,162
2774,48,248
2774,49,346
2774,50,639
2774,51,535
2774,52,630
2774,53,387
2774,54,537
2774,55,538
2774,56,441
2774,57,708
2774,58,574
2774,59,184
2774,60,445
2774,61,660
2774,62,667
2774,63,415
2774,64,378
2774,65,441
2774,66,281
2774,67,188
2774,68,252
2774,69,835
2774,70,255
2774,71,345
2774,72,414
2774,73,759
2774,74,314
2774,75,285
2774,76,1004
2774,77,672
2774,78,538
2774,79,602
2774,80,574
2775,41,46
2775,42,836
2775,43,323
2775,44,422
2775,45,776
2775,46,616
2775,47,200
2775,48,779
2775,49,626
2775,50,437
2775,51,596
2775,52,562
2775,53,718
2775,54,597
2775,55,595
2775,56,417
2775,57,779
2775,58,714
2775,59,960
2775,60,713
2775,61,852
2775,62,479
2775,63,650
2775,64,618
2775,65,557
2775,66,456
2775,67,358
2775,68,295
2775,69,425
2775,70,809
2775,71,745
2775,72,584
2775,73,267
2775,74,777
2775,75,456
2775,76,713
2775,77,904
2775,78,997
2775,79,996
2775,80,996
2776,41,170
2776,42,596
2776,43,918
2776,44,204
2776,45,206
2776,46,138
2776,47,75
2776,48,12
2776,49,43
2776,50,76
2776,51,272
2776,52,103
2776,53,103
2776,54,103
2776,55,170
2776,56,104
2776,57,104
2776,58,270
2776,59,425
2776,60,349
2776,61,1003
2776,62,897
2776,63,142
2776,64,211
2776,65,151
2776,66,151
2776,67,22
2776,68,86
2776,69,183
2776,70,211
2776,71,857
2776,72,181
2776,73,181
2776,74,426
2776,75,151
2776,76,409
2776,77,311
2776,78,532
2776,79,310
2776,80,276
2777,41,11
2777,42,357
2777,43,577
2777,44,741
2777,45,743
2777,46,743
2777,47,429
2777,48,681
2777,49,552
2777,50,745
2777,51,652
2777,52,128
2777,53,135
2777,54,682
2777,55,776
2777,56,808
2777,57,808
2777,58,806
2777,59,742
2777,60,251
2777,61,1015
2777,62,879
2777,63,808
2777,64,423
2777,65,683
2777,66,683
2777,67,717
2777,68,683
2777,69,738
2777,70,808
2777,71,808
2777,72,775
2777,73,737
2777,74,742
2777,75,742
2777,76,460
2777,77,451
2777,78,688
2777,79,484
2777,80,518
2778,41,865
2778,42,170
2778,43,35
2778,44,37
2778,45,5
2778,46,101
2778,47,210
2778,48,264
2778,49,295
2778,50,551
2778,51,36
2778,52,101
2778,53,69
2778,54,38
2778,55,36
2778,56,49
2778,57,72
2778,58,513
2778,59,69
2778,60,338
2778,61,318
2778,62,623
2778,63,864
2778,64,538
2778,65,570
2778,66,505
2778,67,504
2778,68,596
2778,69,146
2778,70,343
2778,71,150
2778,72,152
2778,73,181
2778,74,147
2778,75,1021
2778,76,302
2778,77,302
2778,78,302
2778,79,303
2778,80,104
2779,41,979
2779,42,454
2779,43,923
2779,44,1020
2779,45,955
2779,46,988
2779,47,1020
2779,48,890
2779,49,859
2779,50,890
2779,51,891
2779,52,800
2779,53,920
2779,54,984
2779,55,917
2779,56,303
2779,57,917
2779,58,917
2779,59,917
2779,60,917
2779,61,735
2779,62,216
2779,63,955
2779,64,114
2779,65,552
2779,66,745
2779,67,923
2779,68,923
2779,69,889
2779,70,152
2779,71,634
2779,72,667
2779,73,732
2779,74,888
2779,75,1016
2779,76,856
2779,77,823
2779,78,851
2779,79,1012
2779,80,983
2780,41,736
2780,42,831
2780,43,597
2780,44,58
2780,45,750
2780,46,756
2780,47,234
2780,48,942
2780,49,1001
2780,50,1001
2780,51,853
2780,52,821
2780,53,789
2780,54,853
2780,55,853
2780,56,886
2780,57,920
2780,58,839
2780,59,797
2780,60,797
2780,61,24
2780,62,823
2780,63,830
2780,64,1024
2780,65,501
2780,66,699
2780,67,552
2780,68,667
2780,69,506
2780,70,798
2780,71,765
2780,72,506
2780,73,714
2780,74,410
2780,75,504
2780,76,133
2780,77,480
2780,78,133
2780,79,163
2780,80,358
2781,41,407
2781,42,280
2781,43,632
2781,44,632
2781,45,994
2781,46,153
2781,47,702
2781,48,639
2781,49,301
2781,50,700
2781,51,385
2781,52,475
2781,53,472
2781,54,547
2781,55,56
2781,56,428
2781,57,451
2781,58,450
2781,59,452
2781,60,391
2781,61,877
2781,62,200
2781,63,632
2781,64,431
2781,65,427
2781,66,391
2781,67,412
2781,68,391
2781,69,1016
2781,70,390
2781,71,428
2781,72,388
2781,73,362
2781,74,355
2781,75,226
2781,76,227
2781,77,354
2781,78,386
2781,79,556
2781,80,421
2782,41,30
2782,42,723
2782,43,472
2782,44,299
2782,45,479
2782,46,693
2782,47,509
2782,48,469
2782,49,466
2782,50,466
2782,51,473
2782,52,542
2782,53,411
2782,54,724
2782,55,680
2782,56,607
2782,57,444
2782,58,411
2782,59,436
2782,60,842
2782,61,831
2782,62,63
2782,63,238
2782,64,276
2782,65,938
2782,66,471
2782,67,470
2782,68,126
2782,69,247
2782,70,304
2782,71,270
2782,72,498
2782,73,270
2782,74,103
2782,75,67
2782,76,133
2782,77,133
2782,78,133
2782,79,133
2782,80,133
2783,41,1001
2783,42,358
2783,43,476
2783,44,607
2783,45,410
2783,46,542
2783,47,153
2783,48,505
2783,49,217
2783,50,248
2783,51,818
2783,52,315
2783,53,315
2783,54,727
2783,55,474
2783,56,479
2783,57,537
2783,58,537
2783,59,602
2783,60,474
2783,61,705
2783,62,19
2783,63,732
2783,64,825
2783,65,570
2783,66,490
2783,67,701
2783,68,668
2783,69,732
2783,70,506
2783,71,602
2783,72,479
2783,73,364
2783,74,537
2783,75,537
2783,76,601
2783,77,965
2783,78,859
2783,79,85
2783,80,476
2784,41,545
2784,42,955
2784,43,486
2784,44,486
2784,45,485
2784,46,486
2784,47,584
2784,48,488
2784,49,584
2784,50,805
2784,51,546
2784,52,616
2784,53,647
2784,54,681
2784,55,776
2784,56,488
2784,57,713
2784,58,777
2784,59,777
2784,60,850
2784,61,923
2784,62,891
2784,63,974
2784,64,908
2784,65,1007
2784,66,848
2784,67,197
2784,68,630
2784,69,942
2784,70,756
2784,71,660
2784,72,940
2784,73,393
2784,74,660
2784,75,723
2784,76,724
2784,77,973
2784,78,1001
2784,79,1007
2784,80,1007
2785,41,730
2785,42,632
2785,43,131
2785,44,938
2785,45,162
2785,46,209
2785,47,120
2785,48,356
2785,49,385
2785,50,354
2785,51,291
2785,52,259
2785,53,291
2785,54,257
2785,55,323
2785,56,459
2785,57,449
2785,58,422
2785,59,492
2785,60,323
2785,61,1011
2785,62,310
2785,63,850
2785,64,290
2785,65,356
2785,66,290
2785,67,99
2785,68,194
2785,69,389
2785,70,390
2785,71,131
2785,72,195
2785,73,356
2785,74,385
2785,75,420
2785,76,385
2785,77,422
2785,78,422
2785,79,449
2785,80,35
2786,41,305
2786,42,336
2786,43,421
2786,44,361
2786,45,538
2786,46,303
2786,47,209
2786,48,47
2786,49,367
2786,50,394
2786,51,456
2786,52,808
2786,53,718
2786,54,681
2786,55,745
2786,56,744
2786,57,713
2786,58,718
2786,59,718
2786,60,717
2786,61,413
2786,62,382
2786,63,271
2786,64,334
2786,65,143
2786,66,210
2786,67,236
2786,68,428
2786,69,307
2786,70,422
2786,71,467
2786,72,427
2786,73,433
2786,74,569
2786,75,395
2786,76,9
2786,77,389
2786,78,421
2786,79,431
2786,80,901
2787,41,979
2787,42,73
2787,43,542
2787,44,607
2787,45,761
2787,46,401
2787,47,575
2787,48,477
2787,49,656
2787,50,537
2787,51,537
2787,52,537
2787,53,607
2787,54,540
2787,55,607
2787,56,74
2787,57,574
2787,58,608
2787,59,496
2787,60,640
2787,61,297
2787,62,326
2787,63,275
2787,64,940
2787,65,575
2787,66,575
2787,67,604
2787,68,602
2787,69,570
2787,70,570
2787,71,863
2787,72,928
2787,73,895
2787,74,700
2787,75,765
2787,76,634
2787,77,569
2787,78,569
2787,79,569
2787,80,633
2788,41,788
2788,42,488
2788,43,90
2788,44,122
2788,45,122
2788,46,57
2788,47,41
2788,48,93
2788,49,28
2788,50,93
2788,51,127
2788,52,91
2788,53,64
2788,54,122
2788,55,151
2788,56,247
2788,57,52
2788,58,280
2788,59,117
2788,60,117
2788,61,525
2788,62,584
2788,63,20
2788,64,149
2788,65,248
2788,66,182
2788,67,806
2788,68,86
2788,69,86
2788,70,997
2788,71,86
2788,72,215
2788,73,1008
2788,74,281
2788,75,52
2788,76,281
2788,77,313
2788,78,117
2788,79,117
2788,80,852
2789,41,333
2789,42,359
2789,43,597
2789,44,428
2789,45,769
2789,46,431
2789,47,431
2789,48,60
2789,49,532
2789,50,563
2789,51,514
2789,52,398
2789,53,398
2789,54,553
2789,55,333
2789,56,235
2789,57,165
2789,58,162
2789,59,193
2789,60,166
2789,61,879
2789,62,940
2789,63,124
2789,64,488
2789,65,516
2789,66,193
2789,67,976
2789,68,456
2789,69,520
2789,70,809
2789,71,702
2789,72,612
2789,73,587
2789,74,613
2789,75,559
2789,76,561
2789,77,532
2789,78,562
2789,79,597
2789,80,718
2790,41,958
2790,42,363
2790,43,7
2790,44,707
2790,45,737
2790,46,737
2790,47,731
2790,48,739
2790,49,737
2790,50,737
2790,51,739
2790,52,769
2790,53,578
2790,54,452
2790,55,577
2790,56,186
2790,57,674
2790,58,577
2790,59,365
2790,60,337
2790,61,396
2790,62,648
2790,63,356
2790,64,259
2790,65,163
2790,66,289
2790,67,323
2790,68,423
2790,69,454
2790,70,451
2790,71,449
2790,72,301
2790,73,590
2790,74,295
2790,75,232
2790,76,544
2790,77,109
2790,78,113
2790,79,147
2790,80,82
2791,41,223
2791,42,991
2791,43,130
2791,44,633
2791,45,670
2791,46,635
2791,47,570
2791,48,633
2791,49,569
2791,50,570
2791,51,442
2791,52,442
2791,53,540
2791,54,85
2791,55,638
2791,56,606
2791,57,476
2791,58,574
2791,59,376
2791,60,847
2791,61,272
2791,62,246
2791,63,570
2791,64,739
2791,65,474
2791,66,608
2791,67,411
2791,68,378
2791,69,248
2791,70,705
2791,71,402
2791,72,12
2791,73,242
2791,74,334
2791,75,243
2791,76,243
2791,77,370
2791,78,109
2791,79,336
2791,80,425
2792,41,714
2792,42,621
2792,43,851
2792,44,123
2792,45,60
2792,46,60
2792,47,122
2792,48,601
2792,49,125
2792,50,95
2792,51,29
2792,52,29
2792,53,93
2792,54,63
2792,55,265
2792,56,92
2792,57,64
2792,58,845
2792,59,247
2792,60,276
2792,61,691
2792,62,840
2792,63,268
2792,64,752
2792,65,157
2792,66,190
2792,67,188
2792,68,148
2792,69,182
2792,70,706
2792,71,182
2792,72,151
2792,73,151
2792,74,213
2792,75,448
2792,76,178
2792,77,50
2792,78,82
2792,79,147
2792,80,147
2793,41,573
2793,42,374
2793,43,706
2793,44,675
2793,45,203
2793,46,706
2793,47,769
2793,48,707
2793,49,606
2793,50,646
2793,51,676
2793,52,678
2793,53,647
2793,54,676
2793,55,675
2793,56,610
2793,57,612
2793,58,610
2793,59,706
2793,60,414
2793,61,583
2793,62,920
2793,63,613
2793,64,580
2793,65,247
2793,66,513
2793,67,740
2793,68,675
2793,69,609
2793,70,580
2793,71,672
2793,72,609
2793,73,873
2793,74,613
2793,75,646
2793,76,648
2793,77,625
2793,78,626
2793,79,533
2793,80,535
2794,41,688
2794,42,218
2794,43,363
2794,44,172
2794,45,305
2794,46,217
2794,47,202
2794,48,169
2794,49,232
2794,50,453
2794,51,295
2794,52,232
2794,53,201
2794,54,813
2794,55,303
2794,56,937
2794,57,74
2794,58,72
2794,59,107
2794,60,71
2794,61,205
2794,62,216
2794,63,169
2794,64,236
2794,65,719
2794,66,326
2794,67,326
2794,68,358
2794,69,358
2794,70,358
2794,71,295
2794,72,420
2794,73,452
2794,74,485
2794,75,420
2794,76,450
2794,77,342
2794,78,501
2794,79,564
2794,80,564
2795,41,36
2795,42,692
2795,43,394
2795,44,422
2795,45,394
2795,46,330
2795,47,423
2795,48,366
2795,49,394
2795,50,454
2795,51,517
2795,52,818
2795,53,481
2795,54,663
2795,55,481
2795,56,558
2795,57,231
2795,58,238
2795,59,451
2795,60,419
2795,61,628
2795,62,260
2795,63,219
2795,64,513
2795,65,450
2795,66,452
2795,67,449
2795,68,675
2795,69,451
2795,70,394
2795,71,432
2795,72,239
2795,73,811
2795,74,519
2795,75,519
2795,76,519
2795,77,455
2795,78,486
2795,79,487
2795,80,454
2796,41,582
2796,42,167
2796,43,467
2796,44,501
2796,45,406
2796,46,375
2796,47,344
2796,48,344
2796,49,288
2796,50,205
2796,51,287
2796,52,378
2796,53,631
2796,54,376
2796,55,513
2796,56,68
2796,57,310
2796,58,216
2796,59,681
2796,60,942
2796,61,859
2796,62,53
2796,63,342
2796,64,241
2796,65,506
2796,66,467
2796,67,305
2796,68,306
2796,69,532
2796,70,904
2796,71,627
2796,72,485
2796,73,719
2796,74,628
2796,75,750
2796,76,719
2796,77,595
2796,78,597
2796,79,533
2796,80,563
2797,41,744
2797,42,524
2797,43,739
2797,44,513
2797,45,513
2797,46,356
2797,47,323
2797,48,428
2797,49,322
2797,50,227
2797,51,259
2797,52,354
2797,53,322
2797,54,741
2797,55,165
2797,56,401
2797,57,167
2797,58,36
2797,59,74
2797,60,139
2797,61,745
2797,62,401
2797,63,744
2797,64,266
2797,65,742
2797,66,743
2797,67,745
2797,68,436
2797,69,659
2797,70,682
2797,71,369
2797,72,425
2797,73,366
2797,74,428
2797,75,259
2797,76,67
2797,77,131
2797,78,131
2797,79,131
2797,80,357
2798,41,310
2798,42,1002
2798,43,374
2798,44,304
2798,45,780
2798,46,376
2798,47,249
2798,48,216
2798,49,1004
2798,50,278
2798,51,20
2798,52,51
2798,53,608
2798,54,503
2798,55,257
2798,56,884
2798,57,248
2798,58,480
2798,59,509
2798,60,541
2798,61,43
2798,62,883
2798,63,345
2798,64,285
2798,65,224
2798,66,1019
2798,67,345
2798,68,309
2798,69,753
2798,70,275
2798,71,342
2798,72,176
2798,73,642
2798,74,406
2798,75,310
2798,76,461
2798,77,450
2798,78,425
2798,79,726
2798,80,497
2799,41,1003
2799,42,885
2799,43,842
2799,44,809
2799,45,840
2799,46,809
2799,47,941
2799,48,809
2799,49,897
2799,50,867
2799,51,899
2799,52,868
2799,53,966
2799,54,149
2799,55,777
2799,56,998
2799,57,967
2799,58,809
2799,59,903
2799,60,840
2799,61,701
2799,62,180
2799,63,997
2799,64,809
2799,65,904
2799,66,809
2799,67,809
2799,68,875
2799,69,941
2799,70,941
2799,71,193
2799,72,809
2799,73,941
2799,74,143
2799,75,840
2799,76,713
2799,77,202
2799,78,810
2799,79,60
2799,80,873
2800,41,187
2800,42,318
2800,43,50
2800,44,908
2800,45,111
2800,46,111
2800,47,82
2800,48,277
2800,49,279
2800,50,343
2800,51,407
2800,52,436
2800,53,437
2800,54,468
2800,55,438
2800,56,529
2800,57,497
2800,58,437
2800,59,501
2800,60,565
2800,61,235
2800,62,743
2800,63,502
2800,64,181
2800,65,181
2800,66,210
2800,67,50
2800,68,143
2800,69,73
2800,70,110
2800,71,78
2800,72,51
2800,73,18
2800,74,813
2800,75,177
2800,76,746
2800,77,110
2800,78,181
2800,79,240
2800,80,306
2801,41,664
2801,42,958
2801,43,183
2801,44,150
2801,45,215
2801,46,64
2801,47,60
2801,48,60
2801,49,332
2801,50,64
2801,51,400
2801,52,32
2801,53,86
2801,54,151
2801,55,149
2801,56,215
2801,57,49
2801,58,49
2801,59,49
2801,60,49
2801,61,468
2801,62,1011
2801,63,81
2801,64,176
2801,65,241
2801,66,178
2801,67,150
2801,68,82
2801,69,114
2801,70,874
2801,71,337
2801,72,365
2801,73,651
2801,74,276
2801,75,279
2801,76,20
2801,77,248
2801,78,280
2801,79,733
2801,80,149
2802,41,233
2802,42,980
2802,43,941
2802,44,875
2802,45,493
2802,46,974
2802,47,786
2802,48,786
2802,49,319
2802,50,699
2802,51,602
2802,52,831
2802,53,862
2802,54,113
2802,55,634
2802,56,320
2802,57,698
2802,58,699
2802,59,760
2802,60,762
2802,61,576
2802,62,33
2802,63,879
2802,64,693
2802,65,911
2802,66,692
2802,67,596
2802,68,911
2802,69,908
2802,70,875
2802,71,974
2802,72,890
2802,73,973
2802,74,908
2802,75,875
2802,76,1010
2802,77,445
2802,78,875
2802,79,875
2802,80,974
2803,41,1007
2803,42,850
2803,43,688
2803,44,927
2803,45,688
2803,46,407
2803,47,598
2803,48,713
2803,49,786
2803,50,756
2803,51,662
2803,52,599
2803,53,599
2803,54,634
2803,55,540
2803,56,639
2803,57,486
2803,58,444
2803,59,479
2803,60,479
2803,61,550
2803,62,759
2803,63,966
2803,64,584
2803,65,967
2803,66,781
2803,67,596
2803,68,692
2803,69,536
2803,70,566
2803,71,441
2803,72,441
2803,73,315
2803,74,316
2803,75,250
2803,76,218
2803,77,251
2803,78,283
2803,79,316
2803,80,320
2804,41,191
2804,42,853
2804,43,288
2804,44,315
2804,45,286
2804,46,775
2804,47,84
2804,48,242
2804,49,437
2804,50,406
2804,51,440
2804,52,568
2804,53,504
2804,54,275
2804,55,470
2804,56,438
2804,57,435
2804,58,276
2804,59,504
2804,60,433
2804,61,448
2804,62,684
2804,63,381
2804,64,381
2804,65,349
2804,66,415
2804,67,347
2804,68,379
2804,69,249
2804,70,323
2804,71,309
2804,72,276
2804,73,304
2804,74,276
2804,75,307
2804,76,429
2804,77,356
2804,78,424
2804,79,969
2804,80,388
2805,41,354
2805,42,772
2805,43,615
2805,44,354
2805,45,139
2805,46,165
2805,47,502
2805,48,168
2805,49,165
2805,50,164
2805,51,162
2805,52,162
2805,53,961
2805,54,168
2805,55,164
2805,56,199
2805,57,635
2805,58,168
2805,59,165
2805,60,340
2805,61,444
2805,62,368
2805,63,220
2805,64,225
2805,65,226
2805,66,954
2805,67,258
2805,68,258
2805,69,195
2805,70,101
2805,71,166
2805,72,161
2805,73,198
2805,74,691
2805,75,138
2805,76,138
2805,77,139
2805,78,168
2805,79,199
2805,80,199
2806,41,1004
2806,42,386
2806,43,327
2806,44,167
2806,45,8
2806,46,7
2806,47,8
2806,48,7
2806,49,263
2806,50,389
2806,51,940
2806,52,513
2806,53,450
2806,54,450
2806,55,386
2806,56,41
2806,57,485
2806,58,453
2806,59,190
2806,60,451
2806,61,763
2806,62,181
2806,63,134
2806,64,167
2806,65,297
2806,66,330
2806,67,318
2806,68,778
2806,69,340
2806,70,859
2806,71,108
2806,72,836
2806,73,107
2806,74,107
2806,75,203
2806,76,275
2806,77,239
2806,78,240
2806,79,265
2806,80,303
2807,41,371
2807,42,61
2807,43,8
2807,44,738
2807,45,769
2807,46,676
2807,47,678
2807,48,648
2807,49,712
2807,50,623
2807,51,623
2807,52,653
2807,53,168
2807,54,621
2807,55,623
2807,56,529
2807,57,464
2807,58,562
2807,59,530
2807,60,593
2807,61,299
2807,62,515
2807,63,578
2807,64,646
2807,65,616
2807,66,619
2807,67,586
2807,68,585
2807,69,584
2807,70,808
2807,71,808
2807,72,488
2807,73,552
2807,74,421
2807,75,557
2807,76,559
2807,77,436
2807,78,432
2807,79,467
2807,80,469
2808,41,336
2808,42,697
2808,43,914
2808,44,136
2808,45,37
2808,46,103
2808,47,69
2808,48,270
2808,49,304
2808,50,170
2808,51,137
2808,52,236
2808,53,57
2808,54,73
2808,55,73
2808,56,71
2808,57,167
2808,58,40
2808,59,135
2808,60,104
2808,61,623
2808,62,468
2808,63,842
2808,64,842
2808,65,805
2808,66,903
2808,67,936
2808,68,838
2808,69,773
2808,70,908
2808,71,908
2808,72,973
2808,73,13
2808,74,875
2808,75,777
2808,76,936
2808,77,706
2808,78,423
2808,79,356
2808,80,390
2809,41,812
2809,42,433
2809,43,315
2809,44,638
2809,45,317
2809,46,348
2809,47,348
2809,48,348
2809,49,396
2809,50,411
2809,51,623
2809,52,861
2809,53,352
2809,54,416
2809,55,381
2809,56,350
2809,57,284
2809,58,224
2809,59,320
2809,60,722
2809,61,356
2809,62,949
2809,63,321
2809,64,855
2809,65,869
2809,66,657
2809,67,657
2809,68,7
2809,69,748
2809,70,686
2809,71,851
2809,72,610
2809,73,891
2809,74,1000
2809,75,992
2809,76,905
2809,77,935
2809,78,871
2809,79,840
2809,80,936
2810,41,272
2810,42,49
2810,43,621
2810,44,657
2810,45,536
2810,46,601
2810,47,360
2810,48,564
2810,49,628
2810,50,533
2810,51,533
2810,52,151
2810,53,215
2810,54,313
2810,55,479
2810,56,81
2810,57,979
2810,58,172
2810,59,286
2810,60,228
2810,61,719
2810,62,626
2810,63,531
2810,64,942
2810,65,264
2810,66,592
2810,67,600
2810,68,27
2810,69,625
2810,70,130
2810,71,618
2810,72,621
2810,73,525
2810,74,962
2810,75,559
2810,76,560
2810,77,561
2810,78,661
2810,79,593
2810,80,593
2811,41,57
2811,42,753
2811,43,960
2811,44,765
2811,45,35
2811,46,765
2811,47,700
2811,48,607
2811,49,575
2811,50,542
2811,51,517
2811,52,327
2811,53,542
2811,54,574
2811,55,103
2811,56,136
2811,57,621
2811,58,395
2811,59,718
2811,60,634
2811,61,656
2811,62,240
2811,63,570
2811,64,703
2811,65,963
2811,66,634
2811,67,797
2811,68,717
2811,69,570
2811,70,667
2811,71,442
2811,72,880
2811,73,798
2811,74,173
2811,75,575
2811,76,505
2811,77,505
2811,78,439
2811,79,64
2811,80,111
2812,41,253
2812,42,193
2812,43,185
2812,44,249
2812,45,249
2812,46,441
2812,47,642
2812,48,441
2812,49,345
2812,50,309
2812,51,209
2812,52,374
2812,53,277
2812,54,375
2812,55,271
2812,56,169
2812,57,409
2812,58,238
2812,59,271
2812,60,271
2812,61,987
2812,62,754
2812,63,583
2812,64,1023
2812,65,807
2812,66,441
2812,67,342
2812,68,441
2812,69,410
2812,70,603
2812,71,69
2812,72,233
2812,73,693
2812,74,974
2812,75,1004
2812,76,786
2812,77,725
2812,78,725
2812,79,724
2812,80,693
2813,41,872
2813,42,198
2813,43,131
2813,44,67
2813,45,131
2813,46,131
2813,47,38
2813,48,161
2813,49,168
2813,50,37
2813,51,717
2813,52,134
2813,53,406
2813,54,102
2813,55,359
2813,56,552
2813,57,552
2813,58,777
2813,59,648
2813,60,621
2813,61,954
2813,62,653
2813,63,971
2813,64,2
2813,65,603
2813,66,5
2813,67,100
2813,68,21
2813,69,37
2813,70,267
2813,71,39
2813,72,39
2813,73,203
2813,74,203
2813,75,238
2813,76,887
2813,77,267
2813,78,298
2813,79,330
2813,80,233
2814,41,525
2814,42,683
2814,43,270
2814,44,452
2814,45,420
2814,46,825
2814,47,236
2814,48,295
2814,49,233
2814,50,167
2814,51,423
2814,52,396
2814,53,338
2814,54,391
2814,55,55
2814,56,883
2814,57,701
2814,58,323
2814,59,221
2814,60,259
2814,61,650
2814,62,430
2814,63,358
2814,64,71
2814,65,1000
2814,66,69
2814,67,238
2814,68,138
2814,69,268
2814,70,331
2814,71,455
2814,72,556
2814,73,353
2814,74,449
2814,75,513
2814,76,423
2814,77,449
2814,78,452
2814,79,450
2814,80,385
2815,41,557
2815,42,326
2815,43,484
2815,44,870
2815,45,773
2815,46,317
2815,47,612
2815,48,799
2815,49,612
2815,50,584
2815,51,779
2815,52,683
2815,53,683
2815,54,527
2815,55,560
2815,56,619
2815,57,621
2815,58,625
2815,59,812
2815,60,812
2815,61,575
2815,62,198
2815,63,545
2815,64,718
2815,65,595
2815,66,597
2815,67,480
2815,68,593
2815,69,593
2815,70,592
2815,71,625
2815,72,841
2815,73,597
2815,74,599
2815,75,634
2815,76,601
2815,77,666
2815,78,666
2815,79,699
2815,80,699
2816,41,878
2816,42,310
2816,43,71
2816,44,40
2816,45,511
2816,46,40
2816,47,40
2816,48,2
2816,49,2
2816,50,38
2816,51,69
2816,52,451
2816,53,203
2816,54,1017
2816,55,104
2816,56,136
2816,57,136
2816,58,552
2816,59,103
2816,60,237
2816,61,567
2816,62,265
2816,63,855
2816,64,422
2816,65,454
2816,66,199
2816,67,7
2816,68,71
2816,69,3
2816,70,729
2816,71,71
2816,72,101
2816,73,132
2816,74,259
2816,75,259
2816,76,389
2816,77,389
2816,78,550
2816,79,129
2816,80,227
2817,41,711
2817,42,963
2817,43,146
2817,44,917
2817,45,114
2817,46,112
2817,47,113
2817,48,821
2817,49,146
2817,50,276
2817,51,507
2817,52,368
2817,53,130
2817,54,368
2817,55,399
2817,56,399
2817,57,880
2817,58,608
2817,59,537
2817,60,538
2817,61,852
2817,62,293
2817,63,177
2817,64,804
2817,65,176
2817,66,126
2817,67,183
2817,68,976
2817,69,247
2817,70,275
2817,71,277
2817,72,242
2817,73,242
2817,74,276
2817,75,345
2817,76,376
2817,77,309
2817,78,967
2817,79,306
2817,80,306
2818,41,796
2818,42,505
2818,43,82
2818,44,115
2818,45,376
2818,46,182
2818,47,863
2818,48,250
2818,49,283
2818,50,217
2818,51,250
2818,52,337
2818,53,313
2818,54,182
2818,55,85
2818,56,52
2818,57,150
2818,58,182
2818,59,83
2818,60,116
2818,61,704
2818,62,840
2818,63,116
2818,64,149
2818,65,150
2818,66,116
2818,67,116
2818,68,149
2818,69,765
2818,70,248
2818,71,50
2818,72,52
2818,73,80
2818,74,80
2818,75,142
2818,76,49
2818,77,222
2818,78,18
2818,79,135
2818,80,708
2819,41,474
2819,42,112
2819,43,370
2819,44,591
2819,45,290
2819,46,75
2819,47,50
2819,48,111
2819,49,275
2819,50,403
2819,51,369
2819,52,432
2819,53,391
2819,54,454
2819,55,539
2819,56,422
2819,57,552
2819,58,718
2819,59,595
2819,60,595
2819,61,325
2819,62,1004
2819,63,963
2819,64,369
2819,65,369
2819,66,467
2819,67,435
2819,68,342
2819,69,271
2819,70,258
2819,71,104
2819,72,70
2819,73,532
2819,74,5
2819,75,414
2819,76,236
2819,77,299
2819,78,103
2819,79,139
2819,80,169
2820,41,57
2820,42,621
2820,43,473
2820,44,542
2820,45,542
2820,46,505
2820,47,399
2820,48,857
2820,49,284
2820,50,320
2820,51,288
2820,52,254
2820,53,288
2820,54,762
2820,55,287
2820,56,345
2820,57,345
2820,58,248
2820,59,875
2820,60,285
2820,61,867
2820,62,265
2820,63,808
2820,64,535
2820,65,596
2820,66,409
2820,67,317
2820,68,349
2820,69,348
2820,70,351
2820,71,740
2820,72,351
2820,73,50
2820,74,505
2820,75,505
2820,76,594
2820,77,506
2820,78,506
2820,79,409
2820,80,313
2821,41,666
2821,42,518
2821,43,560
2821,44,560
2821,45,560
2821,46,497
2821,47,799
2821,48,593
2821,49,595
2821,50,530
2821,51,625
2821,52,501
2821,53,786
2821,54,406
2821,55,594
2821,56,533
2821,57,190
2821,58,470
2821,59,436
2821,60,402
2821,61,97
2821,62,180
2821,63,600
2821,64,633
2821,65,600
2821,66,662
2821,67,513
2821,68,660
2821,69,723
2821,70,908
2821,71,959
2821,72,1004
2821,73,1002
2821,74,37
2821,75,787
2821,76,942
2821,77,1001
2821,78,1001
2821,79,972
2821,80,911
2822,41,346
2822,42,426
2822,43,100
2822,44,182
2822,45,20
2822,46,183
2822,47,143
2822,48,143
2822,49,181
2822,50,347
2822,51,9
2822,52,209
2822,53,207
2822,54,111
2822,55,145
2822,56,771
2822,57,144
2822,58,146
2822,59,146
2822,60,211
2822,61,711
2822,62,740
2822,63,149
2822,64,149
2822,65,84
2822,66,115
2822,67,184
2822,68,152
2822,69,461
2822,70,54
2822,71,151
2822,72,182
2822,73,91
2822,74,247
2822,75,247
2822,76,149
2822,77,180
2822,78,180
2822,79,182
2822,80,253
2823,41,188
2823,42,572
2823,43,303
2823,44,210
2823,45,860
2823,46,79
2823,47,74
2823,48,72
2823,49,139
2823,50,81
2823,51,983
2823,52,150
2823,53,210
2823,54,82
2823,55,83
2823,56,52
2823,57,671
2823,58,20
2823,59,115
2823,60,295
2823,61,798
2823,62,272
2823,63,110
2823,64,140
2823,65,740
2823,66,75
2823,67,41
2823,68,72
2823,69,108
2823,70,36
2823,71,131
2823,72,36
2823,73,108
2823,74,189
2823,75,508
2823,76,300
2823,77,112
2823,78,8
2823,79,140
2823,80,110
2824,41,750
2824,42,506
2824,43,178
2824,44,180
2824,45,146
2824,46,19
2824,47,478
2824,48,1011
2824,49,16
2824,50,49
2824,51,49
2824,52,115
2824,53,346
2824,54,82
2824,55,147
2824,56,50
2824,57,331
2824,58,50
2824,59,50
2824,60,148
2824,61,857
2824,62,403
2824,63,203
2824,64,203
2824,65,203
2824,66,106
2824,67,219
2824,68,271
2824,69,275
2824,70,336
2824,71,407
2824,72,429
2824,73,795
2824,74,503
2824,75,305
2824,76,429
2824,77,429
2824,78,440
2824,79,471
2824,80,756
2825,41,690
2825,42,787
2825,43,280
2825,44,5
2825,45,86
2825,46,54
2825,47,118
2825,48,482
2825,49,182
2825,50,52
2825,51,52
2825,52,151
2825,53,59
2825,54,59
2825,55,182
2825,56,281
2825,57,313
2825,58,313
2825,59,313
2825,60,331
2825,61,615
2825,62,402
2825,63,86
2825,64,54
2825,65,150
2825,66,151
2825,67,86
2825,68,86
2825,69,86
2825,70,286
2825,71,22
2825,72,152
2825,73,150
2825,74,898
2825,75,151
2825,76,152
2825,77,963
2825,78,185
2825,79,122
2825,80,663
2826,41,1005
2826,42,740
2826,43,257
2826,44,316
2826,45,255
2826,46,316
2826,47,346
2826,48,473
2826,49,397
2826,50,474
2826,51,47
2826,52,275
2826,53,446
2826,54,446
2826,55,446
2826,56,446
2826,57,478
2826,58,602
2826,59,928
2826,60,797
2826,61,626
2826,62,131
2826,63,284
2826,64,255
2826,65,286
2826,66,780
2826,67,475
2826,68,479
2826,69,348
2826,70,348
2826,71,348
2826,72,382
2826,73,349
2826,74,400
2826,75,473
2826,76,210
2826,77,506
2826,78,543
2826,79,768
2826,80,288
2827,41,405
2827,42,1003
2827,43,163
2827,44,165
2827,45,288
2827,46,102
2827,47,315
2827,48,162
2827,49,139
2827,50,358
2827,51,295
2827,52,359
2827,53,620
2827,54,389
2827,55,358
2827,56,327
2827,57,423
2827,58,467
2827,59,427
2827,60,503
2827,61,767
2827,62,1004
2827,63,265
2827,64,464
2827,65,434
2827,66,848
2827,67,692
2827,68,470
2827,69,767
2827,70,114
2827,71,436
2827,72,437
2827,73,530
2827,74,471
2827,75,246
2827,76,248
2827,77,212
2827,78,181
2827,79,52
2827,80,215
2828,41,31
2828,42,141
2828,43,487
2828,44,382
2828,45,316
2828,46,316
2828,47,316
2828,48,316
2828,49,316
2828,50,316
2828,51,285
2828,52,211
2828,53,284
2828,54,284
2828,55,285
2828,56,285
2828,57,316
2828,58,254
2828,59,254
2828,60,254
2828,61,228
2828,62,965
2828,63,349
2828,64,347
2828,65,347
2828,66,449
2828,67,86
2828,68,348
2828,69,316
2828,70,316
2828,71,316
2828,72,285
2828,73,316
2828,74,286
2828,75,316
2828,76,116
2828,77,316
2828,78,224
2828,79,255
2828,80,255
2829,41,238
2829,42,233
2829,43,143
2829,44,74
2829,45,211
2829,46,181
2829,47,181
2829,48,211
2829,49,406
2829,50,214
2829,51,315
2829,52,381
2829,53,378
2829,54,22
2829,55,154
2829,56,154
2829,57,831
2829,58,281
2829,59,52
2829,60,51
2829,61,917
2829,62,592
2829,63,153
2829,64,122
2829,65,185
2829,66,157
2829,67,125
2829,68,257
2829,69,122
2829,70,185
2829,71,63
2829,72,918
2829,73,314
2829,74,441
2829,75,909
2829,76,281
2829,77,316
2829,78,723
2829,79,900
2829,80,476
2830,41,155
2830,42,71
2830,43,138
2830,44,78
2830,45,44
2830,46,991
2830,47,139
2830,48,267
2830,49,299
2830,50,109
2830,51,244
2830,52,107
2830,53,73
2830,54,110
2830,55,310
2830,56,173
2830,57,422
2830,58,428
2830,59,428
2830,60,493
2830,61,569
2830,62,153
2830,63,110
2830,64,426
2830,65,75
2830,66,73
2830,67,74
2830,68,109
2830,69,823
2830,70,389
2830,71,391
2830,72,456
2830,73,389
2830,74,155
2830,75,26
2830,76,298
2830,77,331
2830,78,534
2830,79,331
2830,80,363
2831,41,226
2831,42,721
2831,43,757
2831,44,761
2831,45,729
2831,46,985
2831,47,795
2831,48,178
2831,49,322
2831,50,118
2831,51,693
2831,52,47
2831,53,974
2831,54,1007
2831,55,911
2831,56,1004
2831,57,85
2831,58,1003
2831,59,942
2831,60,849
2831,61,181
2831,62,286
2831,63,88
2831,64,533
2831,65,823
2831,66,314
2831,67,794
2831,68,793
2831,69,758
2831,70,791
2831,71,211
2831,72,200
2831,73,827
2831,74,261
2831,75,996
2831,76,923
2831,77,890
2831,78,141
2831,79,928
2831,80,575
2832,41,957
2832,42,611
2832,43,362
2832,44,424
2832,45,361
2832,46,290
2832,47,423
2832,48,592
2832,49,552
2832,50,713
2832,51,450
2832,52,358
2832,53,329
2832,54,264
2832,55,520
2832,56,240
2832,57,885
2832,58,134
2832,59,384
2832,60,104
2832,61,141
2832,62,526
2832,63,268
2832,64,236
2832,65,277
2832,66,277
2832,67,342
2832,68,145
2832,69,342
2832,70,307
2832,71,468
2832,72,471
2832,73,569
2832,74,29
2832,75,6
2832,76,765
2832,77,569
2832,78,569
2832,79,732
2832,80,629
2833,41,38
2833,42,352
2833,43,474
2833,44,479
2833,45,477
2833,46,479
2833,47,346
2833,48,316
2833,49,444
2833,50,470
2833,51,470
2833,52,468
2833,53,316
2833,54,316
2833,55,409
2833,56,409
2833,57,471
2833,58,362
2833,59,738
2833,60,409
2833,61,631
2833,62,623
2833,63,473
2833,64,443
2833,65,480
2833,66,378
2833,67,472
2833,68,632
2833,69,568
2833,70,598
2833,71,536
2833,72,194
2833,73,81
2833,74,598
2833,75,763
2833,76,765
2833,77,614
2833,78,635
2833,79,336
2833,80,855
2834,41,82
2834,42,1019
2834,43,240
2834,44,48
2834,45,140
2834,46,73
2834,47,554
2834,48,327
2834,49,146
2834,50,18
2834,51,112
2834,52,548
2834,53,81
2834,54,82
2834,55,244
2834,56,112
2834,57,18
2834,58,115
2834,59,18
2834,60,18
2834,61,541
2834,62,21
2834,63,3
2834,64,645
2834,65,37
2834,66,305
2834,67,205
2834,68,172
2834,69,173
2834,70,300
2834,71,204
2834,72,279
2834,73,69
2834,74,3
2834,75,5
2834,76,683
2834,77,237
2834,78,237
2834,79,622
2834,80,237
2835,41,539
2835,42,194
2835,43,418
2835,44,209
2835,45,209
2835,46,242
2835,47,713
2835,48,173
2835,49,143
2835,50,50
2835,51,74
2835,52,79
2835,53,212
2835,54,292
2835,55,81
2835,56,754
2835,57,82
2835,58,212
2835,59,970
2835,60,112
2835,61,154
2835,62,357
2835,63,117
2835,64,150
2835,65,49
2835,66,51
2835,67,51
2835,68,52
2835,69,51
2835,70,954
2835,71,280
2835,72,280
2835,73,652
2835,74,346
2835,75,348
2835,76,352
2835,77,286
2835,78,224
2835,79,254
2835,80,526
2836,41,42
2836,42,66
2836,43,76
2836,44,408
2836,45,343
2836,46,533
2836,47,662
2836,48,551
2836,49,181
2836,50,309
2836,51,405
2836,52,374
2836,53,237
2836,54,243
2836,55,233
2836,56,74
2836,57,74
2836,58,427
2836,59,185
2836,60,185
2836,61,241
2836,62,602
2836,63,873
2836,64,936
2836,65,997
2836,66,906
2836,67,574
2836,68,906
2836,69,905
2836,70,684
2836,71,168
2836,72,595
2836,73,627
2836,74,597
2836,75,693
2836,76,440
2836,77,681
2836,78,440
2836,79,440
2836,80,440
2837,41,647
2837,42,57
2837,43,552
2837,44,840
2837,45,777
2837,46,941
2837,47,735
2837,48,974
2837,49,787
2837,50,787
2837,51,630
2837,52,695
2837,53,662
2837,54,598
2837,55,633
2837,56,664
2837,57,516
2837,58,695
2837,59,728
2837,60,694
2837,61,617
2837,62,117
2837,63,942
2837,64,875
2837,65,1006
2837,66,911
2837,67,842
2837,68,940
2837,69,1007
2837,70,911
2837,71,879
2837,72,786
2837,73,697
2837,74,690
2837,75,786
2837,76,755
2837,77,786
2837,78,144
2837,79,910
2837,80,778
2838,41,537
2838,42,422
2838,43,450
2838,44,439
2838,45,504
2838,46,442
2838,47,506
2838,48,507
2838,49,507
2838,50,409
2838,51,20
2838,52,301
2838,53,278
2838,54,152
2838,55,467
2838,56,122
2838,57,122
2838,58,157
2838,59,216
2838,60,277
2838,61,3
2838,62,486
2838,63,538
2838,64,638
2838,65,258
2838,66,632
2838,67,632
2838,68,862
2838,69,859
2838,70,835
2838,71,504
2838,72,478
2838,73,409
2838,74,586
2838,75,478
2838,76,574
2838,77,712
2838,78,476
2838,79,204
2838,80,441
2839,41,397
2839,42,654
2839,43,682
2839,44,748
2839,45,851
2839,46,682
2839,47,97
2839,48,789
2839,49,883
2839,50,200
2839,51,243
2839,52,851
2839,53,851
2839,54,851
2839,55,92
2839,56,682
2839,57,682
2839,58,808
2839,59,853
2839,60,886
2839,61,459
2839,62,746
2839,63,718
2839,64,255
2839,65,504
2839,66,785
2839,67,861
2839,68,752
2839,69,785
2839,70,752
2839,71,158
2839,72,751
2839,73,752
2839,74,752
2839,75,1007
2839,76,784
2839,77,752
2839,78,752
2839,79,751
2839,80,784
2840,41,210
2840,42,600
2840,43,602
2840,44,427
2840,45,597
2840,46,687
2840,47,625
2840,48,595
2840,49,688
2840,50,812
2840,51,871
2840,52,841
2840,53,397
2840,54,423
2840,55,841
2840,56,874
2840,57,841
2840,58,812
2840,59,841
2840,60,843
2840,61,320
2840,62,721
2840,63,447
2840,64,574
2840,65,927
2840,66,476
2840,67,410
2840,68,505
2840,69,667
2840,70,570
2840,71,570
2840,72,870
2840,73,505
2840,74,505
2840,75,966
2840,76,505
2840,77,491
2840,78,505
2840,79,505
2840,80,598
2841,41,615
2841,42,525
2841,43,107
2841,44,75
2841,45,933
2841,46,111
2841,47,483
2841,48,139
2841,49,137
2841,50,141
2841,51,164
2841,52,70
2841,53,165
2841,54,2
2841,55,421
2841,56,530
2841,57,136
2841,58,9
2841,59,8
2841,60,200
2841,61,580
2841,62,82
2841,63,141
2841,64,110
2841,65,110
2841,66,999
2841,67,72
2841,68,256
2841,69,49
2841,70,390
2841,71,405
2841,72,248
2841,73,475
2841,74,574
2841,75,542
2841,76,476
2841,77,442
2841,78,345
2841,79,43
2841,80,248
2842,41,641
2842,42,848
2842,43,438
2842,44,310
2842,45,246
2842,46,213
2842,47,310
2842,48,343
2842,49,437
2842,50,436
2842,51,469
2842,52,488
2842,53,408
2842,54,439
2842,55,618
2842,56,838
2842,57,601
2842,58,505
2842,59,505
2842,60,505
2842,61,531
2842,62,798
2842,63,503
2842,64,1019
2842,65,310
2842,66,436
2842,67,436
2842,68,469
2842,69,468
2842,70,133
2842,71,472
2842,72,429
2842,73,436
2842,74,435
2842,75,435
2842,76,468
2842,77,470
2842,78,433
2842,79,433
2842,80,439
2843,41,234
2843,42,779
2843,43,779
2843,44,779
2843,45,163
2843,46,622
2843,47,620
2843,48,520
2843,49,810
2843,50,810
2843,51,810
2843,52,648
2843,53,649
2843,54,528
2843,55,652
2843,56,492
2843,57,523
2843,58,490
2843,59,522
2843,60,521
2843,61,714
2843,62,216
2843,63,717
2843,64,622
2843,65,878
2843,66,713
2843,67,773
2843,68,740
2843,69,772
2843,70,919
2843,71,769
2843,72,740
2843,73,740
2843,74,642
2843,75,449
2843,76,513
2843,77,401
2843,78,769
2843,79,769
2843,80,741
2844,41,534
2844,42,981
2844,43,390
2844,44,425
2844,45,425
2844,46,374
2844,47,470
2844,48,309
2844,49,839
2844,50,429
2844,51,329
2844,52,322
2844,53,131
2844,54,35
2844,55,810
2844,56,70
2844,57,101
2844,58,452
2844,59,707
2844,60,101
2844,61,54
2844,62,447
2844,63,245
2844,64,330
2844,65,584
2844,66,370
2844,67,243
2844,68,367
2844,69,71
2844,70,137
2844,71,106
2844,72,164
2844,73,162
2844,74,195
2844,75,135
2844,76,165
2844,77,135
2844,78,2
2844,79,598
2844,80,2
2845,41,685
2845,42,139
2845,43,161
2845,44,198
2845,45,682
2845,46,168
2845,47,199
2845,48,131
2845,49,99
2845,50,712
2845,51,82
2845,52,323
2845,53,195
2845,54,586
2845,55,530
2845,56,429
2845,57,473
2845,58,20
2845,59,20
2845,60,409
2845,61,527
2845,62,980
2845,63,356
2845,64,342
2845,65,975
2845,66,163
2845,67,825
2845,68,994
2845,69,766
2845,70,161
2845,71,198
2845,72,164
2845,73,162
2845,74,195
2845,75,333
2845,76,83
2845,77,163
2845,78,163
2845,79,4
2845,80,83
2846,41,585
2846,42,993
2846,43,369
2846,44,596
2846,45,596
2846,46,256
2846,47,83
2846,48,664
2846,49,601
2846,50,667
2846,51,634
2846,52,667
2846,53,442
2846,54,529
2846,55,562
2846,56,739
2846,57,565
2846,58,564
2846,59,564
2846,60,564
2846,61,388
2846,62,263
2846,63,657
2846,64,483
2846,65,842
2846,66,968
2846,67,809
2846,68,520
2846,69,468
2846,70,472
2846,71,463
2846,72,599
2846,73,626
2846,74,567
2846,75,596
2846,76,505
2846,77,596
2846,78,719
2846,79,627
2846,80,780
2847,41,539
2847,42,757
2847,43,307
2847,44,438
2847,45,216
2847,46,84
2847,47,246
2847,48,278
2847,49,310
2847,50,451
2847,51,112
2847,52,82
2847,53,148
2847,54,52
2847,55,149
2847,56,309
2847,57,432
2847,58,464
2847,59,464
2847,60,468
2847,61,844
2847,62,85
2847,63,243
2847,64,243
2847,65,117
2847,66,306
2847,67,252
2847,68,150
2847,69,216
2847,70,637
2847,71,692
2847,72,276
2847,73,108
2847,74,248
2847,75,150
2847,76,215
2847,77,240
2847,78,241
2847,79,211
2847,80,216
2848,41,342
2848,42,75
2848,43,263
2848,44,818
2848,45,155
2848,46,990
2848,47,134
2848,48,332
2848,49,173
2848,50,236
2848,51,618
2848,52,78
2848,53,2
2848,54,170
2848,55,104
2848,56,70
2848,57,449
2848,58,37
2848,59,235
2848,60,277
2848,61,326
2848,62,903
2848,63,104
2848,64,68
2848,65,100
2848,66,68
2848,67,40
2848,68,71
2848,69,157
2848,70,276
2848,71,441
2848,72,378
2848,73,378
2848,74,635
2848,75,637
2848,76,920
2848,77,672
2848,78,672
2848,79,607
2848,80,264
2849,41,553
2849,42,12
2849,43,426
2849,44,395
2849,45,366
2849,46,362
2849,47,589
2849,48,27
2849,49,557
2849,50,584
2849,51,432
2849,52,385
2849,53,419
2849,54,82
2849,55,316
2849,56,2
2849,57,67
2849,58,429
2849,59,3
2849,60,782
2849,61,854
2849,62,151
2849,63,649
2849,64,520
2849,65,683
2849,66,152
2849,67,428
2849,68,500
2849,69,499
2849,70,429
2849,71,390
2849,72,297
2849,73,359
2849,74,552
2849,75,199
2849,76,264
2849,77,359
2849,78,427
2849,79,358
2849,80,649
2850,41,450
2850,42,354
2850,43,293
2850,44,311
2850,45,183
2850,46,184
2850,47,122
2850,48,29
2850,49,91
2850,50,153
2850,51,122
2850,52,29
2850,53,58
2850,54,25
2850,55,754
2850,56,312
2850,57,117
2850,58,195
2850,59,49
2850,60,48
2850,61,107
2850,62,148
2850,63,71
2850,64,117
2850,65,578
2850,66,803
2850,67,2
2850,68,84
2850,69,215
2850,70,211
2850,71,207
2850,72,341
2850,73,179
2850,74,895
2850,75,82
2850,76,179
2850,77,179
2850,78,179
2850,79,183
2850,80,182
2851,41,932
2851,42,110
2851,43,812
2851,44,657
2851,45,874
2851,46,843
2851,47,841
2851,48,750
2851,49,530
2851,50,591
2851,51,620
2851,52,622
2851,53,622
2851,54,592
2851,55,1014
2851,56,528
2851,57,437
2851,58,797
2851,59,208
2851,60,851
2851,61,915
2851,62,189
2851,63,813
2851,64,654
2851,65,784
2851,66,268
2851,67,756
2851,68,754
2851,69,787
2851,70,942
2851,71,974
2851,72,698
2851,73,227
2851,74,971
2851,75,1004
2851,76,849
2851,77,756
2851,78,789
2851,79,820
2851,80,818
2852,41,864
2852,42,64
2852,43,258
2852,44,397
2852,45,525
2852,46,589
2852,47,420
2852,48,478
2852,49,889
2852,50,209
2852,51,494
2852,52,525
2852,53,460
2852,54,352
2852,55,132
2852,56,54
2852,57,291
2852,58,67
2852,59,502
2852,60,291
2852,61,286
2852,62,431
2852,63,533
2852,64,592
2852,65,7
2852,66,250
2852,67,652
2852,68,652
2852,69,713
2852,70,585
2852,71,586
2852,72,745
2852,73,776
2852,74,575
2852,75,841
2852,76,424
2852,77,456
2852,78,713
2852,79,448
2852,80,394
2853,41,73
2853,42,946
2853,43,923
2853,44,168
2853,45,75
2853,46,227
2853,47,131
2853,48,67
2853,49,130
2853,50,99
2853,51,526
2853,52,101
2853,53,169
2853,54,173
2853,55,140
2853,56,311
2853,57,50
2853,58,115
2853,59,556
2853,60,50
2853,61,930
2853,62,581
2853,63,231
2853,64,198
2853,65,162
2853,66,437
2853,67,639
2853,68,132
2853,69,232
2853,70,684
2853,71,326
2853,72,356
2853,73,937
2853,74,5
2853,75,99
2853,76,595
2853,77,36
2853,78,67
2853,79,34
2853,80,163
2854,41,177
2854,42,771
2854,43,810
2854,44,973
2854,45,810
2854,46,810
2854,47,606
2854,48,810
2854,49,969
2854,50,672
2854,51,738
2854,52,708
2854,53,739
2854,54,776
2854,55,745
2854,56,809
2854,57,279
2854,58,808
2854,59,808
2854,60,806
2854,61,115
2854,62,596
2854,63,716
2854,64,424
2854,65,424
2854,66,681
2854,67,520
2854,68,421
2854,69,419
2854,70,421
2854,71,398
2854,72,779
2854,73,471
2854,74,235
2854,75,173
2854,76,206
2854,77,304
2854,78,304
2854,79,104
2854,80,422
2855,41,608
2855,42,650
2855,43,520
2855,44,589
2855,45,525
2855,46,592
2855,47,373
2855,48,525
2855,49,527
2855,50,770
2855,51,920
2855,52,528
2855,53,494
2855,54,1004
2855,55,504
2855,56,313
2855,57,662
2855,58,278
2855,59,2
2855,60,570
2855,61,446
2855,62,831
2855,63,201
2855,64,456
2855,65,391
2855,66,322
2855,67,389
2855,68,99
2855,69,1010
2855,70,745
2855,71,356
2855,72,131
2855,73,161
2855,74,354
2855,75,259
2855,76,984
2855,77,134
2855,78,199
2855,79,132
2855,80,1018
2856,41,978
2856,42,999
2856,43,361
2856,44,928
2856,45,884
2856,46,561
2856,47,299
2856,48,398
2856,49,432
2856,50,430
2856,51,335
2856,52,449
2856,53,723
2856,54,386
2856,55,421
2856,56,452
2856,57,642
2856,58,545
2856,59,513
2856,60,577
2856,61,952
2856,62,537
2856,63,735
2856,64,315
2856,65,149
2856,66,1003
2856,67,306
2856,68,238
2856,69,273
2856,70,273
2856,71,272
2856,72,497
2856,73,594
2856,74,428
2856,75,428
2856,76,422
2856,77,422
2856,78,551
2856,79,481
2856,80,415
2857,41,291
2857,42,397
2857,43,391
2857,44,356
2857,45,389
2857,46,289
2857,47,291
2857,48,417
2857,49,417
2857,50,513
2857,51,513
2857,52,513
2857,53,513
2857,54,291
2857,55,357
2857,56,82
2857,57,293
2857,58,291
2857,59,323
2857,60,323
2857,61,527
2857,62,1
2857,63,67
2857,64,67
2857,65,34
2857,66,134
2857,67,134
2857,68,913
2857,69,69
2857,70,102
2857,71,69
2857,72,102
2857,73,505
2857,74,132
2857,75,101
2857,76,905
2857,77,569
2857,78,422
2857,79,390
2857,80,357
2858,41,1000
2858,42,631
2858,43,922
2858,44,988
2858,45,955
2858,46,923
2858,47,922
2858,48,961
2858,49,984
2858,50,349
2858,51,695
2858,52,775
2858,53,666
2858,54,699
2858,55,440
2858,56,565
2858,57,277
2858,58,215
2858,59,428
2858,60,306
2858,61,881
2858,62,620
2858,63,1021
2858,64,988
2858,65,955
2858,66,1020
2858,67,861
2858,68,955
2858,69,859
2858,70,822
2858,71,168
2858,72,988
2858,73,740
2858,74,923
2858,75,892
2858,76,181
2858,77,444
2858,78,881
2858,79,955
2858,80,955
2859,41,488
2859,42,677
2859,43,141
2859,44,494
2859,45,829
2859,46,428
2859,47,427
2859,48,427
2859,49,425
2859,50,822
2859,51,777
2859,52,771
2859,53,841
2859,54,810
2859,55,777
2859,56,520
2859,57,200
2859,58,134
2859,59,326
2859,60,554
2859,61,654
2859,62,927
2859,63,477
2859,64,602
2859,65,538
2859,66,628
2859,67,594
2859,68,562
2859,69,323
2859,70,996
2859,71,564
2859,72,987
2859,73,535
2859,74,504
2859,75,630
2859,76,636
2859,77,562
2859,78,562
2859,79,867
2859,80,174
2860,41,274
2860,42,113
2860,43,700
2860,44,798
2860,45,506
2860,46,833
2860,47,378
2860,48,570
2860,49,765
2860,50,667
2860,51,86
2860,52,830
2860,53,863
2860,54,928
2860,55,896
2860,56,960
2860,57,928
2860,58,992
2860,59,928
2860,60,830
2860,61,930
2860,62,77
2860,63,830
2860,64,765
2860,65,442
2860,66,667
2860,67,596
2860,68,35
2860,69,732
2860,70,1017
2860,71,570
2860,72,699
2860,73,661
2860,74,765
2860,75,733
2860,76,732
2860,77,766
2860,78,539
2860,79,602
2860,80,602
2861,41,259
2861,42,66
2861,43,395
2861,44,392
2861,45,257
2861,46,424
2861,47,426
2861,48,520
2861,49,108
2861,50,584
2861,51,618
2861,52,560
2861,53,169
2861,54,103
2861,55,106
2861,56,138
2861,57,546
2861,58,173
2861,59,226
2861,60,2
2861,61,637
2861,62,524
2861,63,284
2861,64,79
2861,65,109
2861,66,275
2861,67,137
2861,68,648
2861,69,136
2861,70,73
2861,71,109
2861,72,139
2861,73,165
2861,74,163
2861,75,799
2861,76,133
2861,77,135
2861,78,135
2861,79,200
2861,80,199
2862,41,816
2862,42,697
2862,43,474
2862,44,474
2862,45,472
2862,46,439
2862,47,429
2862,48,402
2862,49,467
2862,50,537
2862,51,533
2862,52,342
2862,53,309
2862,54,445
2862,55,439
2862,56,402
2862,57,505
2862,58,374
2862,59,431
2862,60,477
2862,61,473
2862,62,96
2862,63,640
2862,64,580
2862,65,409
2862,66,411
2862,67,822
2862,68,560
2862,69,440
2862,70,344
2862,71,563
2862,72,474
2862,73,198
2862,74,344
2862,75,759
2862,76,472
2862,77,472
2862,78,473
2862,79,473
2862,80,111
2863,41,1022
2863,42,232
2863,43,506
2863,44,469
2863,45,542
2863,46,539
2863,47,887
2863,48,756
2863,49,668
2863,50,442
2863,51,928
2863,52,421
2863,53,506
2863,54,505
2863,55,505
2863,56,563
2863,57,505
2863,58,505
2863,59,635
2863,60,635
2863,61,433
2863,62,718
2863,63,597
2863,64,403
2863,65,634
2863,66,338
2863,67,830
2863,68,960
2863,69,667
2863,70,732
2863,71,68
2863,72,895
2863,73,830
2863,74,1000
2863,75,895
2863,76,992
2863,77,928
2863,78,797
2863,79,145
2863,80,960
2864,41,308
2864,42,375
2864,43,574
2864,44,310
2864,45,501
2864,46,898
2864,47,343
2864,48,343
2864,49,215
2864,50,188
2864,51,91
2864,52,95
2864,53,27
2864,54,582
2864,55,93
2864,56,94
2864,57,94
2864,58,29
2864,59,29
2864,60,26
2864,61,427
2864,62,255
2864,63,156
2864,64,654
2864,65,190
2864,66,156
2864,67,219
2864,68,249
2864,69,441
2864,70,285
2864,71,20
2864,72,441
2864,73,441
2864,74,250
2864,75,188
2864,76,156
2864,77,903
2864,78,215
2864,79,617
2864,80,29
2865,41,929
2865,42,530
2865,43,583
2865,44,456
2865,45,398
2865,46,302
2865,47,242
2865,48,212
2865,49,182
2865,50,248
2865,51,625
2865,52,375
2865,53,345
2865,54,504
2865,55,504
2865,56,473
2865,57,504
2865,58,398
2865,59,568
2865,60,630
2865,61,905
2865,62,52
2865,63,395
2865,64,363
2865,65,428
2865,66,429
2865,67,473
2865,68,916
2865,69,51
2865,70,439
2865,71,237
2865,72,264
2865,73,2
2865,74,255
2865,75,103
2865,76,147
2865,77,70
2865,78,99
2865,79,37
2865,80,135
2866,41,864
2866,42,732
2866,43,74
2866,44,70
2866,45,3
2866,46,3
2866,47,680
2866,48,104
2866,49,3
2866,50,922
2866,51,557
2866,52,195
2866,53,525
2866,54,133
2866,55,133
2866,56,164
2866,57,164
2866,58,199
2866,59,199
2866,60,169
2866,61,379
2866,62,519
2866,63,35
2866,64,3
2866,65,3
2866,66,104
2866,67,94
2866,68,363
2866,69,297
2866,70,233
2866,71,233
2866,72,169
2866,73,137
2866,74,75
2866,75,206
2866,76,174
2866,77,174
2866,78,205
2866,79,414
2866,80,76
2867,41,308
2867,42,778
2867,43,429
2867,44,429
2867,45,437
2867,46,471
2867,47,537
2867,48,506
2867,49,118
2867,50,652
2867,51,466
2867,52,18
2867,53,537
2867,54,537
2867,55,538
2867,56,506
2867,57,506
2867,58,506
2867,59,506
2867,60,506
2867,61,248
2867,62,328
2867,63,703
2867,64,703
2867,65,738
2867,66,992
2867,67,895
2867,68,992
2867,69,992
2867,70,634
2867,71,667
2867,72,506
2867,73,538
2867,74,928
2867,75,570
2867,76,896
2867,77,863
2867,78,830
2867,79,928
2867,80,960
2868,41,409
2868,42,974
2868,43,88
2868,44,908
2868,45,340
2868,46,584
2868,47,796
2868,48,677
2868,49,725
2868,50,421
2868,51,294
2868,52,264
2868,53,621
2868,54,326
2868,55,358
2868,56,233
2868,57,277
2868,58,361
2868,59,60
2868,60,672
2868,61,874
2868,62,230
2868,63,910
2868,64,835
2868,65,753
2868,66,846
2868,67,878
2868,68,973
2868,69,717
2868,70,783
2868,71,23
2868,72,910
2868,73,206
2868,74,1007
2868,75,817
2868,76,723
2868,77,817
2868,78,192
2868,79,849
2868,80,1004
2869,41,772
2869,42,263
2869,43,675
2869,44,706
2869,45,674
2869,46,769
2869,47,737
2869,48,610
2869,49,722
2869,50,612
2869,51,614
2869,52,616
2869,53,552
2869,54,681
2869,55,745
2869,56,745
2869,57,806
2869,58,745
2869,59,419
2869,60,385
2869,61,419
2869,62,242
2869,63,34
2869,64,642
2869,65,545
2869,66,423
2869,67,642
2869,68,737
2869,69,805
2869,70,839
2869,71,1000
2869,72,813
2869,73,410
2869,74,657
2869,75,657
2869,76,597
2869,77,656
2869,78,843
2869,79,692
2869,80,597
2870,41,394
2870,42,1002
2870,43,983
2870,44,657
2870,45,599
2870,46,564
2870,47,688
2870,48,36
2870,49,750
2870,50,662
2870,51,768
2870,52,171
2870,53,195
2870,54,727
2870,55,727
2870,56,726
2870,57,695
2870,58,695
2870,59,727
2870,60,695
2870,61,787
2870,62,689
2870,63,529
2870,64,529
2870,65,529
2870,66,595
2870,67,719
2870,68,39
2870,69,969
2870,70,464
2870,71,464
2870,72,844
2870,73,562
2870,74,597
2870,75,599
2870,76,718
2870,77,692
2870,78,781
2870,79,842
2870,80,642
2871,41,982
2871,42,472
2871,43,29
2871,44,503
2871,45,683
2871,46,354
2871,47,880
2871,48,551
2871,49,132
2871,50,163
2871,51,67
2871,52,930
2871,53,336
2871,54,4
2871,55,33
2871,56,35
2871,57,34
2871,58,779
2871,59,195
2871,60,159
2871,61,440
2871,62,68
2871,63,259
2871,64,463
2871,65,67
2871,66,161
2871,67,161
2871,68,132
2871,69,300
2871,70,67
2871,71,699
2871,72,131
2871,73,100
2871,74,2
2871,75,34
2871,76,34
2871,77,36
2871,78,584
2871,79,6
2871,80,6
2872,41,218
2872,42,560
2872,43,122
2872,44,837
2872,45,182
2872,46,246
2872,47,246
2872,48,215
2872,49,52
2872,50,276
2872,51,141
2872,52,236
2872,53,142
2872,54,331
2872,55,142
2872,56,173
2872,57,479
2872,58,296
2872,59,52
2872,60,276
2872,61,896
2872,62,718
2872,63,233
2872,64,817
2872,65,94
2872,66,91
2872,67,280
2872,68,660
2872,69,234
2872,70,343
2872,71,614
2872,72,350
2872,73,381
2872,74,108
2872,75,348
2872,76,382
2872,77,429
2872,78,480
2872,79,478
2872,80,538
2873,41,798
2873,42,773
2873,43,947
2873,44,409
2873,45,101
2873,46,19
2873,47,110
2873,48,176
2873,49,215
2873,50,179
2873,51,394
2873,52,81
2873,53,48
2873,54,951
2873,55,1004
2873,56,497
2873,57,152
2873,58,86
2873,59,151
2873,60,182
2873,61,739
2873,62,706
2873,63,37
2873,64,742
2873,65,4
2873,66,36
2873,67,584
2873,68,104
2873,69,3
2873,70,130
2873,71,70
2873,72,103
2873,73,39
2873,74,70
2873,75,2
2873,76,69
2873,77,69
2873,78,102
2873,79,71
2873,80,8
2874,41,124
2874,42,171
2874,43,2
2874,44,67
2874,45,538
2874,46,70
2874,47,36
2874,48,108
2874,49,172
2874,50,76
2874,51,76
2874,52,12
2874,53,602
2874,54,181
2874,55,840
2874,56,84
2874,57,182
2874,58,841
2874,59,348
2874,60,415
2874,61,732
2874,62,817
2874,63,504
2874,64,693
2874,65,755
2874,66,708
2874,67,724
2874,68,660
2874,69,724
2874,70,142
2874,71,524
2874,72,911
2874,73,942
2874,74,911
2874,75,880
2874,76,723
2874,77,310
2874,78,73
2874,79,215
2874,80,117
2875,41,526
2875,42,807
2875,43,960
2875,44,895
2875,45,895
2875,46,635
2875,47,182
2875,48,863
2875,49,667
2875,50,896
2875,51,570
2875,52,1024
2875,53,108
2875,54,703
2875,55,733
2875,56,720
2875,57,602
2875,58,765
2875,59,830
2875,60,830
2875,61,655
2875,62,159
2875,63,830
2875,64,763
2875,65,825
2875,66,728
2875,67,728
2875,68,760
2875,69,758
2875,70,328
2875,71,1023
2875,72,195
2875,73,403
2875,74,278
2875,75,406
2875,76,437
2875,77,404
2875,78,472
2875,79,56
2875,80,529
2876,41,430
2876,42,245
2876,43,361
2876,44,337
2876,45,306
2876,46,575
2876,47,147
2876,48,212
2876,49,472
2876,50,113
2876,51,831
2876,52,176
2876,53,146
2876,54,206
2876,55,84
2876,56,84
2876,57,84
2876,58,340
2876,59,676
2876,60,900
2876,61,605
2876,62,573
2876,63,493
2876,64,530
2876,65,592
2876,66,621
2876,67,589
2876,68,527
2876,69,527
2876,70,494
2876,71,493
2876,72,523
2876,73,495
2876,74,495
2876,75,493
2876,76,358
2876,77,293
2876,78,499
2876,79,525
2876,80,460
2877,41,952
2877,42,33
2877,43,406
2877,44,279
2877,45,311
2877,46,438
2877,47,375
2877,48,344
2877,49,911
2877,50,309
2877,51,31
2877,52,752
2877,53,812
2877,54,306
2877,55,336
2877,56,336
2877,57,477
2877,58,336
2877,59,336
2877,60,779
2877,61,145
2877,62,396
2877,63,600
2877,64,596
2877,65,309
2877,66,990
2877,67,374
2877,68,275
2877,69,276
2877,70,342
2877,71,438
2877,72,246
2877,73,277
2877,74,310
2877,75,595
2877,76,535
2877,77,535
2877,78,547
2877,79,723
2877,80,752
2878,41,510
2878,42,793
2878,43,439
2878,44,179
2878,45,50
2878,46,144
2878,47,111
2878,48,548
2878,49,107
2878,50,72
2878,51,107
2878,52,110
2878,53,945
2878,54,331
2878,55,331
2878,56,173
2878,57,205
2878,58,109
2878,59,303
2878,60,108
2878,61,429
2878,62,378
2878,63,276
2878,64,376
2878,65,375
2878,66,457
2878,67,375
2878,68,1007
2878,69,893
2878,70,242
2878,71,643
2878,72,146
2878,73,50
2878,74,79
2878,75,144
2878,76,148
2878,77,146
2878,78,337
2878,79,276
2878,80,305
2879,41,118
2879,42,1005
2879,43,205
2879,44,142
2879,45,110
2879,46,72
2879,47,103
2879,48,137
2879,49,36
2879,50,658
2879,51,131
2879,52,163
2879,53,618
2879,54,420
2879,55,385
2879,56,537
2879,57,326
2879,58,102
2879,59,7
2879,60,849
2879,61,146
2879,62,76
2879,63,146
2879,64,50
2879,65,81
2879,66,49
2879,67,796
2879,68,922
2879,69,281
2879,70,280
2879,71,923
2879,72,546
2879,73,404
2879,74,345
2879,75,742
2879,76,442
2879,77,285
2879,78,575
2879,79,574
2879,80,475
2880,41,965
2880,42,1014
2880,43,390
2880,44,421
2880,45,390
2880,46,390
2880,47,389
2880,48,354
2880,49,396
2880,50,366
2880,51,335
2880,52,301
2880,53,104
2880,54,103
2880,55,588
2880,56,36
2880,57,69
2880,58,37
2880,59,1
2880,60,1
2880,61,195
2880,62,536
2880,63,423
2880,64,169
2880,65,614
2880,66,940
2880,67,472
2880,68,407
2880,69,472
2880,70,426
2880,71,533
2880,72,537
2880,73,73
2880,74,254
2880,75,270
2880,76,316
2880,77,283
2880,78,283
2880,79,813
2880,80,283
2881,41,682
2881,42,200
2881,43,513
2881,44,353
2881,45,323
2881,46,481
2881,47,68
2881,48,451
2881,49,552
2881,50,552
2881,51,488
2881,52,552
2881,53,698
2881,54,929
2881,55,840
2881,56,745
2881,57,487
2881,58,486
2881,59,454
2881,60,453
2881,61,16
2881,62,326
2881,63,513
2881,64,513
2881,65,513
2881,66,513
2881,67,592
2881,68,513
2881,69,513
2881,70,471
2881,71,423
2881,72,810
2881,73,455
2881,74,485
2881,75,791
2881,76,521
2881,77,237
2881,78,967
2881,79,777
2881,80,585
2882,41,392
2882,42,996
2882,43,742
2882,44,742
2882,45,713
2882,46,812
2882,47,875
2882,48,808
2882,49,1009
2882,50,619
2882,51,558
2882,52,685
2882,53,649
2882,54,777
2882,55,824
2882,56,908
2882,57,927
2882,58,1007
2882,59,551
2882,60,842
2882,61,287
2882,62,332
2882,63,423
2882,64,469
2882,65,649
2882,66,696
2882,67,745
2882,68,649
2882,69,486
2882,70,826
2882,71,202
2882,72,777
2882,73,535
2882,74,713
2882,75,391
2882,76,323
2882,77,15
2882,78,238
2882,79,859
2882,80,272
2883,41,757
2883,42,129
2883,43,32
2883,44,122
2883,45,543
2883,46,280
2883,47,346
2883,48,941
2883,49,506
2883,50,412
2883,51,575
2883,52,608
2883,53,574
2883,54,574
2883,55,539
2883,56,539
2883,57,393
2883,58,443
2883,59,768
2883,60,62
2883,61,561
2883,62,190
2883,63,587
2883,64,331
2883,65,422
2883,66,903
2883,67,552
2883,68,777
2883,69,520
2883,70,357
2883,71,830
2883,72,456
2883,73,875
2883,74,968
2883,75,870
2883,76,807
2883,77,713
2883,78,776
2883,79,741
2883,80,649
2884,41,43
2884,42,466
2884,43,549
2884,44,517
2884,45,517
2884,46,610
2884,47,647
2884,48,648
2884,49,134
2884,50,679
2884,51,619
2884,52,617
2884,53,545
2884,54,431
2884,55,648
2884,56,587
2884,57,617
2884,58,613
2884,59,611
2884,60,613
2884,61,807
2884,62,939
2884,63,609
2884,64,548
2884,65,517
2884,66,966
2884,67,548
2884,68,549
2884,69,549
2884,70,611
2884,71,835
2884,72,617
2884,73,246
2884,74,679
2884,75,679
2884,76,738
2884,77,719
2884,78,936
2884,79,773
2884,80,781
2885,41,537
2885,42,98
2885,43,611
2885,44,609
2885,45,646
2885,46,601
2885,47,578
2885,48,124
2885,49,548
2885,50,485
2885,51,517
2885,52,357
2885,53,455
2885,54,391
2885,55,392
2885,56,529
2885,57,472
2885,58,475
2885,59,542
2885,60,543
2885,61,21
2885,62,688
2885,63,610
2885,64,934
2885,65,769
2885,66,316
2885,67,674
2885,68,675
2885,69,513
2885,70,610
2885,71,616
2885,72,423
2885,73,622
2885,74,649
2885,75,791
2885,76,427
2885,77,399
2885,78,927
2885,79,456
2885,80,713
2886,41,671
2886,42,419
2886,43,170
2886,44,104
2886,45,39
2886,46,152
2886,47,331
2886,48,161
2886,49,203
2886,50,1016
2886,51,427
2886,52,423
2886,53,167
2886,54,358
2886,55,295
2886,56,430
2886,57,137
2886,58,649
2886,59,966
2886,60,751
2886,61,508
2886,62,521
2886,63,139
2886,64,427
2886,65,219
2886,66,250
2886,67,378
2886,68,269
2886,69,288
2886,70,288
2886,71,288
2886,72,346
2886,73,63
2886,74,189
2886,75,125
2886,76,94
2886,77,1008
2886,78,222
2886,79,313
2886,80,281
2887,41,660
2887,42,397
2887,43,505
2887,44,474
2887,45,464
2887,46,539
2887,47,542
2887,48,338
2887,49,472
2887,50,472
2887,51,473
2887,52,472
2887,53,41
2887,54,577
2887,55,147
2887,56,18
2887,57,18
2887,58,48
2887,59,176
2887,60,178
2887,61,720
2887,62,170
2887,63,534
2887,64,503
2887,65,4
2887,66,504
2887,67,504
2887,68,933
2887,69,275
2887,70,244
2887,71,309
2887,72,18
2887,73,18
2887,74,50
2887,75,79
2887,76,79
2887,77,241
2887,78,80
2887,79,110
2887,80,110
2888,41,171
2888,42,901
2888,43,770
2888,44,659
2888,45,659
2888,46,953
2888,47,942
2888,48,973
2888,49,207
2888,50,908
2888,51,911
2888,52,848
2888,53,1003
2888,54,940
2888,55,787
2888,56,596
2888,57,993
2888,58,441
2888,59,947
2888,60,1004
2888,61,914
2888,62,144
2888,63,659
2888,64,660
2888,65,598
2888,66,662
2888,67,642
2888,68,601
2888,69,599
2888,70,665
2888,71,569
2888,72,569
2888,73,568
2888,74,316
2888,75,601
2888,76,630
2888,77,596
2888,78,596
2888,79,664
2888,80,598
2889,41,748
2889,42,990
2889,43,963
2889,44,1024
2889,45,847
2889,46,77
2889,47,648
2889,48,164
2889,49,541
2889,50,726
2889,51,536
2889,52,570
2889,53,20
2889,54,789
2889,55,20
2889,56,182
2889,57,965
2889,58,20
2889,59,248
2889,60,247
2889,61,815
2889,62,718
2889,63,366
2889,64,703
2889,65,733
2889,66,763
2889,67,983
2889,68,951
2889,69,1023
2889,70,950
2889,71,1012
2889,72,1013
2889,73,1013
2889,74,982
2889,75,951
2889,76,720
2889,77,856
2889,78,731
2889,79,795
2889,80,763
2890,41,58
2890,42,450
2890,43,358
2890,44,389
2890,45,388
2890,46,358
2890,47,333
2890,48,295
2890,49,456
2890,50,484
2890,51,421
2890,52,46
2890,53,389
2890,54,33
2890,55,297
2890,56,233
2890,57,584
2890,58,488
2890,59,520
2890,60,456
2890,61,125
2890,62,184
2890,63,425
2890,64,875
2890,65,684
2890,66,718
2890,67,682
2890,68,653
2890,69,652
2890,70,116
2890,71,713
2890,72,197
2890,73,741
2890,74,223
2890,75,744
2890,76,683
2890,77,682
2890,78,558
2890,79,676
2890,80,675
2891,41,523
2891,42,530
2891,43,309
2891,44,415
2891,45,382
2891,46,350
2891,47,416
2891,48,415
2891,49,957
2891,50,315
2891,51,382
2891,52,416
2891,53,343
2891,54,277
2891,55,137
2891,56,269
2891,57,343
2891,58,343
2891,59,237
2891,60,814
2891,61,244
2891,62,220
2891,63,238
2891,64,338
2891,65,825
2891,66,170
2891,67,586
2891,68,135
2891,69,164
2891,70,291
2891,71,164
2891,72,161
2891,73,700
2891,74,259
2891,75,323
2891,76,356
2891,77,67
2891,78,69
2891,79,102
2891,80,40
2892,41,774
2892,42,626
2892,43,2
2892,44,102
2892,45,36
2892,46,36
2892,47,131
2892,48,132
2892,49,270
2892,50,410
2892,51,291
2892,52,165
2892,53,139
2892,54,208
2892,55,140
2892,56,140
2892,57,130
2892,58,101
2892,59,101
2892,60,134
2892,61,435
2892,62,937
2892,63,33
2892,64,66
2892,65,2
2892,66,66
2892,67,227
2892,68,552
2892,69,253
2892,70,356
2892,71,391
2892,72,681
2892,73,488
2892,74,650
2892,75,584
2892,76,999
2892,77,523
2892,78,618
2892,79,494
2892,80,563
2893,41,185
2893,42,339
2893,43,453
2893,44,758
2893,45,757
2893,46,68
2893,47,973
2893,48,910
2893,49,723
2893,50,817
2893,51,667
2893,52,791
2893,53,918
2893,54,85
2893,55,713
2893,56,359
2893,57,271
2893,58,297
2893,59,295
2893,60,232
2893,61,621
2893,62,776
2893,63,830
2893,64,636
2893,65,732
2893,66,281
2893,67,698
2893,68,1022
2893,69,474
2893,70,479
2893,71,542
2893,72,477
2893,73,480
2893,74,448
2893,75,448
2893,76,448
2893,77,306
2893,78,475
2893,79,560
2893,80,937
2894,41,867
2894,42,61
2894,43,109
2894,44,1000
2894,45,76
2894,46,803
2894,47,73
2894,48,868
2894,49,108
2894,50,172
2894,51,5
2894,52,186
2894,53,80
2894,54,141
2894,55,72
2894,56,77
2894,57,268
2894,58,63
2894,59,107
2894,60,107
2894,61,537
2894,62,629
2894,63,723
2894,64,432
2894,65,107
2894,66,107
2894,67,109
2894,68,76
2894,69,171
2894,70,173
2894,71,935
2894,72,12
2894,73,44
2894,74,109
2894,75,108
2894,76,107
2894,77,76
2894,78,764
2894,79,140
2894,80,172
2895,41,775
2895,42,181
2895,43,1008
2895,44,107
2895,45,71
2895,46,107
2895,47,144
2895,48,142
2895,49,142
2895,50,142
2895,51,144
2895,52,557
2895,53,342
2895,54,275
2895,55,275
2895,56,237
2895,57,267
2895,58,267
2895,59,137
2895,60,334
2895,61,263
2895,62,484
2895,63,44
2895,64,604
2895,65,1020
2895,66,108
2895,67,108
2895,68,110
2895,69,241
2895,70,272
2895,71,219
2895,72,273
2895,73,209
2895,74,109
2895,75,73
2895,76,73
2895,77,107
2895,78,40
2895,79,73
2895,80,7
2896,41,877
2896,42,549
2896,43,127
2896,44,869
2896,45,472
2896,46,342
2896,47,376
2896,48,542
2896,49,608
2896,50,608
2896,51,474
2896,52,479
2896,53,444
2896,54,548
2896,55,281
2896,56,442
2896,57,441
2896,58,270
2896,59,409
2896,60,379
2896,61,850
2896,62,614
2896,63,295
2896,64,359
2896,65,359
2896,66,379
2896,67,264
2896,68,295
2896,69,323
2896,70,396
2896,71,338
2896,72,396
2896,73,336
2896,74,307
2896,75,271
2896,76,309
2896,77,408
2896,78,375
2896,79,376
2896,80,509
2897,41,475
2897,42,222
2897,43,36
2897,44,628
2897,45,72
2897,46,108
2897,47,74
2897,48,958
2897,49,5
2897,50,940
2897,51,168
2897,52,108
2897,53,110
2897,54,110
2897,55,110
2897,56,182
2897,57,182
2897,58,55
2897,59,54
2897,60,967
2897,61,347
2897,62,236
2897,63,451
2897,64,423
2897,65,255
2897,66,295
2897,67,236
2897,68,682
2897,69,168
2897,70,100
2897,71,99
2897,72,66
2897,73,99
2897,74,1
2897,75,161
2897,76,135
2897,77,103
2897,78,134
2897,79,133
2897,80,859
2898,41,611
2898,42,932
2898,43,191
2898,44,315
2898,45,743
2898,46,72
2898,47,583
2898,48,348
2898,49,161
2898,50,416
2898,51,416
2898,52,381
2898,53,381
2898,54,346
2898,55,313
2898,56,313
2898,57,313
2898,58,346
2898,59,250
2898,60,349
2898,61,660
2898,62,425
2898,63,769
2898,64,189
2898,65,86
2898,66,189
2898,67,224
2898,68,315
2898,69,316
2898,70,703
2898,71,117
2898,72,654
2898,73,280
2898,74,635
2898,75,281
2898,76,378
2898,77,281
2898,78,250
2898,79,284
2898,80,351
2899,41,511
2899,42,324
2899,43,179
2899,44,112
2899,45,80
2899,46,16
2899,47,16
2899,48,50
2899,49,1018
2899,50,871
2899,51,342
2899,52,964
2899,53,499
2899,54,499
2899,55,562
2899,56,464
2899,57,842
2899,58,819
2899,59,557
2899,60,561
2899,61,755
2899,62,220
2899,63,142
2899,64,149
2899,65,113
2899,66,775
2899,67,178
2899,68,209
2899,69,111
2899,70,924
2899,71,305
2899,72,244
2899,73,208
2899,74,114
2899,75,147
2899,76,81
2899,77,48
2899,78,81
2899,79,178
2899,80,243
2900,41,707
2900,42,413
2900,43,232
2900,44,374
2900,45,437
2900,46,501
2900,47,374
2900,48,374
2900,49,533
2900,50,886
2900,51,502
2900,52,532
2900,53,534
2900,54,310
2900,55,191
2900,56,766
2900,57,503
2900,58,469
2900,59,310
2900,60,540
2900,61,413
2900,62,888
2900,63,493
2900,64,460
2900,65,620
2900,66,620
2900,67,492
2900,68,586
2900,69,555
2900,70,166
2900,71,825
2900,72,522
2900,73,523
2900,74,494
2900,75,495
2900,76,493
2900,77,678
2900,78,527
2900,79,527
2900,80,620
2901,41,686
2901,42,305
2901,43,168
2901,44,682
2901,45,140
2901,46,138
2901,47,124
2901,48,50
2901,49,51
2901,50,270
2901,51,19
2901,52,50
2901,53,355
2901,54,212
2901,55,180
2901,56,180
2901,57,179
2901,58,180
2901,59,156
2901,60,84
2901,61,171
2901,62,345
2901,63,168
2901,64,132
2901,65,165
2901,66,164
2901,67,162
2901,68,163
2901,69,161
2901,70,1023
2901,71,169
2901,72,167
2901,73,359
2901,74,390
2901,75,263
2901,76,391
2901,77,740
2901,78,488
2901,79,495
2901,80,873
2902,41,671
2902,42,942
2902,43,59
2902,44,26
2902,45,58
2902,46,596
2902,47,29
2902,48,60
2902,49,91
2902,50,185
2902,51,185
2902,52,72
2902,53,122
2902,54,91
2902,55,122
2902,56,219
2902,57,156
2902,58,381
2902,59,64
2902,60,501
2902,61,298
2902,62,606
2902,63,29
2902,64,29
2902,65,29
2902,66,595
2902,67,91
2902,68,188
2902,69,93
2902,70,93
2902,71,208
2902,72,484
2902,73,183
2902,74,63
2902,75,185
2902,76,188
2902,77,50
2902,78,218
2902,79,188
2902,80,187
2903,41,253
2903,42,449
2903,43,156
2903,44,156
2903,45,219
2903,46,181
2903,47,224
2903,48,369
2903,49,284
2903,50,896
2903,51,283
2903,52,218
2903,53,398
2903,54,346
2903,55,320
2903,56,706
2903,57,662
2903,58,430
2903,59,352
2903,60,352
2903,61,1010
2903,62,177
2903,63,316
2903,64,234
2903,65,254
2903,66,975
2903,67,222
2903,68,1015
2903,69,189
2903,70,156
2903,71,189
2903,72,283
2903,73,283
2903,74,959
2903,75,282
2903,76,284
2903,77,219
2903,78,250
2903,79,250
2903,80,250
2904,41,857
2904,42,517
2904,43,537
2904,44,271
2904,45,538
2904,46,542
2904,47,606
2904,48,479
2904,49,480
2904,50,409
2904,51,448
2904,52,474
2904,53,74
2904,54,605
2904,55,636
2904,56,248
2904,57,537
2904,58,252
2904,59,537
2904,60,492
2904,61,82
2904,62,247
2904,63,570
2904,64,506
2904,65,442
2904,66,506
2904,67,359
2904,68,570
2904,69,896
2904,70,549
2904,71,766
2904,72,48
2904,73,734
2904,74,368
2904,75,410
2904,76,506
2904,77,934
2904,78,538
2904,79,538
2904,80,825
2905,41,145
2905,42,228
2905,43,611
2905,44,358
2905,45,357
2905,46,455
2905,47,449
2905,48,195
2905,49,168
2905,50,944
2905,51,170
2905,52,598
2905,53,864
2905,54,138
2905,55,161
2905,56,227
2905,57,290
2905,58,227
2905,59,939
2905,60,177
2905,61,31
2905,62,446
2905,63,587
2905,64,589
2905,65,622
2905,66,622
2905,67,653
2905,68,713
2905,69,808
2905,70,663
2905,71,552
2905,72,776
2905,73,968
2905,74,874
2905,75,655
2905,76,524
2905,77,661
2905,78,911
2905,79,818
2905,80,874
2906,41,328
2906,42,29
2906,43,410
2906,44,538
2906,45,225
2906,46,511
2906,47,169
2906,48,409
2906,49,602
2906,50,608
2906,51,574
2906,52,602
2906,53,863
2906,54,896
2906,55,992
2906,56,570
2906,57,56
2906,58,538
2906,59,538
2906,60,913
2906,61,634
2906,62,660
2906,63,771
2906,64,795
2906,65,830
2906,66,831
2906,67,602
2906,68,574
2906,69,679
2906,70,537
2906,71,397
2906,72,256
2906,73,496
2906,74,537
2906,75,537
2906,76,309
2906,77,542
2906,78,478
2906,79,504
2906,80,410
2907,41,660
2907,42,816
2907,43,970
2907,44,9
2907,45,545
2907,46,784
2907,47,744
2907,48,744
2907,49,809
2907,50,361
2907,51,395
2907,52,362
2907,53,469
2907,54,178
2907,55,700
2907,56,668
2907,57,799
2907,58,276
2907,59,258
2907,60,667
2907,61,529
2907,62,906
2907,63,931
2907,64,520
2907,65,620
2907,66,857
2907,67,493
2907,68,337
2907,69,361
2907,70,395
2907,71,365
2907,72,619
2907,73,681
2907,74,965
2907,75,276
2907,76,633
2907,77,466
2907,78,432
2907,79,370
2907,80,274
2908,41,393
2908,42,4
2908,43,634
2908,44,666
2908,45,795
2908,46,731
2908,47,699
2908,48,633
2908,49,569
2908,50,536
2908,51,535
2908,52,633
2908,53,163
2908,54,594
2908,55,594
2908,56,598
2908,57,598
2908,58,634
2908,59,1
2908,60,313
2908,61,444
2908,62,809
2908,63,692
2908,64,27
2908,65,754
2908,66,726
2908,67,648
2908,68,1001
2908,69,1006
2908,70,910
2908,71,488
2908,72,817
2908,73,310
2908,74,278
2908,75,184
2908,76,247
2908,77,281
2908,78,345
2908,79,91
2908,80,1014
2909,41,447
2909,42,375
2909,43,101
2909,44,76
2909,45,108
2909,46,79
2909,47,524
2909,48,407
2909,49,141
2909,50,256
2909,51,202
2909,52,238
2909,53,138
2909,54,966
2909,55,804
2909,56,396
2909,57,471
2909,58,503
2909,59,504
2909,60,505
2909,61,752
2909,62,640
2909,63,331
2909,64,70
2909,65,327
2909,66,358
2909,67,362
2909,68,394
2909,69,420
2909,70,170
2909,71,305
2909,72,407
2909,73,472
2909,74,374
2909,75,174
2909,76,304
2909,77,238
2909,78,331
2909,79,76
2909,80,852
2910,41,62
2910,42,762
2910,43,212
2910,44,966
2910,45,998
2910,46,935
2910,47,843
2910,48,812
2910,49,812
2910,50,750
2910,51,597
2910,52,626
2910,53,183
2910,54,657
2910,55,626
2910,56,812
2910,57,782
2910,58,813
2910,59,657
2910,60,657
2910,61,79
2910,62,655
2910,63,237
2910,64,630
2910,65,823
2910,66,757
2910,67,596
2910,68,404
2910,69,253
2910,70,406
2910,71,597
2910,72,699
2910,73,665
2910,74,569
2910,75,569
2910,76,505
2910,77,537
2910,78,473
2910,79,117
2910,80,117
2911,41,317
2911,42,671
2911,43,631
2911,44,1015
2911,45,1015
2911,46,702
2911,47,1014
2911,48,1014
2911,49,1015
2911,50,1015
2911,51,1015
2911,52,1015
2911,53,1015
2911,54,1015
2911,55,485
2911,56,951
2911,57,821
2911,58,596
2911,59,756
2911,60,440
2911,61,891
2911,62,832
2911,63,321
2911,64,886
2911,65,885
2911,66,54
2911,67,662
2911,68,821
2911,69,852
2911,70,856
2911,71,573
2911,72,984
2911,73,1015
2911,74,1015
2911,75,1015
2911,76,1015
2911,77,544
2911,78,1014
2911,79,70
2911,80,1014
2912,41,172
2912,42,752
2912,43,173
2912,44,142
2912,45,331
2912,46,174
2912,47,111
2912,48,173
2912,49,173
2912,50,170
2912,51,994
2912,52,683
2912,53,277
2912,54,406
2912,55,364
2912,56,428
2912,57,390
2912,58,161
2912,59,454
2912,60,449
2912,61,485
2912,62,883
2912,63,290
2912,64,70
2912,65,102
2912,66,102
2912,67,167
2912,68,103
2912,69,2
2912,70,68
2912,71,5
2912,72,822
2912,73,448
2912,74,131
2912,75,163
2912,76,120
2912,77,855
2912,78,71
2912,79,103
2912,80,70
2913,41,817
2913,42,494
2913,43,873
2913,44,681
2913,45,425
2913,46,338
2913,47,306
2913,48,242
2913,49,272
2913,50,237
2913,51,237
2913,52,104
2913,53,35
2913,54,405
2913,55,461
2913,56,275
2913,57,212
2913,58,244
2913,59,278
2913,60,306
2913,61,527
2913,62,729
2913,63,415
2913,64,875
2913,65,583
2913,66,712
2913,67,875
2913,68,941
2913,69,809
2913,70,1000
2913,71,872
2913,72,904
2913,73,681
2913,74,681
2913,75,552
2913,76,618
2913,77,557
2913,78,557
2913,79,431
2913,80,456
2914,41,788
2914,42,59
2914,43,777
2914,44,336
2914,45,304
2914,46,337
2914,47,336
2914,48,404
2914,49,163
2914,50,361
2914,51,244
2914,52,438
2914,53,237
2914,54,237
2914,55,271
2914,56,864
2914,57,898
2914,58,567
2914,59,86
2914,60,338
2914,61,7
2914,62,730
2914,63,466
2914,64,477
2914,65,478
2914,66,240
2914,67,468
2914,68,468
2914,69,438
2914,70,374
2914,71,404
2914,72,406
2914,73,280
2914,74,311
2914,75,311
2914,76,181
2914,77,154
2914,78,217
2914,79,218
2914,80,251
2915,41,985
2915,42,103
2915,43,405
2915,44,939
2915,45,390
2915,46,356
2915,47,389
2915,48,5
2915,49,661
2915,50,101
2915,51,356
2915,52,356
2915,53,199
2915,54,227
2915,55,101
2915,56,684
2915,57,193
2915,58,161
2915,59,616
2915,60,392
2915,61,151
2915,62,628
2915,63,295
2915,64,200
2915,65,391
2915,66,761
2915,67,388
2915,68,389
2915,69,327
2915,70,327
2915,71,132
2915,72,19
2915,73,264
2915,74,200
2915,75,166
2915,76,840
2915,77,133
2915,78,68
2915,79,35
2915,80,195
2916,41,204
2916,42,276
2916,43,286
2916,44,320
2916,45,224
2916,46,224
2916,47,223
2916,48,331
2916,49,581
2916,50,523
2916,51,280
2916,52,346
2916,53,254
2916,54,346
2916,55,441
2916,56,301
2916,57,377
2916,58,877
2916,59,275
2916,60,987
2916,61,116
2916,62,605
2916,63,925
2916,64,315
2916,65,251
2916,66,187
2916,67,156
2916,68,94
2916,69,974
2916,70,78
2916,71,157
2916,72,218
2916,73,473
2916,74,38
2916,75,378
2916,76,313
2916,77,224
2916,78,222
2916,79,188
2916,80,125
2917,41,12
2917,42,106
2917,43,289
2917,44,389
2917,45,419
2917,46,391
2917,47,391
2917,48,219
2917,49,452
2917,50,45
2917,51,450
2917,52,450
2917,53,357
2917,54,259
2917,55,323
2917,56,309
2917,57,369
2917,58,322
2917,59,663
2917,60,322
2917,61,426
2917,62,131
2917,63,1005
2917,64,195
2917,65,290
2917,66,356
2917,67,232
2917,68,101
2917,69,590
2917,70,67
2917,71,323
2917,72,768
2917,73,385
2917,74,687
2917,75,422
2917,76,422
2917,77,425
2917,78,395
2917,79,389
2917,80,356
2918,41,1013
2918,42,831
2918,43,2
2918,44,2
2918,45,67
2918,46,67
2918,47,314
2918,48,417
2918,49,417
2918,50,259
2918,51,481
2918,52,181
2918,53,809
2918,54,202
2918,55,304
2918,56,342
2918,57,344
2918,58,524
2918,59,354
2918,60,304
2918,61,170
2918,62,922
2918,63,2
2918,64,170
2918,65,170
2918,66,277
2918,67,344
2918,68,344
2918,69,309
2918,70,482
2918,71,944
2918,72,496
2918,73,433
2918,74,817
2918,75,431
2918,76,434
2918,77,402
2918,78,205
2918,79,426
2918,80,466
2919,41,973
2919,42,268
2919,43,424
2919,44,772
2919,45,617
2919,46,584
2919,47,302
2919,48,731
2919,49,454
2919,50,487
2919,51,456
2919,52,366
2919,53,336
2919,54,368
2919,55,368
2919,56,178
2919,57,304
2919,58,309
2919,59,410
2919,60,472
2919,61,26
2919,62,615
2919,63,530
2919,64,497
2919,65,459
2919,66,243
2919,67,594
2919,68,561
2919,69,468
2919,70,472
2919,71,740
2919,72,469
2919,73,157
2919,74,376
2919,75,46
2919,76,407
2919,77,236
2919,78,375
2919,79,345
2919,80,276
2920,41,46
2920,42,160
2920,43,211
2920,44,945
2920,45,184
2920,46,183
2920,47,546
2920,48,84
2920,49,313
2920,50,85
2920,51,149
2920,52,85
2920,53,20
2920,54,281
2920,55,91
2920,56,153
2920,57,182
2920,58,731
2920,59,844
2920,60,79
2920,61,829
2920,62,273
2920,63,295
2920,64,330
2920,65,610
2920,66,307
2920,67,218
2920,68,878
2920,69,117
2920,70,461
2920,71,117
2920,72,215
2920,73,182
2920,74,211
2920,75,179
2920,76,143
2920,77,177
2920,78,111
2920,79,210
2920,80,143
2921,41,826
2921,42,520
2921,43,741
2921,44,253
2921,45,766
2921,46,732
2921,47,667
2921,48,410
2921,49,602
2921,50,599
2921,51,597
2921,52,376
2921,53,765
2921,54,798
2921,55,1002
2921,56,992
2921,57,1024
2921,58,700
2921,59,863
2921,60,1024
2921,61,714
2921,62,794
2921,63,607
2921,64,607
2921,65,538
2921,66,602
2921,67,765
2921,68,734
2921,69,703
2921,70,733
2921,71,701
2921,72,798
2921,73,765
2921,74,895
2921,75,863
2921,76,864
2921,77,832
2921,78,960
2921,79,901
2921,80,863
2922,41,218
2922,42,495
2922,43,357
2922,44,389
2922,45,359
2922,46,202
2922,47,292
2922,48,227
2922,49,390
2922,50,323
2922,51,881
2922,52,842
2922,53,455
2922,54,454
2922,55,550
2922,56,550
2922,57,475
2922,58,612
2922,59,740
2922,60,707
2922,61,245
2922,62,493
2922,63,711
2922,64,390
2922,65,232
2922,66,102
2922,67,102
2922,68,321
2922,69,102
2922,70,236
2922,71,69
2922,72,326
2922,73,295
2922,74,776
2922,75,264
2922,76,358
2922,77,295
2922,78,327
2922,79,232
2922,80,682
2923,41,283
2923,42,129
2923,43,75
2923,44,107
2923,45,142
2923,46,205
2923,47,109
2923,48,44
2923,49,49
2923,50,18
2923,51,83
2923,52,115
2923,53,113
2923,54,247
2923,55,318
2923,56,117
2923,57,117
2923,58,369
2923,59,312
2923,60,756
2923,61,569
2923,62,244
2923,63,323
2923,64,212
2923,65,951
2923,66,344
2923,67,309
2923,68,213
2923,69,181
2923,70,146
2923,71,115
2923,72,146
2923,73,309
2923,74,312
2923,75,309
2923,76,276
2923,77,392
2923,78,210
2923,79,343
2923,80,183
2924,41,88
2924,42,649
2924,43,566
2924,44,395
2924,45,362
2924,46,278
2924,47,392
2924,48,362
2924,49,51
2924,50,167
2924,51,297
2924,52,296
2924,53,295
2924,54,269
2924,55,299
2924,56,822
2924,57,428
2924,58,289
2924,59,981
2924,60,259
2924,61,750
2924,62,134
2924,63,172
2924,64,202
2924,65,205
2924,66,902
2924,67,303
2924,68,825
2924,69,208
2924,70,304
2924,71,645
2924,72,305
2924,73,74
2924,74,306
2924,75,304
2924,76,167
2924,77,468
2924,78,433
2924,79,529
2924,80,531
2925,41,1010
2925,42,624
2925,43,172
2925,44,141
2925,45,110
2925,46,141
2925,47,108
2925,48,141
2925,49,204
2925,50,205
2925,51,331
2925,52,362
2925,53,31
2925,54,246
2925,55,279
2925,56,577
2925,57,312
2925,58,280
2925,59,280
2925,60,150
2925,61,436
2925,62,165
2925,63,172
2925,64,299
2925,65,941
2925,66,331
2925,67,298
2925,68,394
2925,69,365
2925,70,338
2925,71,366
2925,72,275
2925,73,246
2925,74,246
2925,75,306
2925,76,337
2925,77,118
2925,78,22
2925,79,117
2925,80,117
2926,41,311
2926,42,701
2926,43,538
2926,44,430
2926,45,421
2926,46,948
2926,47,674
2926,48,451
2926,49,425
2926,50,398
2926,51,831
2926,52,273
2926,53,238
2926,54,188
2926,55,203
2926,56,310
2926,57,342
2926,58,785
2926,59,275
2926,60,203
2926,61,644
2926,62,623
2926,63,297
2926,64,330
2926,65,200
2926,66,199
2926,67,199
2926,68,705
2926,69,305
2926,70,233
2926,71,265
2926,72,71
2926,73,369
2926,74,203
2926,75,376
2926,76,87
2926,77,307
2926,78,238
2926,79,40
2926,80,800
2927,41,585
2927,42,479
2927,43,271
2927,44,1017
2927,45,169
2927,46,137
2927,47,170
2927,48,136
2927,49,37
2927,50,1023
2927,51,35
2927,52,103
2927,53,68
2927,54,272
2927,55,500
2927,56,104
2927,57,319
2927,58,236
2927,59,732
2927,60,932
2927,61,461
2927,62,810
2927,63,776
2927,64,808
2927,65,808
2927,66,859
2927,67,425
2927,68,478
2927,69,477
2927,70,762
2927,71,61
2927,72,728
2927,73,762
2927,74,762
2927,75,728
2927,76,814
2927,77,728
2927,78,8
2927,79,728
2927,80,173
2928,41,544
2928,42,763
2928,43,104
2928,44,131
2928,45,101
2928,46,101
2928,47,361
2928,48,335
2928,49,4
2928,50,163
2928,51,5
2928,52,246
2928,53,660
2928,54,291
2928,55,130
2928,56,36
2928,57,35
2928,58,156
2928,59,103
2928,60,352
2928,61,490
2928,62,163
2928,63,133
2928,64,74
2928,65,592
2928,66,73
2928,67,73
2928,68,73
2928,69,309
2928,70,36
2928,71,5
2928,72,5
2928,73,100
2928,74,69
2928,75,69
2928,76,69
2928,77,69
2928,78,67
2928,79,844
2928,80,69
2929,41,224
2929,42,686
2929,43,474
2929,44,444
2929,45,443
2929,46,444
2929,47,478
2929,48,152
2929,49,250
2929,50,133
2929,51,84
2929,52,247
2929,53,276
2929,54,137
2929,55,268
2929,56,331
2929,57,448
2929,58,174
2929,59,771
2929,60,267
2929,61,48
2929,62,779
2929,63,476
2929,64,671
2929,65,672
2929,66,671
2929,67,639
2929,68,84
2929,69,640
2929,70,635
2929,71,22
2929,72,82
2929,73,601
2929,74,536
2929,75,142
2929,76,862
2929,77,728
2929,78,695
2929,79,728
2929,80,728
2930,41,523
2930,42,674
2930,43,417
2930,44,227
2930,45,168
2930,46,257
2930,47,211
2930,48,243
2930,49,274
2930,50,271
2930,51,598
2930,52,602
2930,53,304
2930,54,203
2930,55,237
2930,56,172
2930,57,419
2930,58,205
2930,59,169
2930,60,271
2930,61,591
2930,62,611
2930,63,279
2930,64,60
2930,65,766
2930,66,228
2930,67,577
2930,68,418
2930,69,386
2930,70,452
2930,71,450
2930,72,322
2930,73,678
2930,74,420
2930,75,386
2930,76,449
2930,77,449
2930,78,642
2930,79,452
2930,80,287
2931,41,503
2931,42,595
2931,43,424
2931,44,290
2931,45,291
2931,46,387
2931,47,417
2931,48,227
2931,49,324
2931,50,131
2931,51,161
2931,52,164
2931,53,199
2931,54,336
2931,55,140
2931,56,291
2931,57,290
2931,58,356
2931,59,322
2931,60,481
2931,61,916
2931,62,194
2931,63,164
2931,64,135
2931,65,174
2931,66,108
2931,67,931
2931,68,267
2931,69,236
2931,70,267
2931,71,139
2931,72,109
2931,73,109
2931,74,71
2931,75,100
2931,76,79
2931,77,110
2931,78,140
2931,79,48
2931,80,110
2932,41,664
2932,42,832
2932,43,342
2932,44,278
2932,45,345
2932,46,309
2932,47,343
2932,48,343
2932,49,376
2932,50,590
2932,51,344
2932,52,311
2932,53,311
2932,54,292
2932,55,650
2932,56,311
2932,57,311
2932,58,311
2932,59,311
2932,60,759
2932,61,974
2932,62,797
2932,63,443
2932,64,443
2932,65,122
2932,66,443
2932,67,443
2932,68,179
2932,69,342
2932,70,312
2932,71,345
2932,72,244
2932,73,493
2932,74,277
2932,75,343
2932,76,409
2932,77,113
2932,78,242
2932,79,241
2932,80,210
2933,41,412
2933,42,522
2933,43,717
2933,44,393
2933,45,363
2933,46,173
2933,47,521
2933,48,79
2933,49,454
2933,50,46
2933,51,172
2933,52,299
2933,53,205
2933,54,138
2933,55,74
2933,56,106
2933,57,106
2933,58,76
2933,59,73
2933,60,656
2933,61,924
2933,62,965
2933,63,236
2933,64,299
2933,65,76
2933,66,204
2933,67,141
2933,68,74
2933,69,42
2933,70,9
2933,71,9
2933,72,72
2933,73,44
2933,74,13
2933,75,77
2933,76,140
2933,77,74
2933,78,108
2933,79,352
2933,80,140
2934,41,61
2934,42,232
2934,43,929
2934,44,5
2934,45,70
2934,46,148
2934,47,104
2934,48,137
2934,49,271
2934,50,137
2934,51,306
2934,52,167
2934,53,200
2934,54,167
2934,55,169
2934,56,306
2934,57,246
2934,58,94
2934,59,185
2934,60,154
2934,61,760
2934,62,467
2934,63,304
2934,64,70
2934,65,170
2934,66,168
2934,67,922
2934,68,944
2934,69,100
2934,70,68
2934,71,37
2934,72,93
2934,73,439
2934,74,104
2934,75,306
2934,76,304
2934,77,254
2934,78,271
2934,79,359
2934,80,238
2935,41,818
2935,42,422
2935,43,347
2935,44,195
2935,45,163
2935,46,226
2935,47,133
2935,48,99
2935,49,68
2935,50,102
2935,51,70
2935,52,69
2935,53,69
2935,54,164
2935,55,232
2935,56,295
2935,57,397
2935,58,102
2935,59,102
2935,60,133
2935,61,42
2935,62,611
2935,63,962
2935,64,47
2935,65,161
2935,66,167
2935,67,138
2935,68,111
2935,69,76
2935,70,173
2935,71,169
2935,72,310
2935,73,132
2935,74,520
2935,75,131
2935,76,131
2935,77,595
2935,78,168
2935,79,422
2935,80,199
2936,41,314
2936,42,311
2936,43,562
2936,44,529
2936,45,474
2936,46,620
2936,47,151
2936,48,460
2936,49,558
2936,50,558
2936,51,532
2936,52,402
2936,53,543
2936,54,666
2936,55,343
2936,56,311
2936,57,477
2936,58,472
2936,59,472
2936,60,472
2936,61,440
2936,62,973
2936,63,666
2936,64,795
2936,65,794
2936,66,761
2936,67,729
2936,68,668
2936,69,662
2936,70,504
2936,71,564
2936,72,598
2936,73,662
2936,74,825
2936,75,892
2936,76,823
2936,77,859
2936,78,794
2936,79,137
2936,80,699
2937,41,687
2937,42,158
2937,43,187
2937,44,263
2937,45,247
2937,46,312
2937,47,247
2937,48,588
2937,49,198
2937,50,275
2937,51,147
2937,52,147
2937,53,212
2937,54,175
2937,55,214
2937,56,214
2937,57,1024
2937,58,178
2937,59,79
2937,60,570
2937,61,502
2937,62,720
2937,63,237
2937,64,137
2937,65,236
2937,66,1022
2937,67,237
2937,68,272
2937,69,276
2937,70,305
2937,71,277
2937,72,882
2937,73,484
2937,74,81
2937,75,172
2937,76,232
2937,77,138
2937,78,110
2937,79,483
2937,80,44
2938,41,579
2938,42,60
2938,43,356
2938,44,161
2938,45,425
2938,46,163
2938,47,323
2938,48,291
2938,49,397
2938,50,670
2938,51,130
2938,52,130
2938,53,131
2938,54,98
2938,55,64
2938,56,100
2938,57,163
2938,58,132
2938,59,460
2938,60,68
2938,61,330
2938,62,241
2938,63,289
2938,64,289
2938,65,323
2938,66,289
2938,67,289
2938,68,291
2938,69,323
2938,70,354
2938,71,132
2938,72,218
2938,73,163
2938,74,912
2938,75,131
2938,76,161
2938,77,131
2938,78,162
2938,79,164
2938,80,101
2939,41,238
2939,42,949
2939,43,706
2939,44,63
2939,45,1
2939,46,36
2939,47,529
2939,48,65
2939,49,65
2939,50,66
2939,51,130
2939,52,36
2939,53,67
2939,54,70
2939,55,75
2939,56,1001
2939,57,66
2939,58,356
2939,59,66
2939,60,66
2939,61,661
2939,62,547
2939,63,154
2939,64,34
2939,65,34
2939,66,775
2939,67,36
2939,68,98
2939,69,396
2939,70,77
2939,71,101
2939,72,134
2939,73,38
2939,74,931
2939,75,70
2939,76,359
2939,77,359
2939,78,233
2939,79,656
2939,80,264
2940,41,333
2940,42,212
2940,43,771
2940,44,772
2940,45,720
2940,46,177
2940,47,111
2940,48,142
2940,49,142
2940,50,111
2940,51,79
2940,52,110
2940,53,181
2940,54,209
2940,55,143
2940,56,142
2940,57,608
2940,58,460
2940,59,243
2940,60,172
2940,61,976
2940,62,771
2940,63,143
2940,64,720
2940,65,144
2940,66,144
2940,67,110
2940,68,142
2940,69,591
2940,70,268
2940,71,643
2940,72,892
2940,73,144
2940,74,177
2940,75,210
2940,76,210
2940,77,112
2940,78,1
2940,79,851
2940,80,657
2941,41,438
2941,42,89
2941,43,785
2941,44,211
2941,45,885
2941,46,852
2941,47,918
2941,48,918
2941,49,853
2941,50,855
2941,51,727
2941,52,1004
2941,53,591
2941,54,823
2941,55,572
2941,56,104
2941,57,822
2941,58,58
2941,59,856
2941,60,889
2941,61,961
2941,62,7
2941,63,584
2941,64,456
2941,65,584
2941,66,583
2941,67,875
2941,68,520
2941,69,713
2941,70,683
2941,71,649
2941,72,683
2941,73,584
2941,74,520
2941,75,487
2941,76,104
2941,77,713
2941,78,810
2941,79,777
2941,80,487
2942,41,752
2942,42,347
2942,43,654
2942,44,450
2942,45,450
2942,46,610
2942,47,577
2942,48,675
2942,49,420
2942,50,420
2942,51,420
2942,52,420
2942,53,421
2942,54,452
2942,55,888
2942,56,385
2942,57,449
2942,58,513
2942,59,227
2942,60,828
2942,61,197
2942,62,351
2942,63,355
2942,64,425
2942,65,425
2942,66,295
2942,67,5
2942,68,359
2942,69,200
2942,70,167
2942,71,264
2942,72,264
2942,73,264
2942,74,264
2942,75,199
2942,76,974
2942,77,604
2942,78,356
2942,79,417
2942,80,323
2943,41,433
2943,42,329
2943,43,892
2943,44,862
2943,45,667
2943,46,410
2943,47,732
2943,48,868
2943,49,224
2943,50,161
2943,51,604
2943,52,575
2943,53,538
2943,54,538
2943,55,634
2943,56,890
2943,57,888
2943,58,952
2943,59,890
2943,60,1012
2943,61,785
2943,62,537
2943,63,634
2943,64,287
2943,65,560
2943,66,845
2943,67,626
2943,68,57
2943,69,843
2943,70,881
2943,71,243
2943,72,244
2943,73,997
2943,74,36
2943,75,562
2943,76,601
2943,77,601
2943,78,973
2943,79,576
2943,80,603
2944,41,525
2944,42,841
2944,43,436
2944,44,975
2944,45,436
2944,46,532
2944,47,553
2944,48,390
2944,49,476
2944,50,476
2944,51,470
2944,52,466
2944,53,504
2944,54,11
2944,55,837
2944,56,744
2944,57,742
2944,58,712
2944,59,616
2944,60,584
2944,61,71
2944,62,974
2944,63,724
2944,64,294
2944,65,533
2944,66,692
2944,67,596
2944,68,658
2944,69,598
2944,70,594
2944,71,750
2944,72,626
2944,73,719
2944,74,863
2944,75,748
2944,76,684
2944,77,649
2944,78,456
2944,79,972
2944,80,436
2945,41,633
2945,42,897
2945,43,66
2945,44,121
2945,45,99
2945,46,534
2945,47,290
2945,48,357
2945,49,665
2945,50,466
2945,51,598
2945,52,357
2945,53,289
2945,54,289
2945,55,466
2945,56,356
2945,57,391
2945,58,391
2945,59,391
2945,60,295
2945,61,396
2945,62,175
2945,63,101
2945,64,67
2945,65,98
2945,66,131
2945,67,240
2945,68,36
2945,69,572
2945,70,67
2945,71,5
2945,72,67
2945,73,35
2945,74,99
2945,75,259
2945,76,37
2945,77,3
2945,78,35
2945,79,42
2945,80,74
2946,41,276
2946,42,340
2946,43,485
2946,44,65
2946,45,670
2946,46,542
2946,47,540
2946,48,538
2946,49,207
2946,50,647
2946,51,672
2946,52,671
2946,53,671
2946,54,509
2946,55,575
2946,56,443
2946,57,542
2946,58,1006
2946,59,443
2946,60,411
2946,61,721
2946,62,852
2946,63,767
2946,64,474
2946,65,640
2946,66,476
2946,67,542
2946,68,539
2946,69,538
2946,70,573
2946,71,443
2946,72,411
2946,73,640
2946,74,672
2946,75,960
2946,76,574
2946,77,604
2946,78,509
2946,79,410
2946,80,444
2947,41,2
2947,42,64
2947,43,622
2947,44,622
2947,45,622
2947,46,718
2947,47,499
2947,48,782
2947,49,657
2947,50,657
2947,51,505
2947,52,530
2947,53,485
2947,54,530
2947,55,530
2947,56,595
2947,57,719
2947,58,785
2947,59,785
2947,60,556
2947,61,279
2947,62,541
2947,63,683
2947,64,683
2947,65,683
2947,66,979
2947,67,683
2947,68,683
2947,69,719
2947,70,785
2947,71,785
2947,72,690
2947,73,716
2947,74,571
2947,75,751
2947,76,785
2947,77,785
2947,78,752
2947,79,654
2947,80,752
2948,41,680
2948,42,651
2948,43,449
2948,44,449
2948,45,323
2948,46,195
2948,47,195
2948,48,131
2948,49,323
2948,50,199
2948,51,199
2948,52,246
2948,53,133
2948,54,162
2948,55,604
2948,56,84
2948,57,448
2948,58,323
2948,59,417
2948,60,426
2948,61,41
2948,62,3
2948,63,460
2948,64,396
2948,65,422
2948,66,390
2948,67,394
2948,68,878
2948,69,428
2948,70,493
2948,71,557
2948,72,428
2948,73,432
2948,74,496
2948,75,560
2948,76,431
2948,77,461
2948,78,461
2948,79,396
2948,80,428
2949,41,812
2949,42,58
2949,43,317
2949,44,613
2949,45,613
2949,46,613
2949,47,744
2949,48,745
2949,49,389
2949,50,365
2949,51,336
2949,52,276
2949,53,573
2949,54,530
2949,55,591
2949,56,623
2949,57,623
2949,58,623
2949,59,560
2949,60,592
2949,61,268
2949,62,795
2949,63,497
2949,64,356
2949,65,417
2949,66,394
2949,67,518
2949,68,426
2949,69,428
2949,70,993
2949,71,420
2949,72,596
2949,73,597
2949,74,597
2949,75,562
2949,76,432
2949,77,430
2949,78,421
2949,79,419
2949,80,452
2950,41,466
2950,42,757
2950,43,290
2950,44,724
2950,45,760
2950,46,695
2950,47,756
2950,48,754
2950,49,474
2950,50,1007
2950,51,115
2950,52,785
2950,53,979
2950,54,564
2950,55,628
2950,56,627
2950,57,628
2950,58,756
2950,59,660
2950,60,311
2950,61,760
2950,62,700
2950,63,668
2950,64,755
2950,65,877
2950,66,1006
2950,67,817
2950,68,725
2950,69,757
2950,70,789
2950,71,786
2950,72,820
2950,73,853
2950,74,886
2950,75,853
2950,76,855
2950,77,266
2950,78,561
2950,79,692
2950,80,724
2951,41,763
2951,42,990
2951,43,734
2951,44,598
2951,45,454
2951,46,536
2951,47,536
2951,48,536
2951,49,535
2951,50,598
2951,51,725
2951,52,693
2951,53,562
2951,54,595
2951,55,562
2951,56,718
2951,57,566
2951,58,695
2951,59,695
2951,60,695
2951,61,28
2951,62,793
2951,63,132
2951,64,600
2951,65,596
2951,66,536
2951,67,901
2951,68,385
2951,69,739
2951,70,153
2951,71,660
2951,72,817
2951,73,908
2951,74,973
2951,75,875
2951,76,590
2951,77,974
2951,78,1003
2951,79,911
2951,80,787
2952,41,429
2952,42,215
2952,43,472
2952,44,468
2952,45,233
2952,46,473
2952,47,1018
2952,48,473
2952,49,440
2952,50,473
2952,51,64
2952,52,84
2952,53,117
2952,54,149
2952,55,313
2952,56,269
2952,57,539
2952,58,117
2952,59,949
2952,60,117
2952,61,397
2952,62,273
2952,63,429
2952,64,429
2952,65,471
2952,66,673
2952,67,447
2952,68,374
2952,69,504
2952,70,508
2952,71,362
2952,72,438
2952,73,501
2952,74,499
2952,75,240
2952,76,593
2952,77,499
2952,78,529
2952,79,398
2952,80,429
2953,41,920
2953,42,359
2953,43,103
2953,44,102
2953,45,102
2953,46,102
2953,47,482
2953,48,747
2953,49,135
2953,50,101
2953,51,373
2953,52,132
2953,53,101
2953,54,132
2953,55,200
2953,56,422
2953,57,519
2953,58,519
2953,59,550
2953,60,550
2953,61,87
2953,62,484
2953,63,168
2953,64,162
2953,65,611
2953,66,199
2953,67,165
2953,68,675
2953,69,168
2953,70,167
2953,71,713
2953,72,135
2953,73,102
2953,74,334
2953,75,134
2953,76,135
2953,77,274
2953,78,107
2953,79,102
2953,80,571
2954,41,203
2954,42,777
2954,43,389
2954,44,421
2954,45,421
2954,46,358
2954,47,295
2954,48,345
2954,49,389
2954,50,326
2954,51,719
2954,52,297
2954,53,885
2954,54,793
2954,55,214
2954,56,295
2954,57,366
2954,58,232
2954,59,199
2954,60,135
2954,61,702
2954,62,717
2954,63,421
2954,64,421
2954,65,421
2954,66,421
2954,67,420
2954,68,388
2954,69,78
2954,70,387
2954,71,389
2954,72,59
2954,73,420
2954,74,420
2954,75,420
2954,76,420
2954,77,421
2954,78,421
2954,79,421
2954,80,725
2955,41,903
2955,42,626
2955,43,938
2955,44,188
2955,45,864
2955,46,830
2955,47,798
2955,48,666
2955,49,825
2955,50,855
2955,51,888
2955,52,1016
2955,53,1016
2955,54,984
2955,55,789
2955,56,920
2955,57,447
2955,58,855
2955,59,472
2955,60,702
2955,61,815
2955,62,489
2955,63,339
2955,64,471
2955,65,438
2955,66,375
2955,67,276
2955,68,210
2955,69,125
2955,70,275
2955,71,146
2955,72,212
2955,73,147
2955,74,307
2955,75,338
2955,76,625
2955,77,471
2955,78,537
2955,79,537
2955,80,537
2956,41,586
2956,42,145
2956,43,564
2956,44,599
2956,45,315
2956,46,992
2956,47,992
2956,48,703
2956,49,763
2956,50,700
2956,51,570
2956,52,346
2956,53,344
2956,54,218
2956,55,764
2956,56,251
2956,57,69
2956,58,381
2956,59,415
2956,60,78
2956,61,139
2956,62,476
2956,63,587
2956,64,618
2956,65,584
2956,66,327
2956,67,327
2956,68,200
2956,69,200
2956,70,200
2956,71,135
2956,72,232
2956,73,137
2956,74,139
2956,75,37
2956,76,198
2956,77,199
2956,78,89
2956,79,132
2956,80,132
2957,41,48
2957,42,216
2957,43,431
2957,44,468
2957,45,499
2957,46,498
2957,47,467
2957,48,431
2957,49,424
2957,50,617
2957,51,76
2957,52,290
2957,53,499
2957,54,530
2957,55,23
2957,56,735
2957,57,962
2957,58,652
2957,59,456
2957,60,909
2957,61,345
2957,62,777
2957,63,467
2957,64,470
2957,65,808
2957,66,128
2957,67,745
2957,68,15
2957,69,160
2957,70,740
2957,71,115
2957,72,586
2957,73,617
2957,74,480
2957,75,648
2957,76,808
2957,77,391
2957,78,366
2957,79,425
2957,80,432
2958,41,957
2958,42,585
2958,43,809
2958,44,872
2958,45,773
2958,46,808
2958,47,456
2958,48,552
2958,49,425
2958,50,357
2958,51,520
2958,52,776
2958,53,650
2958,54,617
2958,55,682
2958,56,779
2958,57,842
2958,58,756
2958,59,873
2958,60,997
2958,61,682
2958,62,473
2958,63,805
2958,64,1000
2958,65,936
2958,66,968
2958,67,488
2958,68,703
2958,69,974
2958,70,941
2958,71,1006
2958,72,908
2958,73,681
2958,74,681
2958,75,842
2958,76,415
2958,77,657
2958,78,967
2958,79,839
2958,80,843
2959,41,834
2959,42,912
2959,43,36
2959,44,72
2959,45,9
2959,46,467
2959,47,41
2959,48,108
2959,49,9
2959,50,542
2959,51,187
2959,52,7
2959,53,154
2959,54,165
2959,55,151
2959,56,165
2959,57,629
2959,58,139
2959,59,139
2959,60,137
2959,61,425
2959,62,937
2959,63,139
2959,64,168
2959,65,137
2959,66,143
2959,67,1020
2959,68,906
2959,69,488
2959,70,895
2959,71,390
2959,72,326
2959,73,327
2959,74,865
2959,75,232
2959,76,232
2959,77,359
2959,78,134
2959,79,327
2959,80,342
2960,41,718
2960,42,537
2960,43,342
2960,44,434
2960,45,643
2960,46,402
2960,47,170
2960,48,104
2960,49,618
2960,50,2
2960,51,68
2960,52,33
2960,53,35
2960,54,34
2960,55,2
2960,56,67
2960,57,385
2960,58,227
2960,59,2
2960,60,517
2960,61,370
2960,62,291
2960,63,66
2960,64,68
2960,65,67
2960,66,165
2960,67,161
2960,68,199
2960,69,163
2960,70,259
2960,71,290
2960,72,99
2960,73,356
2960,74,354
2960,75,323
2960,76,227
2960,77,227
2960,78,195
2960,79,131
2960,80,68
2961,41,314
2961,42,662
2961,43,472
2961,44,422
2961,45,289
2961,46,290
2961,47,227
2961,48,133
2961,49,167
2961,50,167
2961,51,263
2961,52,426
2961,53,997
2961,54,60
2961,55,216
2961,56,278
2961,57,1001
2961,58,375
2961,59,310
2961,60,343
2961,61,803
2961,62,839
2961,63,278
2961,64,343
2961,65,242
2961,66,437
2961,67,435
2961,68,245
2961,69,245
2961,70,343
2961,71,374
2961,72,509
2961,73,509
2961,74,470
2961,75,505
2961,76,346
2961,77,344
2961,78,568
2961,79,241
2961,80,537
2962,41,4
2962,42,642
2962,43,375
2962,44,278
2962,45,404
2962,46,406
2962,47,596
2962,48,338
2962,49,97
2962,50,598
2962,51,509
2962,52,602
2962,53,540
2962,54,607
2962,55,758
2962,56,468
2962,57,209
2962,58,795
2962,59,475
2962,60,477
2962,61,36
2962,62,735
2962,63,756
2962,64,786
2962,65,342
2962,66,404
2962,67,96
2962,68,404
2962,69,437
2962,70,406
2962,71,653
2962,72,596
2962,73,535
2962,74,596
2962,75,956
2962,76,574
2962,77,607
2962,78,640
2962,79,603
2962,80,603
2963,41,220
2963,42,831
2963,43,391
2963,44,135
2963,45,454
2963,46,391
2963,47,134
2963,48,233
2963,49,327
2963,50,290
2963,51,356
2963,52,227
2963,53,395
2963,54,393
2963,55,423
2963,56,456
2963,57,455
2963,58,616
2963,59,1021
2963,60,423
2963,61,431
2963,62,246
2963,63,402
2963,64,810
2963,65,117
2963,66,167
2963,67,200
2963,68,241
2963,69,456
2963,70,359
2963,71,326
2963,72,295
2963,73,392
2963,74,394
2963,75,434
2963,76,697
2963,77,276
2963,78,393
2963,79,362
2963,80,651
2964,41,928
2964,42,62
2964,43,941
2964,44,339
2964,45,1001
2964,46,908
2964,47,911
2964,48,880
2964,49,15
2964,50,443
2964,51,880
2964,52,817
2964,53,817
2964,54,1001
2964,55,1001
2964,56,1001
2964,57,1002
2964,58,1001
2964,59,1002
2964,60,1002
2964,61,419
2964,62,570
2964,63,365
2964,64,460
2964,65,493
2964,66,320
2964,67,423
2964,68,364
2964,69,394
2964,70,363
2964,71,323
2964,72,245
2964,73,195
2964,74,161
2964,75,736
2964,76,385
2964,77,532
2964,78,357
2964,79,362
2964,80,389
2965,41,482
2965,42,719
2965,43,144
2965,44,274
2965,45,179
2965,46,243
2965,47,181
2965,48,52
2965,49,117
2965,50,183
2965,51,150
2965,52,249
2965,53,1022
2965,54,184
2965,55,487
2965,56,342
2965,57,304
2965,58,37
2965,59,284
2965,60,363
2965,61,817
2965,62,525
2965,63,98
2965,64,843
2965,65,306
2965,66,243
2965,67,146
2965,68,211
2965,69,177
2965,70,178
2965,71,142
2965,72,272
2965,73,237
2965,74,69
2965,75,177
2965,76,69
2965,77,746
2965,78,700
2965,79,552
2965,80,741
2966,41,984
2966,42,608
2966,43,104
2966,44,104
2966,45,342
2966,46,452
2966,47,497
2966,48,322
2966,49,399
2966,50,986
2966,51,336
2966,52,395
2966,53,466
2966,54,871
2966,55,424
2966,56,424
2966,57,432
2966,58,352
2966,59,557
2966,60,1006
2966,61,677
2966,62,739
2966,63,71
2966,64,71
2966,65,102
2966,66,102
2966,67,102
2966,68,304
2966,69,304
2966,70,366
2966,71,333
2966,72,396
2966,73,460
2966,74,428
2966,75,427
2966,76,431
2966,77,432
2966,78,499
2966,79,532
2966,80,362
2967,41,680
2967,42,425
2967,43,955
2967,44,988
2967,45,988
2967,46,859
2967,47,856
2967,48,728
2967,49,412
2967,50,805
2967,51,1012
2967,52,856
2967,53,859
2967,54,825
2967,55,501
2967,56,892
2967,57,798
2967,58,895
2967,59,665
2967,60,666
2967,61,792
2967,62,198
2967,63,315
2967,64,245
2967,65,441
2967,66,375
2967,67,275
2967,68,342
2967,69,275
2967,70,276
2967,71,677
2967,72,170
2967,73,422
2967,74,385
2967,75,578
2967,76,621
2967,77,676
2967,78,647
2967,79,646
2967,80,809
2968,41,372
2968,42,107
2968,43,701
2968,44,445
2968,45,413
2968,46,416
2968,47,448
2968,48,480
2968,49,478
2968,50,570
2968,51,442
2968,52,57
2968,53,478
2968,54,575
2968,55,640
2968,56,574
2968,57,563
2968,58,540
2968,59,471
2968,60,269
2968,61,688
2968,62,36
2968,63,505
2968,64,505
2968,65,376
2968,66,309
2968,67,343
2968,68,476
2968,69,343
2968,70,343
2968,71,441
2968,72,249
2968,73,602
2968,74,326
2968,75,765
2968,76,864
2968,77,387
2968,78,733
2968,79,581
2968,80,763
2969,41,333
2969,42,773
2969,43,173
2969,44,74
2969,45,977
2969,46,2
2969,47,236
2969,48,276
2969,49,3
2969,50,131
2969,51,164
2969,52,162
2969,53,195
2969,54,2
2969,55,3
2969,56,34
2969,57,168
2969,58,199
2969,59,102
2969,60,37
2969,61,530
2969,62,470
2969,63,304
2969,64,203
2969,65,265
2969,66,267
2969,67,1
2969,68,3
2969,69,37
2969,70,1
2969,71,99
2969,72,72
2969,73,168
2969,74,512
2969,75,136
2969,76,37
2969,77,3
2969,78,839
2969,79,780
2969,80,102
2970,41,521
2970,42,915
2970,43,997
2970,44,337
2970,45,275
2970,46,375
2970,47,242
2970,48,433
2970,49,439
2970,50,466
2970,51,289
2970,52,289
2970,53,289
2970,54,355
2970,55,425
2970,56,493
2970,57,402
2970,58,570
2970,59,478
2970,60,433
2970,61,213
2970,62,723
2970,63,391
2970,64,395
2970,65,365
2970,66,367
2970,67,649
2970,68,204
2970,69,240
2970,70,747
2970,71,335
2970,72,361
2970,73,983
2970,74,461
2970,75,443
2970,76,306
2970,77,280
2970,78,312
2970,79,361
2970,80,100
2971,41,385
2971,42,422
2971,43,717
2971,44,153
2971,45,153
2971,46,181
2971,47,122
2971,48,93
2971,49,153
2971,50,122
2971,51,185
2971,52,188
2971,53,191
2971,54,218
2971,55,282
2971,56,156
2971,57,219
2971,58,188
2971,59,218
2971,60,285
2971,61,621
2971,62,29
2971,63,476
2971,64,640
2971,65,542
2971,66,60
2971,67,540
2971,68,506
2971,69,538
2971,70,20
2971,71,602
2971,72,635
2971,73,348
2971,74,541
2971,75,541
2971,76,576
2971,77,576
2971,78,640
2971,79,479
2971,80,235
2972,41,342
2972,42,569
2972,43,373
2972,44,335
2972,45,394
2972,46,360
2972,47,428
2972,48,4
2972,49,424
2972,50,451
2972,51,424
2972,52,283
2972,53,334
2972,54,334
2972,55,365
2972,56,240
2972,57,859
2972,58,427
2972,59,425
2972,60,423
2972,61,567
2972,62,132
2972,63,365
2972,64,393
2972,65,428
2972,66,424
2972,67,431
2972,68,424
2972,69,488
2972,70,324
2972,71,449
2972,72,1004
2972,73,168
2972,74,450
2972,75,450
2972,76,487
2972,77,518
2972,78,518
2972,79,330
2972,80,518
2973,41,485
2973,42,411
2973,43,86
2973,44,151
2973,45,153
2973,46,187
2973,47,154
2973,48,804
2973,49,91
2973,50,28
2973,51,91
2973,52,64
2973,53,29
2973,54,185
2973,55,95
2973,56,64
2973,57,60
2973,58,29
2973,59,64
2973,60,1017
2973,61,674
2973,62,725
2973,63,95
2973,64,32
2973,65,63
2973,66,64
2973,67,58
2973,68,973
2973,69,93
2973,70,244
2973,71,60
2973,72,95
2973,73,325
2973,74,64
2973,75,478
2973,76,93
2973,77,185
2973,78,27
2973,79,360
2973,80,25
2974,41,144
2974,42,560
2974,43,79
2974,44,537
2974,45,537
2974,46,537
2974,47,506
2974,48,475
2974,49,477
2974,50,542
2974,51,539
2974,52,373
2974,53,544
2974,54,606
2974,55,476
2974,56,397
2974,57,542
2974,58,539
2974,59,477
2974,60,672
2974,61,679
2974,62,805
2974,63,537
2974,64,537
2974,65,537
2974,66,505
2974,67,505
2974,68,504
2974,69,537
2974,70,537
2974,71,537
2974,72,505
2974,73,505
2974,74,509
2974,75,575
2974,76,607
2974,77,476
2974,78,475
2974,79,479
2974,80,477
2975,41,533
2975,42,225
2975,43,883
2975,44,102
2975,45,70
2975,46,617
2975,47,72
2975,48,132
2975,49,38
2975,50,5
2975,51,68
2975,52,102
2975,53,232
2975,54,200
2975,55,8
2975,56,406
2975,57,70
2975,58,232
2975,59,728
2975,60,419
2975,61,479
2975,62,367
2975,63,2
2975,64,164
2975,65,3
2975,66,70
2975,67,99
2975,68,99
2975,69,69
2975,70,35
2975,71,195
2975,72,327
2975,73,908
2975,74,606
2975,75,851
2975,76,740
2975,77,805
2975,78,516
2975,79,689
2975,80,291
2976,41,49
2976,42,737
2976,43,496
2976,44,210
2976,45,308
2976,46,81
2976,47,113
2976,48,27
2976,49,21
2976,50,176
2976,51,143
2976,52,144
2976,53,243
2976,54,250
2976,55,275
2976,56,306
2976,57,271
2976,58,242
2976,59,223
2976,60,176
2976,61,72
2976,62,566
2976,63,109
2976,64,40
2976,65,72
2976,66,38
2976,67,70
2976,68,67
2976,69,100
2976,70,99
2976,71,623
2976,72,166
2976,73,117
2976,74,34
2976,75,70
2976,76,4
2976,77,36
2976,78,145
2976,79,163
2976,80,100
2977,41,184
2977,42,486
2977,43,498
2977,44,169
2977,45,167
2977,46,465
2977,47,267
2977,48,428
2977,49,429
2977,50,289
2977,51,257
2977,52,327
2977,53,233
2977,54,699
2977,55,236
2977,56,137
2977,57,41
2977,58,42
2977,59,109
2977,60,110
2977,61,955
2977,62,802
2977,63,506
2977,64,276
2977,65,235
2977,66,813
2977,67,136
2977,68,36
2977,69,34
2977,70,3
2977,71,34
2977,72,102
2977,73,36
2977,74,683
2977,75,199
2977,76,327
2977,77,943
2977,78,200
2977,79,135
2977,80,538
2978,41,118
2978,42,439
2978,43,586
2978,44,731
2978,45,391
2978,46,802
2978,47,363
2978,48,242
2978,49,169
2978,50,169
2978,51,236
2978,52,892
2978,53,141
2978,54,895
2978,55,948
2978,56,682
2978,57,585
2978,58,851
2978,59,886
2978,60,886
2978,61,122
2978,62,876
2978,63,611
2978,64,289
2978,65,648
2978,66,423
2978,67,552
2978,68,552
2978,69,713
2978,70,456
2978,71,423
2978,72,395
2978,73,337
2978,74,256
2978,75,649
2978,76,1012
2978,77,552
2978,78,552
2978,79,552
2978,80,552
2979,41,543
2979,42,799
2979,43,650
2979,44,226
2979,45,567
2979,46,880
2979,47,533
2979,48,533
2979,49,535
2979,50,193
2979,51,533
2979,52,535
2979,53,238
2979,54,970
2979,55,567
2979,56,567
2979,57,567
2979,58,567
2979,59,238
2979,60,693
2979,61,21
2979,62,502
2979,63,755
2979,64,660
2979,65,257
2979,66,594
2979,67,598
2979,68,662
2979,69,535
2979,70,535
2979,71,535
2979,72,504
2979,73,104
2979,74,504
2979,75,439
2979,76,515
2979,77,713
2979,78,201
2979,79,472
2979,80,392
2980,41,394
2980,42,13
2980,43,396
2980,44,395
2980,45,259
2980,46,104
2980,47,138
2980,48,204
2980,49,893
2980,50,304
2980,51,309
2980,52,276
2980,53,494
2980,54,342
2980,55,466
2980,56,77
2980,57,505
2980,58,286
2980,59,307
2980,60,316
2980,61,147
2980,62,395
2980,63,259
2980,64,290
2980,65,389
2980,66,322
2980,67,391
2980,68,959
2980,69,683
2980,70,649
2980,71,652
2980,72,531
2980,73,436
2980,74,470
2980,75,392
2980,76,363
2980,77,552
2980,78,484
2980,79,454
2980,80,903
2981,41,565
2981,42,594
2981,43,809
2981,44,326
2981,45,295
2981,46,980
2981,47,232
2981,48,592
2981,49,470
2981,50,408
2981,51,326
2981,52,232
2981,53,423
2981,54,584
2981,55,520
2981,56,391
2981,57,287
2981,58,682
2981,59,681
2981,60,274
2981,61,569
2981,62,521
2981,63,964
2981,64,964
2981,65,964
2981,66,996
2981,67,529
2981,68,964
2981,69,964
2981,70,1
2981,71,997
2981,72,936
2981,73,997
2981,74,905
2981,75,672
2981,76,998
2981,77,966
2981,78,997
2981,79,967
2981,80,967
2982,41,1003
2982,42,384
2982,43,66
2982,44,161
2982,45,857
2982,46,891
2982,47,690
2982,48,771
2982,49,677
2982,50,548
2982,51,794
2982,52,71
2982,53,395
2982,54,955
2982,55,888
2982,56,825
2982,57,827
2982,58,225
2982,59,667
2982,60,957
2982,61,856
2982,62,761
2982,63,890
2982,64,579
2982,65,956
2982,66,955
2982,67,922
2982,68,955
2982,69,859
2982,70,664
2982,71,763
2982,72,960
2982,73,634
2982,74,1024
2982,75,1019
2982,76,703
2982,77,634
2982,78,505
2982,79,505
2982,80,344
2983,41,653
2983,42,1022
2983,43,103
2983,44,295
2983,45,106
2983,46,549
2983,47,174
2983,48,205
2983,49,107
2983,50,268
2983,51,989
2983,52,428
2983,53,174
2983,54,577
2983,55,272
2983,56,303
2983,57,334
2983,58,331
2983,59,205
2983,60,126
2983,61,991
2983,62,106
2983,63,74
2983,64,73
2983,65,109
2983,66,16
2983,67,1015
2983,68,140
2983,69,738
2983,70,109
2983,71,44
2983,72,45
2983,73,14
2983,74,14
2983,75,46
2983,76,16
2983,77,79
2983,78,582
2983,79,173
2983,80,173
2984,41,682
2984,42,571
2984,43,569
2984,44,449
2984,45,424
2984,46,362
2984,47,555
2984,48,289
2984,49,511
2984,50,356
2984,51,322
2984,52,357
2984,53,466
2984,54,324
2984,55,424
2984,56,362
2984,57,297
2984,58,325
2984,59,425
2984,60,455
2984,61,304
2984,62,222
2984,63,323
2984,64,389
2984,65,323
2984,66,289
2984,67,795
2984,68,610
2984,69,481
2984,70,354
2984,71,753
2984,72,517
2984,73,290
2984,74,422
2984,75,36
2984,76,493
2984,77,395
2984,78,299
2984,79,299
2984,80,314
2985,41,828
2985,42,854
2985,43,421
2985,44,577
2985,45,642
2985,46,739
2985,47,740
2985,48,665
2985,49,675
2985,50,772
2985,51,739
2985,52,739
2985,53,642
2985,54,738
2985,55,392
2985,56,385
2985,57,431
2985,58,424
2985,59,356
2985,60,356
2985,61,424
2985,62,250
2985,63,365
2985,64,385
2985,65,675
2985,66,481
2985,67,419
2985,68,215
2985,69,331
2985,70,268
2985,71,236
2985,72,331
2985,73,365
2985,74,367
2985,75,306
2985,76,807
2985,77,268
2985,78,807
2985,79,137
2985,80,34
2986,41,35
2986,42,721
2986,43,471
2986,44,392
2986,45,334
2986,46,212
2986,47,295
2986,48,275
2986,49,274
2986,50,243
2986,51,306
2986,52,276
2986,53,714
2986,54,392
2986,55,479
2986,56,239
2986,57,145
2986,58,18
2986,59,558
2986,60,767
2986,61,149
2986,62,183
2986,63,415
2986,64,259
2986,65,356
2986,66,949
2986,67,322
2986,68,257
2986,69,357
2986,70,227
2986,71,227
2986,72,291
2986,73,931
2986,74,2
2986,75,34
2986,76,104
2986,77,37
2986,78,161
2986,79,34
2986,80,101
2987,41,978
2987,42,890
2987,43,343
2987,44,376
2987,45,542
2987,46,640
2987,47,476
2987,48,334
2987,49,541
2987,50,516
2987,51,408
2987,52,167
2987,53,799
2987,54,338
2987,55,870
2987,56,401
2987,57,356
2987,58,388
2987,59,449
2987,60,108
2987,61,372
2987,62,99
2987,63,238
2987,64,315
2987,65,415
2987,66,320
2987,67,320
2987,68,384
2987,69,384
2987,70,384
2987,71,382
2987,72,382
2987,73,315
2987,74,763
2987,75,109
2987,76,170
2987,77,237
2987,78,275
2987,79,229
2987,80,398
2988,41,502
2988,42,65
2988,43,137
2988,44,608
2988,45,215
2988,46,117
2988,47,180
2988,48,386
2988,49,180
2988,50,214
2988,51,346
2988,52,962
2988,53,679
2988,54,503
2988,55,528
2988,56,527
2988,57,622
2988,58,616
2988,59,618
2988,60,335
2988,61,897
2988,62,692
2988,63,313
2988,64,473
2988,65,157
2988,66,473
2988,67,433
2988,68,433
2988,69,969
2988,70,424
2988,71,513
2988,72,450
2988,73,421
2988,74,422
2988,75,427
2988,76,440
2988,77,472
2988,78,234
2988,79,472
2988,80,435
2989,41,604
2989,42,650
2989,43,176
2989,44,339
2989,45,246
2989,46,182
2989,47,343
2989,48,597
2989,49,564
2989,50,874
2989,51,423
2989,52,187
2989,53,530
2989,54,565
2989,55,530
2989,56,532
2989,57,422
2989,58,391
2989,59,464
2989,60,782
2989,61,142
2989,62,556
2989,63,82
2989,64,420
2989,65,50
2989,66,52
2989,67,16
2989,68,16
2989,69,80
2989,70,16
2989,71,48
2989,72,50
2989,73,50
2989,74,52
2989,75,47
2989,76,20
2989,77,248
2989,78,52
2989,79,180
2989,80,81
2990,41,16
2990,42,88
2990,43,499
2990,44,195
2990,45,613
2990,46,993
2990,47,429
2990,48,627
2990,49,597
2990,50,566
2990,51,787
2990,52,767
2990,53,974
2990,54,849
2990,55,660
2990,56,401
2990,57,1010
2990,58,732
2990,59,703
2990,60,704
2990,61,695
2990,62,275
2990,63,227
2990,64,488
2990,65,361
2990,66,363
2990,67,298
2990,68,299
2990,69,111
2990,70,392
2990,71,365
2990,72,434
2990,73,852
2990,74,402
2990,75,467
2990,76,428
2990,77,754
2990,78,423
2990,79,424
2990,80,264
2991,41,874
2991,42,704
2991,43,251
2991,44,337
2991,45,370
2991,46,467
2991,47,337
2991,48,473
2991,49,477
2991,50,477
2991,51,589
2991,52,471
2991,53,503
2991,54,256
2991,55,503
2991,56,475
2991,57,540
2991,58,934
2991,59,542
2991,60,478
2991,61,84
2991,62,448
2991,63,251
2991,64,187
2991,65,187
2991,66,189
2991,67,222
2991,68,224
2991,69,222
2991,70,224
2991,71,363
2991,72,620
2991,73,224
2991,74,223
2991,75,189
2991,76,191
2991,77,190
2991,78,190
2991,79,30
2991,80,223
2992,41,200
2992,42,584
2992,43,237
2992,44,768
2992,45,195
2992,46,131
2992,47,227
2992,48,289
2992,49,290
2992,50,390
2992,51,29
2992,52,195
2992,53,382
2992,54,194
2992,55,195
2992,56,423
2992,57,200
2992,58,932
2992,59,323
2992,60,1024
2992,61,878
2992,62,660
2992,63,246
2992,64,151
2992,65,86
2992,66,185
2992,67,246
2992,68,343
2992,69,343
2992,70,311
2992,71,505
2992,72,311
2992,73,311
2992,74,246
2992,75,41
2992,76,1005
2992,77,239
2992,78,272
2992,79,272
2992,80,536
2993,41,583
2993,42,725
2993,43,505
2993,44,827
2993,45,480
2993,46,311
2993,47,311
2993,48,22
2993,49,86
2993,50,145
2993,51,250
2993,52,151
2993,53,460
2993,54,86
2993,55,118
2993,56,118
2993,57,215
2993,58,404
2993,59,808
2993,60,409
2993,61,792
2993,62,341
2993,63,504
2993,64,410
2993,65,719
2993,66,125
2993,67,346
2993,68,309
2993,69,366
2993,70,536
2993,71,536
2993,72,857
2993,73,536
2993,74,295
2993,75,629
2993,76,277
2993,77,375
2993,78,375
2993,79,279
2993,80,436
2994,41,413
2994,42,873
2994,43,719
2994,44,562
2994,45,565
2994,46,817
2994,47,880
2994,48,942
2994,49,788
2994,50,275
2994,51,515
2994,52,821
2994,53,469
2994,54,431
2994,55,742
2994,56,470
2994,57,965
2994,58,407
2994,59,244
2994,60,244
2994,61,1013
2994,62,833
2994,63,185
2994,64,185
2994,65,283
2994,66,283
2994,67,735
2994,68,219
2994,69,189
2994,70,218
2994,71,185
2994,72,184
2994,73,116
2994,74,830
2994,75,181
2994,76,279
2994,77,181
2994,78,181
2994,79,215
2994,80,183
2995,41,455
2995,42,351
2995,43,244
2995,44,179
2995,45,112
2995,46,112
2995,47,81
2995,48,323
2995,49,209
2995,50,209
2995,51,210
2995,52,176
2995,53,789
2995,54,112
2995,55,176
2995,56,144
2995,57,210
2995,58,759
2995,59,182
2995,60,213
2995,61,871
2995,62,276
2995,63,187
2995,64,77
2995,65,925
2995,66,210
2995,67,377
2995,68,240
2995,69,143
2995,70,355
2995,71,995
2995,72,18
2995,73,115
2995,74,842
2995,75,144
2995,76,110
2995,77,209
2995,78,535
2995,79,746
2995,80,464
2996,41,44
2996,42,977
2996,43,795
2996,44,763
2996,45,762
2996,46,729
2996,47,726
2996,48,951
2996,49,267
2996,50,889
2996,51,889
2996,52,763
2996,53,859
2996,54,851
2996,55,191
2996,56,618
2996,57,456
2996,58,777
2996,59,713
2996,60,486
2996,61,373
2996,62,52
2996,63,601
2996,64,667
2996,65,474
2996,66,250
2996,67,839
2996,68,541
2996,69,507
2996,70,506
2996,71,506
2996,72,410
2996,73,474
2996,74,602
2996,75,358
2996,76,509
2996,77,374
2996,78,540
2996,79,538
2996,80,538
2997,41,562
2997,42,550
2997,43,228
2997,44,165
2997,45,366
2997,46,395
2997,47,472
2997,48,536
2997,49,474
2997,50,648
2997,51,962
2997,52,353
2997,53,323
2997,54,389
2997,55,424
2997,56,356
2997,57,363
2997,58,398
2997,59,235
2997,60,880
2997,61,258
2997,62,608
2997,63,156
2997,64,346
2997,65,214
2997,66,599
2997,67,247
2997,68,280
2997,69,375
2997,70,278
2997,71,278
2997,72,275
2997,73,408
2997,74,437
2997,75,366
2997,76,395
2997,77,391
2997,78,363
2997,79,50
2997,80,206
2998,41,527
2998,42,654
2998,43,309
2998,44,309
2998,45,309
2998,46,344
2998,47,406
2998,48,406
2998,49,406
2998,50,406
2998,51,406
2998,52,406
2998,53,406
2998,54,406
2998,55,406
2998,56,597
2998,57,593
2998,58,219
2998,59,65
2998,60,895
2998,61,337
2998,62,764
2998,63,509
2998,64,276
2998,65,307
2998,66,338
2998,67,307
2998,68,375
2998,69,750
2998,70,337
2998,71,276
2998,72,307
2998,73,338
2998,74,366
2998,75,304
2998,76,135
2998,77,152
2998,78,151
2998,79,86
2998,80,216
2999,41,146
2999,42,987
2999,43,115
2999,44,286
2999,45,434
2999,46,693
2999,47,538
2999,48,533
2999,49,597
2999,50,536
2999,51,596
2999,52,535
2999,53,116
2999,54,536
2999,55,505
2999,56,600
2999,57,634
2999,58,570
2999,59,470
2999,60,470
2999,61,698
2999,62,996
2999,63,290
2999,64,323
2999,65,424
2999,66,390
2999,67,290
2999,68,421
2999,69,389
2999,70,323
2999,71,389
2999,72,323
2999,73,289
2999,74,289
2999,75,289
2999,76,944
2999,77,485
2999,78,485
2999,79,455
2999,80,455
3000,41,681
3000,42,62
3000,43,390
3000,44,810
3000,45,810
3000,46,810
3000,47,16
3000,48,381
3000,49,812
3000,50,688
3000,51,688
3000,52,416
3000,53,566
3000,54,538
3000,55,692
3000,56,692
3000,57,58
3000,58,501
3000,59,535
3000,60,625
3000,61,980
3000,62,557
3000,63,456
3000,64,426
3000,65,432
3000,66,451
3000,67,545
3000,68,481
3000,69,159
3000,70,610
3000,71,259
3000,72,99
3000,73,169
3000,74,290
3000,75,389
3000,76,437
3000,77,932
3000,78,374
3000,79,674
3000,80,324
3001,41,738
3001,42,109
3001,43,542
3001,44,472
3001,45,424
3001,46,392
3001,47,508
3001,48,326
3001,49,481
3001,50,449
3001,51,610
3001,52,449
3001,53,570
3001,54,421
3001,55,232
3001,56,135
3001,57,162
3001,58,164
3001,59,101
3001,60,190
3001,61,556
3001,62,533
3001,63,201
3001,64,562
3001,65,688
3001,66,593
3001,67,562
3001,68,936
3001,69,595
3001,70,903
3001,71,40
3001,72,873
3001,73,719
3001,74,368
3001,75,756
3001,76,1001
3001,77,628
3001,78,564
3001,79,688
3001,80,782
3002,41,330
3002,42,603
3002,43,932
3002,44,306
3002,45,792
3002,46,396
3002,47,766
3002,48,309
3002,49,838
3002,50,243
3002,51,274
3002,52,306
3002,53,315
3002,54,315
3002,55,276
3002,56,376
3002,57,666
3002,58,494
3002,59,666
3002,60,187
3002,61,192
3002,62,426
3002,63,396
3002,64,365
3002,65,335
3002,66,370
3002,67,370
3002,68,367
3002,69,299
3002,70,289
3002,71,331
3002,72,1010
3002,73,361
3002,74,394
3002,75,20
3002,76,967
3002,77,392
3002,78,338
3002,79,338
3002,80,583
3003,41,696
3003,42,481
3003,43,997
3003,44,1000
3003,45,782
3003,46,608
3003,47,750
3003,48,781
3003,49,218
3003,50,626
3003,51,687
3003,52,370
3003,53,516
3003,54,597
3003,55,597
3003,56,810
3003,57,313
3003,58,750
3003,59,785
3003,60,785
3003,61,897
3003,62,1
3003,63,564
3003,64,690
3003,65,109
3003,66,530
3003,67,530
3003,68,781
3003,69,170
3003,70,681
3003,71,682
3003,72,685
3003,73,748
3003,74,141
3003,75,625
3003,76,688
3003,77,598
3003,78,688
3003,79,688
3003,80,899
3004,41,754
3004,42,915
3004,43,84
3004,44,448
3004,45,382
3004,46,416
3004,47,352
3004,48,320
3004,49,416
3004,50,732
3004,51,348
3004,52,348
3004,53,352
3004,54,416
3004,55,352
3004,56,448
3004,57,92
3004,58,382
3004,59,416
3004,60,416
3004,61,422
3004,62,876
3004,63,444
3004,64,475
3004,65,999
3004,66,483
3004,67,479
3004,68,542
3004,69,539
3004,70,539
3004,71,540
3004,72,608
3004,73,796
3004,74,379
3004,75,479
3004,76,575
3004,77,608
3004,78,576
3004,79,575
3004,80,542
3005,41,596
3005,42,96
3005,43,918
3005,44,950
3005,45,919
3005,46,983
3005,47,1014
3005,48,1014
3005,49,1014
3005,50,1014
3005,51,64
3005,52,920
3005,53,460
3005,54,918
3005,55,981
3005,56,981
3005,57,981
3005,58,920
3005,59,888
3005,60,823
3005,61,3
3005,62,156
3005,63,852
3005,64,852
3005,65,882
3005,66,856
3005,67,861
3005,68,892
3005,69,892
3005,70,892
3005,71,920
3005,72,171
3005,73,952
3005,74,921
3005,75,733
3005,76,830
3005,77,895
3005,78,634
3005,79,472
3005,80,253
3006,41,432
3006,42,404
3006,43,540
3006,44,538
3006,45,266
3006,46,444
3006,47,313
3006,48,313
3006,49,893
3006,50,344
3006,51,348
3006,52,489
3006,53,411
3006,54,410
3006,55,315
3006,56,504
3006,57,473
3006,58,542
3006,59,543
3006,60,539
3006,61,644
3006,62,510
3006,63,346
3006,64,1006
3006,65,769
3006,66,849
3006,67,201
3006,68,479
3006,69,474
3006,70,480
3006,71,75
3006,72,474
3006,73,438
3006,74,436
3006,75,437
3006,76,351
3006,77,267
3006,78,434
3006,79,684
3006,80,432
3007,41,776
3007,42,84
3007,43,203
3007,44,279
3007,45,112
3007,46,222
3007,47,189
3007,48,189
3007,49,223
3007,50,809
3007,51,189
3007,52,187
3007,53,218
3007,54,254
3007,55,223
3007,56,316
3007,57,316
3007,58,381
3007,59,387
3007,60,126
3007,61,655
3007,62,524
3007,63,104
3007,64,373
3007,65,3
3007,66,2
3007,67,167
3007,68,385
3007,69,3
3007,70,3
3007,71,133
3007,72,195
3007,73,227
3007,74,907
3007,75,291
3007,76,357
3007,77,391
3007,78,391
3007,79,391
3007,80,488
3008,41,376
3008,42,207
3008,43,827
3008,44,451
3008,45,276
3008,46,396
3008,47,454
3008,48,737
3008,49,390
3008,50,979
3008,51,503
3008,52,389
3008,53,389
3008,54,324
3008,55,336
3008,56,36
3008,57,35
3008,58,33
3008,59,3
3008,60,271
3008,61,30
3008,62,60
3008,63,362
3008,64,276
3008,65,560
3008,66,790
3008,67,297
3008,68,375
3008,69,431
3008,70,530
3008,71,561
3008,72,617
3008,73,618
3008,74,557
3008,75,977
3008,76,679
3008,77,675
3008,78,773
3008,79,837
3008,80,773
3009,41,62
3009,42,581
3009,43,176
3009,44,176
3009,45,180
3009,46,50
3009,47,48
3009,48,132
3009,49,51
3009,50,18
3009,51,544
3009,52,18
3009,53,278
3009,54,247
3009,55,281
3009,56,252
3009,57,250
3009,58,345
3009,59,280
3009,60,280
3009,61,869
3009,62,222
3009,63,112
3009,64,82
3009,65,49
3009,66,18
3009,67,146
3009,68,51
3009,69,82
3009,70,551
3009,71,210
3009,72,288
3009,73,243
3009,74,146
3009,75,247
3009,76,247
3009,77,280
3009,78,473
3009,79,313
3009,80,1018
3010,41,908
3010,42,634
3010,43,752
3010,44,784
3010,45,751
3010,46,842
3010,47,874
3010,48,997
3010,49,810
3010,50,812
3010,51,369
3010,52,535
3010,53,367
3010,54,662
3010,55,802
3010,56,879
3010,57,756
3010,58,1003
3010,59,755
3010,60,692
3010,61,335
3010,62,12
3010,63,681
3010,64,697
3010,65,817
3010,66,754
3010,67,294
3010,68,649
3010,69,683
3010,70,584
3010,71,842
3010,72,905
3010,73,1007
3010,74,817
3010,75,755
3010,76,533
3010,77,596
3010,78,660
3010,79,785
3010,80,785
3011,41,747
3011,42,86
3011,43,70
3011,44,64
3011,45,71
3011,46,137
3011,47,70
3011,48,858
3011,49,70
3011,50,342
3011,51,445
3011,52,3
3011,53,37
3011,54,521
3011,55,42
3011,56,323
3011,57,259
3011,58,477
3011,59,323
3011,60,259
3011,61,525
3011,62,43
3011,63,164
3011,64,163
3011,65,2
3011,66,69
3011,67,1014
3011,68,388
3011,69,74
3011,70,72
3011,71,70
3011,72,70
3011,73,2
3011,74,892
3011,75,73
3011,76,3
3011,77,195
3011,78,36
3011,79,2
3011,80,67
3012,41,715
3012,42,438
3012,43,18
3012,44,50
3012,45,698
3012,46,181
3012,47,211
3012,48,181
3012,49,180
3012,50,51
3012,51,52
3012,52,52
3012,53,84
3012,54,182
3012,55,644
3012,56,91
3012,57,93
3012,58,917
3012,59,216
3012,60,867
3012,61,433
3012,62,911
3012,63,210
3012,64,439
3012,65,392
3012,66,488
3012,67,480
3012,68,433
3012,69,504
3012,70,534
3012,71,565
3012,72,598
3012,73,677
3012,74,664
3012,75,598
3012,76,410
3012,77,243
3012,78,18
3012,79,60
3012,80,82
3013,41,168
3013,42,97
3013,43,179
3013,44,216
3013,45,4
3013,46,181
3013,47,745
3013,48,180
3013,49,147
3013,50,181
3013,51,687
3013,52,309
3013,53,276
3013,54,924
3013,55,437
3013,56,375
3013,57,374
3013,58,276
3013,59,276
3013,60,276
3013,61,874
3013,62,963
3013,63,649
3013,64,616
3013,65,682
3013,66,124
3013,67,488
3013,68,552
3013,69,616
3013,70,841
3013,71,745
3013,72,356
3013,73,363
3013,74,377
3013,75,366
3013,76,366
3013,77,394
3013,78,387
3013,79,336
3013,80,367
3014,41,408
3014,42,762
3014,43,681
3014,44,745
3014,45,707
3014,46,739
3014,47,739
3014,48,743
3014,49,980
3014,50,151
3014,51,457
3014,52,555
3014,53,620
3014,54,586
3014,55,615
3014,56,582
3014,57,582
3014,58,586
3014,59,678
3014,60,613
3014,61,891
3014,62,453
3014,63,936
3014,64,158
3014,65,530
3014,66,621
3014,67,622
3014,68,686
3014,69,718
3014,70,812
3014,71,276
3014,72,842
3014,73,593
3014,74,468
3014,75,430
3014,76,210
3014,77,477
3014,78,501
3014,79,362
3014,80,745
3015,41,248
3015,42,54
3015,43,506
3015,44,475
3015,45,542
3015,46,509
3015,47,575
3015,48,607
3015,49,575
3015,50,541
3015,51,575
3015,52,509
3015,53,602
3015,54,476
3015,55,478
3015,56,433
3015,57,431
3015,58,561
3015,59,529
3015,60,499
3015,61,805
3015,62,478
3015,63,507
3015,64,506
3015,65,539
3015,66,506
3015,67,506
3015,68,506
3015,69,604
3015,70,538
3015,71,724
3015,72,474
3015,73,475
3015,74,479
3015,75,480
3015,76,638
3015,77,607
3015,78,560
3015,79,473
3015,80,538
3016,41,152
3016,42,952
3016,43,394
3016,44,367
3016,45,974
3016,46,392
3016,47,330
3016,48,330
3016,49,330
3016,50,395
3016,51,460
3016,52,430
3016,53,289
3016,54,532
3016,55,452
3016,56,66
3016,57,578
3016,58,385
3016,59,417
3016,60,305
3016,61,510
3016,62,292
3016,63,885
3016,64,395
3016,65,394
3016,66,422
3016,67,929
3016,68,424
3016,69,115
3016,70,385
3016,71,417
3016,72,259
3016,73,566
3016,74,68
3016,75,2
3016,76,2
3016,77,3
3016,78,390
3016,79,428
3016,80,395
3017,41,67
3017,42,188
3017,43,486
3017,44,610
3017,45,577
3017,46,577
3017,47,146
3017,48,455
3017,49,454
3017,50,454
3017,51,318
3017,52,577
3017,53,135
3017,54,545
3017,55,605
3017,56,738
3017,57,678
3017,58,765
3017,59,707
3017,60,859
3017,61,357
3017,62,42
3017,63,552
3017,64,485
3017,65,516
3017,66,516
3017,67,580
3017,68,611
3017,69,617
3017,70,618
3017,71,621
3017,72,561
3017,73,622
3017,74,558
3017,75,593
3017,76,995
3017,77,566
3017,78,562
3017,79,532
3017,80,467
3018,41,775
3018,42,734
3018,43,322
3018,44,359
3018,45,584
3018,46,552
3018,47,548
3018,48,745
3018,49,860
3018,50,610
3018,51,610
3018,52,135
3018,53,451
3018,54,545
3018,55,353
3018,56,356
3018,57,322
3018,58,417
3018,59,354
3018,60,259
3018,61,484
3018,62,877
3018,63,133
3018,64,133
3018,65,135
3018,66,135
3018,67,646
3018,68,170
3018,69,169
3018,70,141
3018,71,137
3018,72,965
3018,73,170
3018,74,236
3018,75,336
3018,76,307
3018,77,309
3018,78,276
3018,79,84
3018,80,346
3019,41,917
3019,42,430
3019,43,873
3019,44,905
3019,45,840
3019,46,904
3019,47,974
3019,48,164
3019,49,908
3019,50,527
3019,51,875
3019,52,941
3019,53,973
3019,54,941
3019,55,807
3019,56,875
3019,57,83
3019,58,905
3019,59,905
3019,60,781
3019,61,323
3019,62,1
3019,63,998
3019,64,936
3019,65,850
3019,66,796
3019,67,750
3019,68,811
3019,69,813
3019,70,814
3019,71,814
3019,72,782
3019,73,875
3019,74,735
3019,75,547
3019,76,688
3019,77,355
3019,78,935
3019,79,997
3019,80,840
3020,41,56
3020,42,1
3020,43,203
3020,44,306
3020,45,103
3020,46,171
3020,47,168
3020,48,168
3020,49,393
3020,50,162
3020,51,162
3020,52,199
3020,53,70
3020,54,305
3020,55,306
3020,56,209
3020,57,1012
3020,58,178
3020,59,198
3020,60,768
3020,61,589
3020,62,922
3020,63,596
3020,64,687
3020,65,71
3020,66,75
3020,67,259
3020,68,44
3020,69,110
3020,70,48
3020,71,969
3020,72,71
3020,73,3
3020,74,979
3020,75,305
3020,76,309
3020,77,248
3020,78,750
3020,79,119
3020,80,873
3021,41,840
3021,42,255
3021,43,182
3021,44,840
3021,45,812
3021,46,566
3021,47,566
3021,48,566
3021,49,626
3021,50,781
3021,51,812
3021,52,812
3021,53,936
3021,54,805
3021,55,904
3021,56,685
3021,57,842
3021,58,809
3021,59,904
3021,60,935
3021,61,602
3021,62,943
3021,63,903
3021,64,1014
3021,65,874
3021,66,842
3021,67,231
3021,68,974
3021,69,487
3021,70,908
3021,71,520
3021,72,355
3021,73,691
3021,74,1006
3021,75,1006
3021,76,684
3021,77,967
3021,78,807
3021,79,410
3021,80,356
3022,41,9
3022,42,704
3022,43,622
3022,44,374
3022,45,493
3022,46,460
3022,47,683
3022,48,682
3022,49,649
3022,50,745
3022,51,425
3022,52,423
3022,53,520
3022,54,318
3022,55,171
3022,56,745
3022,57,968
3022,58,450
3022,59,843
3022,60,870
3022,61,202
3022,62,9
3022,63,654
3022,64,654
3022,65,685
3022,66,9
3022,67,974
3022,68,1003
3022,69,911
3022,70,787
3022,71,910
3022,72,723
3022,73,942
3022,74,942
3022,75,875
3022,76,488
3022,77,855
3022,78,908
3022,79,681
3022,80,929
3023,41,26
3023,42,307
3023,43,255
3023,44,474
3023,45,602
3023,46,538
3023,47,99
3023,48,477
3023,49,731
3023,50,480
3023,51,575
3023,52,672
3023,53,477
3023,54,479
3023,55,368
3023,56,988
3023,57,472
3023,58,376
3023,59,471
3023,60,10
3023,61,62
3023,62,140
3023,63,305
3023,64,431
3023,65,562
3023,66,657
3023,67,657
3023,68,657
3023,69,657
3023,70,657
3023,71,657
3023,72,657
3023,73,657
3023,74,657
3023,75,657
3023,76,657
3023,77,929
3023,78,657
3023,79,657
3023,80,657
3024,41,906
3024,42,312
3024,43,336
3024,44,414
3024,45,303
3024,46,185
3024,47,211
3024,48,624
3024,49,213
3024,50,181
3024,51,566
3024,52,569
3024,53,569
3024,54,569
3024,55,569
3024,56,83
3024,57,569
3024,58,601
3024,59,505
3024,60,408
3024,61,81
3024,62,976
3024,63,763
3024,64,471
3024,65,871
3024,66,379
3024,67,285
3024,68,315
3024,69,287
3024,70,14
3024,71,857
3024,72,378
3024,73,408
3024,74,408
3024,75,506
3024,76,511
3024,77,475
3024,78,34
3024,79,443
3024,80,412
3025,41,721
3025,42,685
3025,43,748
3025,44,716
3025,45,852
3025,46,855
3025,47,794
3025,48,940
3025,49,955
3025,50,1021
3025,51,988
3025,52,461
3025,53,1020
3025,54,923
3025,55,955
3025,56,896
3025,57,859
3025,58,920
3025,59,1012
3025,60,918
3025,61,388
3025,62,414
3025,63,685
3025,64,230
3025,65,779
3025,66,272
3025,67,851
3025,68,852
3025,69,397
3025,70,727
3025,71,727
3025,72,758
3025,73,389
3025,74,373
3025,75,823
3025,76,855
3025,77,45
3025,78,394
3025,79,665
3025,80,385
3026,41,355
3026,42,158
3026,43,630
3026,44,785
3026,45,851
3026,46,852
3026,47,789
3026,48,851
3026,49,276
3026,50,756
3026,51,13
3026,52,719
3026,53,782
3026,54,716
3026,55,779
3026,56,717
3026,57,751
3026,58,176
3026,59,785
3026,60,339
3026,61,684
3026,62,207
3026,63,311
3026,64,311
3026,65,485
3026,66,602
3026,67,766
3026,68,220
3026,69,332
3026,70,343
3026,71,296
3026,72,212
3026,73,788
3026,74,146
3026,75,503
3026,76,142
3026,77,20
3026,78,532
3026,79,153
3026,80,504
3027,41,69
3027,42,730
3027,43,840
3027,44,841
3027,45,365
3027,46,873
3027,47,843
3027,48,838
3027,49,935
3027,50,842
3027,51,750
3027,52,598
3027,53,728
3027,54,724
3027,55,602
3027,56,667
3027,57,664
3027,58,698
3027,59,666
3027,60,430
3027,61,474
3027,62,525
3027,63,688
3027,64,781
3027,65,595
3027,66,497
3027,67,497
3027,68,1002
3027,69,493
3027,70,657
3027,71,688
3027,72,625
3027,73,464
3027,74,562
3027,75,598
3027,76,595
3027,77,535
3027,78,537
3027,79,728
3027,80,732
3028,41,148
3028,42,694
3028,43,728
3028,44,696
3028,45,427
3028,46,535
3028,47,568
3028,48,598
3028,49,504
3028,50,258
3028,51,534
3028,52,502
3028,53,502
3028,54,502
3028,55,729
3028,56,504
3028,57,503
3028,58,544
3028,59,535
3028,60,568
3028,61,1015
3028,62,39
3028,63,600
3028,64,354
3028,65,762
3028,66,695
3028,67,694
3028,68,694
3028,69,695
3028,70,600
3028,71,356
3028,72,662
3028,73,695
3028,74,504
3028,75,533
3028,76,568
3028,77,626
3028,78,598
3028,79,504
3028,80,504
3029,41,472
3029,42,705
3029,43,326
3029,44,290
3029,45,323
3029,46,289
3029,47,289
3029,48,289
3029,49,289
3029,50,322
3029,51,103
3029,52,137
3029,53,171
3029,54,236
3029,55,358
3029,56,326
3029,57,459
3029,58,423
3029,59,356
3029,60,167
3029,61,539
3029,62,866
3029,63,167
3029,64,326
3029,65,203
3029,66,276
3029,67,276
3029,68,438
3029,69,246
3029,70,8
3029,71,392
3029,72,990
3029,73,698
3029,74,389
3029,75,389
3029,76,997
3029,77,292
3029,78,292
3029,79,855
3029,80,292
3030,41,423
3030,42,617
3030,43,142
3030,44,142
3030,45,142
3030,46,142
3030,47,142
3030,48,323
3030,49,142
3030,50,142
3030,51,142
3030,52,205
3030,53,267
3030,54,299
3030,55,422
3030,56,299
3030,57,299
3030,58,268
3030,59,267
3030,60,424
3030,61,812
3030,62,178
3030,63,142
3030,64,142
3030,65,142
3030,66,981
3030,67,738
3030,68,142
3030,69,142
3030,70,786
3030,71,174
3030,72,174
3030,73,142
3030,74,142
3030,75,142
3030,76,807
3030,77,142
3030,78,142
3030,79,606
3030,80,142
3031,41,751
3031,42,552
3031,43,809
3031,44,905
3031,45,355
3031,46,806
3031,47,738
3031,48,642
3031,49,708
3031,50,675
3031,51,769
3031,52,513
3031,53,481
3031,54,577
3031,55,451
3031,56,452
3031,57,422
3031,58,357
3031,59,417
3031,60,481
3031,61,517
3031,62,195
3031,63,238
3031,64,754
3031,65,817
3031,66,332
3031,67,294
3031,68,660
3031,69,821
3031,70,726
3031,71,149
3031,72,172
3031,73,692
3031,74,817
3031,75,817
3031,76,942
3031,77,942
3031,78,1003
3031,79,360
3031,80,883
3032,41,7
3032,42,1006
3032,43,707
3032,44,612
3032,45,609
3032,46,610
3032,47,327
3032,48,165
3032,49,401
3032,50,742
3032,51,773
3032,52,742
3032,53,743
3032,54,678
3032,55,610
3032,56,739
3032,57,390
3032,58,488
3032,59,390
3032,60,132
3032,61,300
3032,62,241
3032,63,211
3032,64,213
3032,65,248
3032,66,248
3032,67,473
3032,68,602
3032,69,574
3032,70,574
3032,71,476
3032,72,640
3032,73,779
3032,74,409
3032,75,409
3032,76,473
3032,77,537
3032,78,537
3032,79,533
3032,80,622
3033,41,129
3033,42,674
3033,43,555
3033,44,996
3033,45,675
3033,46,1023
3033,47,606
3033,48,428
3033,49,430
3033,50,464
3033,51,337
3033,52,434
3033,53,431
3033,54,470
3033,55,392
3033,56,336
3033,57,452
3033,58,421
3033,59,450
3033,60,297
3033,61,97
3033,62,636
3033,63,424
3033,64,392
3033,65,361
3033,66,367
3033,67,365
3033,68,365
3033,69,394
3033,70,396
3033,71,670
3033,72,468
3033,73,401
3033,74,401
3033,75,430
3033,76,390
3033,77,316
3033,78,195
3033,79,997
3033,80,423
3034,41,696
3034,42,376
3034,43,389
3034,44,396
3034,45,390
3034,46,105
3034,47,362
3034,48,247
3034,49,375
3034,50,307
3034,51,392
3034,52,428
3034,53,358
3034,54,263
3034,55,140
3034,56,204
3034,57,202
3034,58,888
3034,59,268
3034,60,342
3034,61,490
3034,62,837
3034,63,133
3034,64,136
3034,65,101
3034,66,3
3034,67,3
3034,68,425
3034,69,200
3034,70,200
3034,71,69
3034,72,2
3034,73,354
3034,74,259
3034,75,323
3034,76,323
3034,77,59
3034,78,2
3034,79,103
3034,80,165
3035,41,1022
3035,42,17
3035,43,933
3035,44,779
3035,45,779
3035,46,980
3035,47,685
3035,48,779
3035,49,520
3035,50,583
3035,51,263
3035,52,201
3035,53,232
3035,54,359
3035,55,444
3035,56,233
3035,57,233
3035,58,233
3035,59,233
3035,60,233
3035,61,847
3035,62,254
3035,63,851
3035,64,818
3035,65,752
3035,66,843
3035,67,701
3035,68,690
3035,69,690
3035,70,690
3035,71,659
3035,72,786
3035,73,692
3035,74,757
3035,75,757
3035,76,891
3035,77,848
3035,78,986
3035,79,848
3035,80,707
3036,41,676
3036,42,892
3036,43,713
3036,44,285
3036,45,52
3036,46,149
3036,47,441
3036,48,408
3036,49,345
3036,50,406
3036,51,435
3036,52,466
3036,53,470
3036,54,476
3036,55,469
3036,56,467
3036,57,467
3036,58,471
3036,59,566
3036,60,630
3036,61,463
3036,62,164
3036,63,304
3036,64,203
3036,65,203
3036,66,239
3036,67,170
3036,68,142
3036,69,113
3036,70,331
3036,71,205
3036,72,111
3036,73,79
3036,74,142
3036,75,173
3036,76,237
3036,77,203
3036,78,71
3036,79,138
3036,80,239
3037,41,1
3037,42,289
3037,43,629
3037,44,632
3037,45,601
3037,46,263
3037,47,601
3037,48,601
3037,49,601
3037,50,601
3037,51,1000
3037,52,601
3037,53,120
3037,54,601
3037,55,601
3037,56,601
3037,57,601
3037,58,634
3037,59,634
3037,60,634
3037,61,472
3037,62,240
3037,63,601
3037,64,601
3037,65,601
3037,66,632
3037,67,809
3037,68,632
3037,69,601
3037,70,601
3037,71,601
3037,72,601
3037,73,601
3037,74,634
3037,75,632
3037,76,558
3037,77,601
3037,78,634
3037,79,634
3037,80,634
3038,41,495
3038,42,237
3038,43,375
3038,44,437
3038,45,406
3038,46,533
3038,47,125
3038,48,599
3038,49,626
3038,50,446
3038,51,504
3038,52,469
3038,53,395
3038,54,719
3038,55,612
3038,56,591
3038,57,121
3038,58,654
3038,59,716
3038,60,683
3038,61,300
3038,62,647
3038,63,344
3038,64,891
3038,65,450
3038,66,137
3038,67,106
3038,68,388
3038,69,198
3038,70,165
3038,71,132
3038,72,137
3038,73,232
3038,74,294
3038,75,294
3038,76,232
3038,77,562
3038,78,227
3038,79,168
3038,80,129
3039,41,813
3039,42,168
3039,43,942
3039,44,958
3039,45,1004
3039,46,880
3039,47,848
3039,48,918
3039,49,920
3039,50,890
3039,51,922
3039,52,920
3039,53,888
3039,54,794
3039,55,920
3039,56,763
3039,57,665
3039,58,912
3039,59,281
3039,60,281
3039,61,501
3039,62,99
3039,63,1006
3039,64,1001
3039,65,942
3039,66,1007
3039,67,681
3039,68,837
3039,69,818
3039,70,827
3039,71,242
3039,72,874
3039,73,842
3039,74,597
3039,75,464
3039,76,593
3039,77,586
3039,78,849
3039,79,942
3039,80,879
3040,41,696
3040,42,182
3040,43,775
3040,44,504
3040,45,477
3040,46,659
3040,47,877
3040,48,402
3040,49,470
3040,50,408
3040,51,233
3040,52,607
3040,53,606
3040,54,509
3040,55,475
3040,56,505
3040,57,536
3040,58,601
3040,59,634
3040,60,994
3040,61,23
3040,62,557
3040,63,441
3040,64,441
3040,65,315
3040,66,636
3040,67,638
3040,68,494
3040,69,605
3040,70,474
3040,71,438
3040,72,475
3040,73,444
3040,74,509
3040,75,608
3040,76,579
3040,77,475
3040,78,333
3040,79,470
3040,80,502
3041,41,123
3041,42,703
3041,43,211
3041,44,214
3041,45,207
3041,46,150
3041,47,291
3041,48,303
3041,49,209
3041,50,51
3041,51,143
3041,52,167
3041,53,82
3041,54,48
3041,55,82
3041,56,245
3041,57,513
3041,58,1007
3041,59,115
3041,60,115
3041,61,917
3041,62,625
3041,63,50
3041,64,113
3041,65,142
3041,66,111
3041,67,111
3041,68,726
3041,69,243
3041,70,277
3041,71,298
3041,72,424
3041,73,577
3041,74,674
3041,75,610
3041,76,578
3041,77,772
3041,78,936
3041,79,82
3041,80,876
3042,41,497
3042,42,498
3042,43,514
3042,44,427
3042,45,306
3042,46,241
3042,47,597
3042,48,596
3042,49,30
3042,50,628
3042,51,723
3042,52,908
3042,53,848
3042,54,376
3042,55,910
3042,56,1002
3042,57,706
3042,58,911
3042,59,692
3042,60,817
3042,61,165
3042,62,480
3042,63,297
3042,64,38
3042,65,840
3042,66,99
3042,67,70
3042,68,616
3042,69,572
3042,70,864
3042,71,132
3042,72,100
3042,73,110
3042,74,134
3042,75,167
3042,76,601
3042,77,550
3042,78,199
3042,79,165
3042,80,168
3043,41,959
3043,42,325
3043,43,164
3043,44,129
3043,45,97
3043,46,65
3043,47,66
3043,48,66
3043,49,65
3043,50,35
3043,51,27
3043,52,35
3043,53,195
3043,54,259
3043,55,259
3043,56,322
3043,57,67
3043,58,132
3043,59,446
3043,60,166
3043,61,887
3043,62,911
3043,63,164
3043,64,164
3043,65,164
3043,66,164
3043,67,164
3043,68,164
3043,69,164
3043,70,164
3043,71,164
3043,72,540
3043,73,140
3043,74,108
3043,75,532
3043,76,268
3043,77,331
3043,78,816
3043,79,362
3043,80,362
3044,41,195
3044,42,673
3044,43,792
3044,44,36
3044,45,787
3044,46,876
3044,47,795
3044,48,955
3044,49,988
3044,50,1020
3044,51,134
3044,52,823
3044,53,823
3044,54,823
3044,55,726
3044,56,758
3044,57,324
3044,58,758
3044,59,729
3044,60,756
3044,61,769
3044,62,1013
3044,63,18
3044,64,137
3044,65,818
3044,66,818
3044,67,729
3044,68,939
3044,69,760
3044,70,855
3044,71,823
3044,72,410
3044,73,793
3044,74,537
3044,75,539
3044,76,468
3044,77,86
3044,78,390
3044,79,323
3044,80,323
3045,41,728
3045,42,804
3045,43,403
3045,44,403
3045,45,402
3045,46,473
3045,47,478
3045,48,280
3045,49,346
3045,50,909
3045,51,476
3045,52,280
3045,53,155
3045,54,434
3045,55,486
3045,56,403
3045,57,444
3045,58,294
3045,59,474
3045,60,415
3045,61,1021
3045,62,951
3045,63,281
3045,64,249
3045,65,281
3045,66,174
3045,67,345
3045,68,379
3045,69,379
3045,70,346
3045,71,315
3045,72,349
3045,73,381
3045,74,317
3045,75,349
3045,76,475
3045,77,477
3045,78,412
3045,79,479
3045,80,765
3046,41,477
3046,42,205
3046,43,376
3046,44,376
3046,45,376
3046,46,863
3046,47,608
3046,48,541
3046,49,376
3046,50,408
3046,51,276
3046,52,237
3046,53,268
3046,54,202
3046,55,225
3046,56,821
3046,57,656
3046,58,411
3046,59,378
3046,60,313
3046,61,1019
3046,62,530
3046,63,137
3046,64,170
3046,65,626
3046,66,429
3046,67,422
3046,68,467
3046,69,198
3046,70,714
3046,71,98
3046,72,500
3046,73,52
3046,74,974
3046,75,660
3046,76,725
3046,77,630
3046,78,198
3046,79,817
3046,80,974
3047,41,767
3047,42,962
3047,43,656
3047,44,396
3047,45,485
3047,46,396
3047,47,396
3047,48,396
3047,49,338
3047,50,688
3047,51,337
3047,52,244
3047,53,209
3047,54,209
3047,55,304
3047,56,244
3047,57,307
3047,58,336
3047,59,336
3047,60,336
3047,61,862
3047,62,335
3047,63,141
3047,64,470
3047,65,409
3047,66,473
3047,67,719
3047,68,313
3047,69,313
3047,70,473
3047,71,137
3047,72,313
3047,73,313
3047,74,409
3047,75,540
3047,76,409
3047,77,507
3047,78,61
3047,79,507
3047,80,507
3048,41,192
3048,42,423
3048,43,895
3048,44,703
3048,45,672
3048,46,997
3048,47,167
3048,48,606
3048,49,574
3048,50,703
3048,51,928
3048,52,732
3048,53,269
3048,54,1024
3048,55,653
3048,56,765
3048,57,506
3048,58,763
3048,59,763
3048,60,797
3048,61,191
3048,62,408
3048,63,596
3048,64,970
3048,65,437
3048,66,429
3048,67,427
3048,68,893
3048,69,470
3048,70,433
3048,71,464
3048,72,401
3048,73,401
3048,74,466
3048,75,575
3048,76,430
3048,77,432
3048,78,132
3048,79,214
3048,80,212
3049,41,878
3049,42,664
3049,43,313
3049,44,579
3049,45,345
3049,46,473
3049,47,567
3049,48,504
3049,49,536
3049,50,504
3049,51,570
3049,52,195
3049,53,443
3049,54,562
3049,55,346
3049,56,281
3049,57,315
3049,58,346
3049,59,280
3049,60,280
3049,61,489
3049,62,893
3049,63,996
3049,64,382
3049,65,999
3049,66,185
3049,67,182
3049,68,246
3049,69,280
3049,70,947
3049,71,624
3049,72,311
3049,73,311
3049,74,311
3049,75,343
3049,76,247
3049,77,312
3049,78,182
3049,79,765
3049,80,667
3050,41,883
3050,42,187
3050,43,79
3050,44,798
3050,45,112
3050,46,50
3050,47,211
3050,48,668
3050,49,314
3050,50,285
3050,51,386
3050,52,320
3050,53,255
3050,54,223
3050,55,316
3050,56,480
3050,57,416
3050,58,352
3050,59,969
3050,60,352
3050,61,948
3050,62,805
3050,63,601
3050,64,473
3050,65,374
3050,66,504
3050,67,600
3050,68,536
3050,69,536
3050,70,567
3050,71,285
3050,72,246
3050,73,118
3050,74,51
3050,75,82
3050,76,113
3050,77,142
3050,78,113
3050,79,178
3050,80,174
3051,41,376
3051,42,669
3051,43,167
3051,44,781
3051,45,190
3051,46,687
3051,47,595
3051,48,657
3051,49,626
3051,50,657
3051,51,657
3051,52,750
3051,53,587
3051,54,520
3051,55,552
3051,56,647
3051,57,617
3051,58,488
3051,59,745
3051,60,777
3051,61,573
3051,62,865
3051,63,449
3051,64,243
3051,65,243
3051,66,274
3051,67,346
3051,68,241
3051,69,327
3051,70,391
3051,71,495
3051,72,845
3051,73,468
3051,74,593
3051,75,657
3051,76,688
3051,77,781
3051,78,966
3051,79,317
3051,80,839
3052,41,268
3052,42,415
3052,43,343
3052,44,235
3052,45,137
3052,46,70
3052,47,988
3052,48,74
3052,49,430
3052,50,40
3052,51,135
3052,52,41
3052,53,9
3052,54,74
3052,55,41
3052,56,74
3052,57,292
3052,58,8
3052,59,8
3052,60,8
3052,61,371
3052,62,876
3052,63,398
3052,64,496
3052,65,528
3052,66,530
3052,67,560
3052,68,619
3052,69,649
3052,70,555
3052,71,557
3052,72,619
3052,73,557
3052,74,893
3052,75,593
3052,76,592
3052,77,620
3052,78,492
3052,79,493
3052,80,495
3053,41,675
3053,42,938
3053,43,389
3053,44,431
3053,45,446
3053,46,394
3053,47,479
3053,48,455
3053,49,456
3053,50,531
3053,51,488
3053,52,428
3053,53,486
3053,54,555
3053,55,586
3053,56,616
3053,57,520
3053,58,272
3053,59,552
3053,60,290
3053,61,538
3053,62,893
3053,63,227
3053,64,322
3053,65,948
3053,66,324
3053,67,417
3053,68,356
3053,69,163
3053,70,290
3053,71,391
3053,72,167
3053,73,978
3053,74,264
3053,75,200
3053,76,155
3053,77,199
3053,78,170
3053,79,930
3053,80,844
3054,41,821
3054,42,946
3054,43,450
3054,44,395
3054,45,395
3054,46,364
3054,47,424
3054,48,390
3054,49,390
3054,50,427
3054,51,493
3054,52,362
3054,53,424
3054,54,424
3054,55,259
3054,56,291
3054,57,449
3054,58,610
3054,59,481
3054,60,541
3054,61,753
3054,62,346
3054,63,424
3054,64,620
3054,65,562
3054,66,593
3054,67,58
3054,68,719
3054,69,627
3054,70,841
3054,71,626
3054,72,781
3054,73,782
3054,74,874
3054,75,777
3054,76,744
3054,77,634
3054,78,346
3054,79,579
3054,80,904
3055,41,865
3055,42,1023
3055,43,809
3055,44,874
3055,45,649
3055,46,681
3055,47,841
3055,48,756
3055,49,1008
3055,50,940
3055,51,666
3055,52,811
3055,53,845
3055,54,125
3055,55,617
3055,56,851
3055,57,738
3055,58,676
3055,59,761
3055,60,426
3055,61,396
3055,62,140
3055,63,805
3055,64,864
3055,65,870
3055,66,707
3055,67,642
3055,68,708
3055,69,707
3055,70,870
3055,71,773
3055,72,1000
3055,73,899
3055,74,899
3055,75,868
3055,76,99
3055,77,836
3055,78,868
3055,79,868
3055,80,837
3056,41,207
3056,42,782
3056,43,515
3056,44,254
3056,45,191
3056,46,171
3056,47,624
3056,48,248
3056,49,182
3056,50,20
3056,51,461
3056,52,848
3056,53,444
3056,54,570
3056,55,442
3056,56,183
3056,57,116
3056,58,85
3056,59,115
3056,60,82
3056,61,876
3056,62,936
3056,63,49
3056,64,911
3056,65,140
3056,66,138
3056,67,167
3056,68,391
3056,69,291
3056,70,259
3056,71,100
3056,72,93
3056,73,66
3056,74,131
3056,75,215
3056,76,164
3056,77,166
3056,78,553
3056,79,137
3056,80,168
3057,41,356
3057,42,636
3057,43,688
3057,44,626
3057,45,626
3057,46,501
3057,47,501
3057,48,817
3057,49,657
3057,50,935
3057,51,843
3057,52,245
3057,53,593
3057,54,599
3057,55,564
3057,56,595
3057,57,626
3057,58,627
3057,59,501
3057,60,501
3057,61,989
3057,62,493
3057,63,143
3057,64,209
3057,65,212
3057,66,180
3057,67,212
3057,68,176
3057,69,1011
3057,70,244
3057,71,277
3057,72,275
3057,73,408
3057,74,438
3057,75,567
3057,76,627
3057,77,659
3057,78,688
3057,79,688
3057,80,813
3058,41,763
3058,42,207
3058,43,501
3058,44,504
3058,45,614
3058,46,614
3058,47,427
3058,48,424
3058,49,227
3058,50,36
3058,51,70
3058,52,71
3058,53,71
3058,54,69
3058,55,167
3058,56,101
3058,57,191
3058,58,69
3058,59,36
3058,60,3
3058,61,316
3058,62,766
3058,63,456
3058,64,488
3058,65,323
3058,66,417
3058,67,277
3058,68,508
3058,69,684
3058,70,685
3058,71,748
3058,72,309
3058,73,810
3058,74,509
3058,75,779
3058,76,685
3058,77,520
3058,78,684
3058,79,918
3058,80,682
3059,41,906
3059,42,751
3059,43,69
3059,44,134
3059,45,72
3059,46,200
3059,47,359
3059,48,295
3059,49,358
3059,50,242
3059,51,304
3059,52,580
3059,53,559
3059,54,562
3059,55,530
3059,56,501
3059,57,399
3059,58,320
3059,59,566
3059,60,904
3059,61,546
3059,62,762
3059,63,116
3059,64,134
3059,65,3
3059,66,869
3059,67,202
3059,68,70
3059,69,102
3059,70,997
3059,71,390
3059,72,232
3059,73,1004
3059,74,232
3059,75,119
3059,76,326
3059,77,264
3059,78,358
3059,79,264
3059,80,359
3060,41,548
3060,42,928
3060,43,117
3060,44,82
3060,45,18
3060,46,81
3060,47,50
3060,48,81
3060,49,114
3060,50,212
3060,51,18
3060,52,18
3060,53,16
3060,54,114
3060,55,18
3060,56,115
3060,57,213
3060,58,855
3060,59,443
3060,60,273
3060,61,487
3060,62,953
3060,63,755
3060,64,183
3060,65,182
3060,66,149
3060,67,183
3060,68,52
3060,69,528
3060,70,117
3060,71,52
3060,72,183
3060,73,946
3060,74,152
3060,75,13
3060,76,218
3060,77,283
3060,78,188
3060,79,283
3060,80,428
3061,41,786
3061,42,719
3061,43,375
3061,44,374
3061,45,501
3061,46,374
3061,47,375
3061,48,379
3061,49,378
3061,50,346
3061,51,346
3061,52,316
3061,53,432
3061,54,398
3061,55,447
3061,56,497
3061,57,497
3061,58,986
3061,59,427
3061,60,427
3061,61,639
3061,62,413
3061,63,315
3061,64,415
3061,65,348
3061,66,25
3061,67,362
3061,68,348
3061,69,381
3061,70,817
3061,71,413
3061,72,413
3061,73,413
3061,74,445
3061,75,186
3061,76,377
3061,77,444
3061,78,558
3061,79,344
3061,80,477
3062,41,866
3062,42,819
3062,43,327
3062,44,358
3062,45,167
3062,46,200
3062,47,789
3062,48,424
3062,49,681
3062,50,393
3062,51,363
3062,52,699
3062,53,201
3062,54,237
3062,55,343
3062,56,331
3062,57,138
3062,58,236
3062,59,236
3062,60,276
3062,61,907
3062,62,433
3062,63,206
3062,64,307
3062,65,169
3062,66,935
3062,67,236
3062,68,62
3062,69,236
3062,70,271
3062,71,363
3062,72,901
3062,73,611
3062,74,275
3062,75,306
3062,76,235
3062,77,169
3062,78,205
3062,79,237
3062,80,141
3063,41,753
3063,42,674
3063,43,309
3063,44,276
3063,45,343
3063,46,365
3063,47,336
3063,48,425
3063,49,584
3063,50,306
3063,51,359
3063,52,51
3063,53,391
3063,54,828
3063,55,420
3063,56,481
3063,57,727
3063,58,930
3063,59,356
3063,60,768
3063,61,192
3063,62,800
3063,63,395
3063,64,391
3063,65,244
3063,66,363
3063,67,362
3063,68,268
3063,69,543
3063,70,121
3063,71,237
3063,72,304
3063,73,337
3063,74,309
3063,75,441
3063,76,280
3063,77,313
3063,78,283
3063,79,182
3063,80,348
3064,41,90
3064,42,561
3064,43,115
3064,44,146
3064,45,276
3064,46,280
3064,47,250
3064,48,282
3064,49,714
3064,50,190
3064,51,189
3064,52,189
3064,53,187
3064,54,281
3064,55,717
3064,56,503
3064,57,60
3064,58,122
3064,59,154
3064,60,216
3064,61,991
3064,62,694
3064,63,185
3064,64,68
3064,65,91
3064,66,122
3064,67,182
3064,68,10
3064,69,244
3064,70,246
3064,71,307
3064,72,342
3064,73,466
3064,74,450
3064,75,289
3064,76,424
3064,77,453
3064,78,454
3064,79,486
3064,80,486
3065,41,806
3065,42,315
3065,43,114
3065,44,211
3065,45,751
3065,46,40
3065,47,1006
3065,48,203
3065,49,71
3065,50,71
3065,51,73
3065,52,70
3065,53,102
3065,54,347
3065,55,72
3065,56,67
3065,57,693
3065,58,37
3065,59,237
3065,60,299
3065,61,471
3065,62,339
3065,63,232
3065,64,295
3065,65,232
3065,66,703
3065,67,960
3065,68,195
3065,69,129
3065,70,990
3065,71,129
3065,72,495
3065,73,733
3065,74,104
3065,75,170
3065,76,104
3065,77,36
3065,78,390
3065,79,133
3065,80,101
3066,41,560
3066,42,356
3066,43,326
3066,44,232
3066,45,327
3066,46,203
3066,47,38
3066,48,338
3066,49,243
3066,50,370
3066,51,369
3066,52,403
3066,53,403
3066,54,317
3066,55,137
3066,56,271
3066,57,203
3066,58,277
3066,59,271
3066,60,682
3066,61,283
3066,62,387
3066,63,169
3066,64,237
3066,65,882
3066,66,267
3066,67,331
3066,68,864
3066,69,267
3066,70,810
3066,71,138
3066,72,204
3066,73,138
3066,74,207
3066,75,559
3066,76,3
3066,77,70
3066,78,236
3066,79,238
3066,80,272
3067,41,821
3067,42,462
3067,43,342
3067,44,345
3067,45,379
3067,46,998
3067,47,311
3067,48,279
3067,49,456
3067,50,280
3067,51,248
3067,52,216
3067,53,216
3067,54,117
3067,55,345
3067,56,395
3067,57,1006
3067,58,110
3067,59,770
3067,60,184
3067,61,91
3067,62,929
3067,63,314
3067,64,167
3067,65,92
3067,66,122
3067,67,94
3067,68,91
3067,69,91
3067,70,760
3067,71,653
3067,72,123
3067,73,31
3067,74,616
3067,75,128
3067,76,63
3067,77,60
3067,78,60
3067,79,94
3067,80,29
3068,41,222
3068,42,511
3068,43,259
3068,44,259
3068,45,99
3068,46,3
3068,47,782
3068,48,33
3068,49,35
3068,50,73
3068,51,35
3068,52,35
3068,53,35
3068,54,1
3068,55,3
3068,56,99
3068,57,3
3068,58,786
3068,59,3
3068,60,3
3068,61,365
3068,62,626
3068,63,98
3068,64,449
3068,65,449
3068,66,385
3068,67,259
3068,68,99
3068,69,195
3068,70,323
3068,71,289
3068,72,355
3068,73,355
3068,74,355
3068,75,355
3068,76,844
3068,77,355
3068,78,355
3068,79,352
3068,80,290
3069,41,449
3069,42,483
3069,43,543
3069,44,131
3069,45,324
3069,46,189
3069,47,161
3069,48,396
3069,49,390
3069,50,356
3069,51,385
3069,52,142
3069,53,417
3069,54,417
3069,55,290
3069,56,417
3069,57,449
3069,58,610
3069,59,182
3069,60,967
3069,61,502
3069,62,916
3069,63,386
3069,64,481
3069,65,737
3069,66,707
3069,67,291
3069,68,389
3069,69,576
3069,70,451
3069,71,424
3069,72,425
3069,73,433
3069,74,357
3069,75,35
3069,76,927
3069,77,698
3069,78,67
3069,79,67
3069,80,130
3070,41,190
3070,42,203
3070,43,764
3070,44,485
3070,45,994
3070,46,451
3070,47,573
3070,48,391
3070,49,649
3070,50,648
3070,51,678
3070,52,548
3070,53,450
3070,54,788
3070,55,195
3070,56,195
3070,57,195
3070,58,195
3070,59,131
3070,60,226
3070,61,923
3070,62,223
3070,63,561
3070,64,79
3070,65,809
3070,66,569
3070,67,530
3070,68,532
3070,69,567
3070,70,505
3070,71,537
3070,72,667
3070,73,506
3070,74,602
3070,75,602
3070,76,603
3070,77,601
3070,78,536
3070,79,537
3070,80,632
3071,41,957
3071,42,766
3071,43,692
3071,44,756
3071,45,662
3071,46,473
3071,47,476
3071,48,683
3071,49,285
3071,50,224
3071,51,344
3071,52,410
3071,53,790
3071,54,313
3071,55,346
3071,56,284
3071,57,315
3071,58,378
3071,59,475
3071,60,633
3071,61,343
3071,62,614
3071,63,830
3071,64,116
3071,65,702
3071,66,733
3071,67,795
3071,68,729
3071,69,200
3071,70,758
3071,71,825
3071,72,719
3071,73,821
3071,74,630
3071,75,857
3071,76,853
3071,77,859
3071,78,923
3071,79,922
3071,80,859
3072,41,312
3072,42,39
3072,43,316
3072,44,284
3072,45,186
3072,46,315
3072,47,381
3072,48,185
3072,49,381
3072,50,379
3072,51,75
3072,52,182
3072,53,2
3072,54,310
3072,55,21
3072,56,88
3072,57,85
3072,58,85
3072,59,247
3072,60,625
3072,61,702
3072,62,107
3072,63,218
3072,64,189
3072,65,283
3072,66,216
3072,67,85
3072,68,313
3072,69,345
3072,70,955
3072,71,316
3072,72,287
3072,73,315
3072,74,252
3072,75,348
3072,76,382
3072,77,414
3072,78,348
3072,79,348
3072,80,348
3073,41,31
3073,42,383
3073,43,420
3073,44,890
3073,45,450
3073,46,421
3073,47,424
3073,48,427
3073,49,390
3073,50,390
3073,51,393
3073,52,886
3073,53,289
3073,54,345
3073,55,163
3073,56,8
3073,57,323
3073,58,195
3073,59,389
3073,60,417
3073,61,837
3073,62,4
3073,63,357
3073,64,389
3073,65,324
3073,66,3
3073,67,99
3073,68,227
3073,69,67
3073,70,226
3073,71,226
3073,72,227
3073,73,356
3073,74,67
3073,75,36
3073,76,33
3073,77,438
3073,78,2
3073,79,131
3073,80,195
3074,41,496
3074,42,382
3074,43,425
3074,44,425
3074,45,497
3074,46,423
3074,47,429
3074,48,502
3074,49,233
3074,50,438
3074,51,438
3074,52,181
3074,53,181
3074,54,505
3074,55,193
3074,56,505
3074,57,505
3074,58,505
3074,59,505
3074,60,181
3074,61,650
3074,62,95
3074,63,466
3074,64,504
3074,65,504
3074,66,193
3074,67,504
3074,68,504
3074,69,727
3074,70,504
3074,71,440
3074,72,440
3074,73,440
3074,74,180
3074,75,479
3074,76,440
3074,77,440
3074,78,745
3074,79,444
3074,80,478
3075,41,401
3075,42,957
3075,43,566
3075,44,900
3075,45,533
3075,46,537
3075,47,510
3075,48,539
3075,49,601
3075,50,601
3075,51,567
3075,52,536
3075,53,438
3075,54,223
3075,55,502
3075,56,470
3075,57,470
3075,58,536
3075,59,536
3075,60,994
3075,61,740
3075,62,887
3075,63,536
3075,64,45
3075,65,438
3075,66,187
3075,67,472
3075,68,601
3075,69,505
3075,70,505
3075,71,863
3075,72,660
3075,73,910
3075,74,848
3075,75,361
3075,76,973
3075,77,756
3075,78,910
3075,79,880
3075,80,817
3076,41,990
3076,42,40
3076,43,478
3076,44,898
3076,45,662
3076,46,600
3076,47,658
3076,48,533
3076,49,594
3076,50,416
3076,51,661
3076,52,198
3076,53,633
3076,54,441
3076,55,666
3076,56,602
3076,57,505
3076,58,504
3076,59,533
3076,60,662
3076,61,273
3076,62,204
3076,63,729
3076,64,505
3076,65,505
3076,66,505
3076,67,569
3076,68,506
3076,69,699
3076,70,667
3076,71,239
3076,72,603
3076,73,603
3076,74,634
3076,75,505
3076,76,504
3076,77,473
3076,78,448
3076,79,473
3076,80,410
3077,41,784
3077,42,981
3077,43,108
3077,44,616
3077,45,215
3077,46,378
3077,47,314
3077,48,171
3077,49,284
3077,50,415
3077,51,415
3077,52,349
3077,53,349
3077,54,316
3077,55,921
3077,56,313
3077,57,270
3077,58,708
3077,59,313
3077,60,313
3077,61,794
3077,62,122
3077,63,473
3077,64,204
3077,65,554
3077,66,283
3077,67,132
3077,68,209
3077,69,224
3077,70,224
3077,71,392
3077,72,285
3077,73,254
3077,74,269
3077,75,379
3077,76,473
3077,77,313
3077,78,313
3077,79,93
3077,80,916
3078,41,131
3078,42,937
3078,43,202
3078,44,170
3078,45,439
3078,46,249
3078,47,752
3078,48,276
3078,49,342
3078,50,148
3078,51,182
3078,52,184
3078,53,154
3078,54,856
3078,55,216
3078,56,250
3078,57,122
3078,58,91
3078,59,481
3078,60,321
3078,61,670
3078,62,315
3078,63,237
3078,64,602
3078,65,203
3078,66,803
3078,67,401
3078,68,331
3078,69,236
3078,70,170
3078,71,236
3078,72,468
3078,73,475
3078,74,404
3078,75,275
3078,76,247
3078,77,473
3078,78,311
3078,79,148
3078,80,865
3079,41,938
3079,42,544
3079,43,144
3079,44,72
3079,45,109
3079,46,16
3079,47,16
3079,48,828
3079,49,48
3079,50,19
3079,51,179
3079,52,113
3079,53,143
3079,54,48
3079,55,670
3079,56,181
3079,57,620
3079,58,112
3079,59,383
3079,60,79
3079,61,756
3079,62,907
3079,63,240
3079,64,110
3079,65,176
3079,66,9
3079,67,72
3079,68,152
3079,69,108
3079,70,74
3079,71,180
3079,72,101
3079,73,109
3079,74,111
3079,75,111
3079,76,143
3079,77,113
3079,78,788
3079,79,108
3079,80,144
3080,41,714
3080,42,191
3080,43,349
3080,44,415
3080,45,352
3080,46,384
3080,47,416
3080,48,352
3080,49,315
3080,50,747
3080,51,278
3080,52,343
3080,53,135
3080,54,20
3080,55,117
3080,56,85
3080,57,183
3080,58,64
3080,59,797
3080,60,190
3080,61,138
3080,62,53
3080,63,349
3080,64,315
3080,65,281
3080,66,345
3080,67,344
3080,68,344
3080,69,344
3080,70,476
3080,71,541
3080,72,607
3080,73,607
3080,74,541
3080,75,607
3080,76,640
3080,77,586
3080,78,672
3080,79,608
3080,80,540
3081,41,416
3081,42,347
3081,43,185
3081,44,185
3081,45,125
3081,46,122
3081,47,154
3081,48,60
3081,49,93
3081,50,385
3081,51,92
3081,52,92
3081,53,92
3081,54,948
3081,55,29
3081,56,466
3081,57,122
3081,58,90
3081,59,90
3081,60,57
3081,61,996
3081,62,618
3081,63,568
3081,64,633
3081,65,632
3081,66,664
3081,67,311
3081,68,338
3081,69,568
3081,70,535
3081,71,725
3081,72,417
3081,73,694
3081,74,662
3081,75,816
3081,76,488
3081,77,665
3081,78,632
3081,79,62
3081,80,632
3082,41,175
3082,42,938
3082,43,237
3082,44,275
3082,45,305
3082,46,236
3082,47,297
3082,48,202
3082,49,748
3082,50,277
3082,51,278
3082,52,246
3082,53,337
3082,54,271
3082,55,303
3082,56,186
3082,57,372
3082,58,143
3082,59,277
3082,60,277
3082,61,3
3082,62,382
3082,63,7
3082,64,547
3082,65,39
3082,66,70
3082,67,306
3082,68,242
3082,69,271
3082,70,376
3082,71,74
3082,72,274
3082,73,822
3082,74,470
3082,75,227
3082,76,132
3082,77,102
3082,78,498
3082,79,238
3082,80,271
3083,41,351
3083,42,127
3083,43,419
3083,44,419
3083,45,419
3083,46,419
3083,47,419
3083,48,500
3083,49,419
3083,50,419
3083,51,419
3083,52,419
3083,53,419
3083,54,354
3083,55,419
3083,56,419
3083,57,239
3083,58,419
3083,59,419
3083,60,419
3083,61,425
3083,62,505
3083,63,259
3083,64,132
3083,65,66
3083,66,292
3083,67,99
3083,68,162
3083,69,356
3083,70,569
3083,71,569
3083,72,537
3083,73,537
3083,74,537
3083,75,537
3083,76,297
3083,77,537
3083,78,537
3083,79,472
3083,80,432
3084,41,578
3084,42,904
3084,43,48
3084,44,454
3084,45,82
3084,46,374
3084,47,375
3084,48,277
3084,49,276
3084,50,504
3084,51,36
3084,52,501
3084,53,628
3084,54,626
3084,55,842
3084,56,843
3084,57,595
3084,58,724
3084,59,725
3084,60,971
3084,61,523
3084,62,412
3084,63,209
3084,64,214
3084,65,214
3084,66,439
3084,67,505
3084,68,471
3084,69,432
3084,70,434
3084,71,466
3084,72,438
3084,73,401
3084,74,426
3084,75,516
3084,76,516
3084,77,454
3084,78,486
3084,79,423
3084,80,745
3085,41,964
3085,42,176
3085,43,905
3085,44,903
3085,45,322
3085,46,928
3085,47,1000
3085,48,721
3085,49,838
3085,50,807
3085,51,773
3085,52,805
3085,53,315
3085,54,836
3085,55,372
3085,56,868
3085,57,222
3085,58,807
3085,59,807
3085,60,986
3085,61,620
3085,62,676
3085,63,940
3085,64,239
3085,65,976
3085,66,907
3085,67,941
3085,68,941
3085,69,857
3085,70,773
3085,71,428
3085,72,936
3085,73,978
3085,74,906
3085,75,906
3085,76,842
3085,77,809
3085,78,837
3085,79,805
3085,80,192
3086,41,947
3086,42,636
3086,43,831
3086,44,886
3086,45,584
3086,46,809
3086,47,777
3086,48,875
3086,49,809
3086,50,456
3086,51,649
3086,52,591
3086,53,597
3086,54,598
3086,55,569
3086,56,569
3086,57,602
3086,58,918
3086,59,544
3086,60,640
3086,61,529
3086,62,697
3086,63,936
3086,64,874
3086,65,340
3086,66,743
3086,67,971
3086,68,711
3086,69,711
3086,70,810
3086,71,839
3086,72,781
3086,73,841
3086,74,842
3086,75,812
3086,76,593
3086,77,445
3086,78,626
3086,79,561
3086,80,595
3087,41,84
3087,42,636
3087,43,162
3087,44,199
3087,45,139
3087,46,429
3087,47,275
3087,48,301
3087,49,300
3087,50,300
3087,51,302
3087,52,366
3087,53,600
3087,54,425
3087,55,396
3087,56,398
3087,57,425
3087,58,861
3087,59,80
3087,60,357
3087,61,80
3087,62,96
3087,63,388
3087,64,290
3087,65,389
3087,66,1021
3087,67,390
3087,68,422
3087,69,431
3087,70,370
3087,71,464
3087,72,529
3087,73,464
3087,74,498
3087,75,498
3087,76,416
3087,77,378
3087,78,480
3087,79,669
3087,80,407
3088,41,132
3088,42,233
3088,43,11
3088,44,290
3088,45,427
3088,46,451
3088,47,481
3088,48,610
3088,49,870
3088,50,610
3088,51,1008
3088,52,251
3088,53,806
3088,54,772
3088,55,578
3088,56,227
3088,57,67
3088,58,253
3088,59,195
3088,60,194
3088,61,533
3088,62,173
3088,63,638
3088,64,574
3088,65,607
3088,66,574
3088,67,110
3088,68,575
3088,69,541
3088,70,469
3088,71,534
3088,72,500
3088,73,621
3088,74,534
3088,75,596
3088,76,596
3088,77,434
3088,78,207
3088,79,389
3088,80,663
3089,41,581
3089,42,127
3089,43,601
3089,44,928
3089,45,797
3089,46,992
3089,47,830
3089,48,861
3089,49,892
3089,50,663
3089,51,892
3089,52,889
3089,53,825
3089,54,794
3089,55,662
3089,56,723
3089,57,824
3089,58,505
3089,59,505
3089,60,595
3089,61,30
3089,62,851
3089,63,209
3089,64,209
3089,65,108
3089,66,12
3089,67,108
3089,68,110
3089,69,210
3089,70,181
3089,71,149
3089,72,149
3089,73,182
3089,74,182
3089,75,110
3089,76,686
3089,77,182
3089,78,549
3089,79,182
3089,80,147
3090,41,1014
3090,42,110
3090,43,751
3090,44,894
3090,45,683
3090,46,649
3090,47,349
3090,48,681
3090,49,714
3090,50,714
3090,51,683
3090,52,683
3090,53,649
3090,54,584
3090,55,105
3090,56,991
3090,57,241
3090,58,297
3090,59,201
3090,60,202
3090,61,1021
3090,62,119
3090,63,818
3090,64,849
3090,65,875
3090,66,910
3090,67,660
3090,68,342
3090,69,750
3090,70,843
3090,71,842
3090,72,596
3090,73,767
3090,74,832
3090,75,757
3090,76,693
3090,77,566
3090,78,503
3090,79,739
3090,80,60
3091,41,810
3091,42,374
3091,43,743
3091,44,591
3091,45,679
3091,46,273
3091,47,620
3091,48,613
3091,49,646
3091,50,679
3091,51,677
3091,52,706
3091,53,676
3091,54,679
3091,55,648
3091,56,634
3091,57,620
3091,58,557
3091,59,623
3091,60,1013
3091,61,259
3091,62,745
3091,63,398
3091,64,366
3091,65,348
3091,66,143
3091,67,918
3091,68,430
3091,69,429
3091,70,432
3091,71,40
3091,72,499
3091,73,561
3091,74,558
3091,75,557
3091,76,559
3091,77,555
3091,78,556
3091,79,116
3091,80,556
3092,41,743
3092,42,754
3092,43,979
3092,44,198
3092,45,232
3092,46,168
3092,47,523
3092,48,2
3092,49,132
3092,50,133
3092,51,132
3092,52,860
3092,53,99
3092,54,195
3092,55,199
3092,56,456
3092,57,56
3092,58,163
3092,59,163
3092,60,164
3092,61,297
3092,62,235
3092,63,173
3092,64,299
3092,65,331
3092,66,237
3092,67,267
3092,68,237
3092,69,104
3092,70,204
3092,71,173
3092,72,207
3092,73,89
3092,74,237
3092,75,50
3092,76,815
3092,77,112
3092,78,143
3092,79,178
3092,80,111
3093,41,714
3093,42,639
3093,43,227
3093,44,385
3093,45,291
3093,46,338
3093,47,307
3093,48,267
3093,49,713
3093,50,337
3093,51,365
3093,52,336
3093,53,519
3093,54,290
3093,55,332
3093,56,830
3093,57,356
3093,58,322
3093,59,577
3093,60,259
3093,61,83
3093,62,61
3093,63,162
3093,64,413
3093,65,2
3093,66,36
3093,67,3
3093,68,135
3093,69,132
3093,70,68
3093,71,908
3093,72,160
3093,73,165
3093,74,200
3093,75,106
3093,76,70
3093,77,613
3093,78,277
3093,79,972
3093,80,182
3094,41,430
3094,42,159
3094,43,151
3094,44,152
3094,45,154
3094,46,154
3094,47,215
3094,48,86
3094,49,184
3094,50,885
3094,51,997
3094,52,183
3094,53,91
3094,54,151
3094,55,60
3094,56,182
3094,57,740
3094,58,438
3094,59,405
3094,60,311
3094,61,24
3094,62,305
3094,63,151
3094,64,182
3094,65,313
3094,66,1007
3094,67,279
3094,68,184
3094,69,183
3094,70,181
3094,71,52
3094,72,150
3094,73,311
3094,74,311
3094,75,311
3094,76,311
3094,77,436
3094,78,504
3094,79,501
3094,80,532
3095,41,191
3095,42,350
3095,43,344
3095,44,250
3095,45,473
3095,46,429
3095,47,185
3095,48,63
3095,49,250
3095,50,248
3095,51,924
3095,52,314
3095,53,618
3095,54,601
3095,55,597
3095,56,856
3095,57,244
3095,58,632
3095,59,632
3095,60,520
3095,61,268
3095,62,12
3095,63,630
3095,64,657
3095,65,605
3095,66,657
3095,67,777
3095,68,777
3095,69,1006
3095,70,973
3095,71,472
3095,72,813
3095,73,750
3095,74,781
3095,75,688
3095,76,640
3095,77,504
3095,78,566
3095,79,662
3095,80,694
3096,41,1003
3096,42,486
3096,43,643
3096,44,118
3096,45,152
3096,46,152
3096,47,54
3096,48,54
3096,49,152
3096,50,677
3096,51,152
3096,52,118
3096,53,118
3096,54,152
3096,55,201
3096,56,118
3096,57,54
3096,58,118
3096,59,118
3096,60,118
3096,61,585
3096,62,80
3096,63,152
3096,64,54
3096,65,152
3096,66,54
3096,67,152
3096,68,152
3096,69,54
3096,70,55
3096,71,795
3096,72,152
3096,73,152
3096,74,152
3096,75,54
3096,76,152
3096,77,152
3096,78,118
3096,79,118
3096,80,118
3097,41,609
3097,42,939
3097,43,299
3097,44,172
3097,45,831
3097,46,1009
3097,47,376
3097,48,236
3097,49,206
3097,50,305
3097,51,238
3097,52,789
3097,53,825
3097,54,184
3097,55,280
3097,56,115
3097,57,115
3097,58,50
3097,59,150
3097,60,51
3097,61,974
3097,62,122
3097,63,277
3097,64,277
3097,65,307
3097,66,113
3097,67,179
3097,68,751
3097,69,277
3097,70,169
3097,71,169
3097,72,205
3097,73,236
3097,74,299
3097,75,172
3097,76,333
3097,77,268
3097,78,104
3097,79,236
3097,80,236
3098,41,741
3098,42,665
3098,43,904
3098,44,967
3098,45,807
3098,46,840
3098,47,809
3098,48,968
3098,49,874
3098,50,745
3098,51,617
3098,52,617
3098,53,682
3098,54,743
3098,55,743
3098,56,649
3098,57,683
3098,58,135
3098,59,618
3098,60,203
3098,61,790
3098,62,716
3098,63,779
3098,64,595
3098,65,336
3098,66,743
3098,67,741
3098,68,741
3098,69,842
3098,70,745
3098,71,465
3098,72,805
3098,73,283
3098,74,807
3098,75,808
3098,76,808
3098,77,808
3098,78,808
3098,79,617
3098,80,585
3099,41,970
3099,42,352
3099,43,637
3099,44,637
3099,45,607
3099,46,476
3099,47,607
3099,48,162
3099,49,474
3099,50,472
3099,51,122
3099,52,535
3099,53,472
3099,54,528
3099,55,443
3099,56,541
3099,57,357
3099,58,608
3099,59,672
3099,60,634
3099,61,896
3099,62,188
3099,63,539
3099,64,443
3099,65,542
3099,66,815
3099,67,846
3099,68,505
3099,69,505
3099,70,537
3099,71,442
3099,72,410
3099,73,638
3099,74,1002
3099,75,539
3099,76,30
3099,77,506
3099,78,505
3099,79,666
3099,80,798
3100,41,960
3100,42,616
3100,43,394
3100,44,393
3100,45,326
3100,46,264
3100,47,326
3100,48,232
3100,49,644
3100,50,175
3100,51,71
3100,52,70
3100,53,8
3100,54,326
3100,55,264
3100,56,498
3100,57,967
3100,58,761
3100,59,7
3100,60,71
3100,61,926
3100,62,805
3100,63,104
3100,64,264
3100,65,297
3100,66,267
3100,67,203
3100,68,237
3100,69,237
3100,70,169
3100,71,203
3100,72,205
3100,73,142
3100,74,174
3100,75,207
3100,76,207
3100,77,815
3100,78,142
3100,79,142
3100,80,418
3101,41,224
3101,42,198
3101,43,537
3101,44,537
3101,45,537
3101,46,537
3101,47,537
3101,48,126
3101,49,537
3101,50,23
3101,51,685
3101,52,537
3101,53,708
3101,54,537
3101,55,537
3101,56,1008
3101,57,621
3101,58,537
3101,59,537
3101,60,537
3101,61,754
3101,62,722
3101,63,695
3101,64,695
3101,65,729
3101,66,759
3101,67,760
3101,68,825
3101,69,792
3101,70,825
3101,71,890
3101,72,920
3101,73,121
3101,74,891
3101,75,859
3101,76,474
3101,77,642
3101,78,923
3101,79,795
3101,80,622
3102,41,754
3102,42,860
3102,43,933
3102,44,479
3102,45,444
3102,46,444
3102,47,542
3102,48,422
3102,49,422
3102,50,44
3102,51,681
3102,52,426
3102,53,552
3102,54,476
3102,55,479
3102,56,477
3102,57,797
3102,58,476
3102,59,115
3102,60,509
3102,61,168
3102,62,910
3102,63,973
3102,64,1004
3102,65,911
3102,66,79
3102,67,910
3102,68,879
3102,69,684
3102,70,785
3102,71,787
3102,72,596
3102,73,596
3102,74,535
3102,75,533
3102,76,504
3102,77,504
3102,78,478
3102,79,436
3102,80,404
3103,41,338
3103,42,435
3103,43,596
3103,44,597
3103,45,628
3103,46,600
3103,47,840
3103,48,813
3103,49,814
3103,50,919
3103,51,846
3103,52,924
3103,53,846
3103,54,814
3103,55,814
3103,56,581
3103,57,814
3103,58,814
3103,59,846
3103,60,909
3103,61,945
3103,62,402
3103,63,1001
3103,64,818
3103,65,756
3103,66,973
3103,67,1003
3103,68,972
3103,69,1007
3103,70,786
3103,71,597
3103,72,536
3103,73,628
3103,74,662
3103,75,566
3103,76,812
3103,77,812
3103,78,99
3103,79,657
3103,80,497
3104,41,455
3104,42,221
3104,43,142
3104,44,523
3104,45,110
3104,46,828
3104,47,45
3104,48,141
3104,49,138
3104,50,268
3104,51,236
3104,52,220
3104,53,144
3104,54,143
3104,55,144
3104,56,142
3104,57,185
3104,58,304
3104,59,472
3104,60,984
3104,61,395
3104,62,209
3104,63,236
3104,64,238
3104,65,141
3104,66,167
3104,67,75
3104,68,76
3104,69,171
3104,70,306
3104,71,509
3104,72,277
3104,73,430
3104,74,431
3104,75,431
3104,76,469
3104,77,244
3104,78,425
3104,79,362
3104,80,392
3105,41,950
3105,42,184
3105,43,608
3105,44,916
3105,45,542
3105,46,443
3105,47,476
3105,48,444
3105,49,480
3105,50,602
3105,51,378
3105,52,809
3105,53,475
3105,54,640
3105,55,640
3105,56,409
3105,57,563
3105,58,315
3105,59,602
3105,60,410
3105,61,350
3105,62,560
3105,63,484
3105,64,479
3105,65,410
3105,66,540
3105,67,480
3105,68,200
3105,69,476
3105,70,375
3105,71,375
3105,72,374
3105,73,406
3105,74,244
3105,75,214
3105,76,943
3105,77,700
3105,78,700
3105,79,626
3105,80,593
3106,41,752
3106,42,770
3106,43,73
3106,44,73
3106,45,140
3106,46,252
3106,47,74
3106,48,69
3106,49,168
3106,50,740
3106,51,412
3106,52,822
3106,53,235
3106,54,398
3106,55,466
3106,56,467
3106,57,560
3106,58,368
3106,59,501
3106,60,432
3106,61,461
3106,62,874
3106,63,1016
3106,64,131
3106,65,131
3106,66,138
3106,67,70
3106,68,34
3106,69,260
3106,70,35
3106,71,70
3106,72,101
3106,73,170
3106,74,170
3106,75,103
3106,76,136
3106,77,69
3106,78,35
3106,79,545
3106,80,132
3107,41,126
3107,42,473
3107,43,326
3107,44,295
3107,45,481
3107,46,519
3107,47,65
3107,48,552
3107,49,421
3107,50,260
3107,51,449
3107,52,450
3107,53,451
3107,54,450
3107,55,407
3107,56,232
3107,57,552
3107,58,812
3107,59,936
3107,60,874
3107,61,359
3107,62,586
3107,63,263
3107,64,135
3107,65,232
3107,66,359
3107,67,232
3107,68,52
3107,69,295
3107,70,456
3107,71,717
3107,72,781
3107,73,626
3107,74,185
3107,75,657
3107,76,684
3107,77,649
3107,78,649
3107,79,776
3107,80,423
3108,41,1004
3108,42,504
3108,43,569
3108,44,451
3108,45,450
3108,46,423
3108,47,520
3108,48,356
3108,49,390
3108,50,326
3108,51,201
3108,52,7
3108,53,7
3108,54,366
3108,55,71
3108,56,795
3108,57,128
3108,58,108
3108,59,844
3108,60,225
3108,61,309
3108,62,902
3108,63,684
3108,64,221
3108,65,682
3108,66,44
3108,67,853
3108,68,757
3108,69,992
3108,70,726
3108,71,762
3108,72,698
3108,73,593
3108,74,261
3108,75,506
3108,76,538
3108,77,542
3108,78,478
3108,79,509
3108,80,509
3109,41,969
3109,42,366
3109,43,839
3109,44,657
3109,45,593
3109,46,559
3109,47,557
3109,48,451
3109,49,450
3109,50,395
3109,51,268
3109,52,204
3109,53,299
3109,54,203
3109,55,73
3109,56,935
3109,57,71
3109,58,763
3109,59,107
3109,60,108
3109,61,164
3109,62,993
3109,63,776
3109,64,456
3109,65,849
3109,66,712
3109,67,776
3109,68,839
3109,69,903
3109,70,1000
3109,71,221
3109,72,838
3109,73,773
3109,74,769
3109,75,773
3109,76,679
3109,77,677
3109,78,863
3109,79,454
3109,80,486
3110,41,312
3110,42,575
3110,43,427
3110,44,422
3110,45,428
3110,46,643
3110,47,623
3110,48,440
3110,49,435
3110,50,467
3110,51,436
3110,52,343
3110,53,312
3110,54,246
3110,55,277
3110,56,438
3110,57,148
3110,58,272
3110,59,337
3110,60,311
3110,61,568
3110,62,365
3110,63,385
3110,64,911
3110,65,513
3110,66,421
3110,67,454
3110,68,585
3110,69,618
3110,70,617
3110,71,584
3110,72,520
3110,73,681
3110,74,221
3110,75,199
3110,76,167
3110,77,204
3110,78,109
3110,79,204
3110,80,147
3111,41,64
3111,42,392
3111,43,683
3111,44,684
3111,45,20
3111,46,823
3111,47,790
3111,48,695
3111,49,757
3111,50,973
3111,51,662
3111,52,664
3111,53,662
3111,54,737
3111,55,662
3111,56,870
3111,57,475
3111,58,57
3111,59,608
3111,60,539
3111,61,844
3111,62,354
3111,63,584
3111,64,387
3111,65,263
3111,66,326
3111,67,355
3111,68,424
3111,69,621
3111,70,618
3111,71,618
3111,72,559
3111,73,558
3111,74,525
3111,75,619
3111,76,271
3111,77,499
3111,78,499
3111,79,876
3111,80,433
3112,41,896
3112,42,730
3112,43,613
3112,44,647
3112,45,740
3112,46,712
3112,47,711
3112,48,712
3112,49,584
3112,50,327
3112,51,399
3112,52,424
3112,53,424
3112,54,395
3112,55,367
3112,56,363
3112,57,104
3112,58,170
3112,59,271
3112,60,237
3112,61,974
3112,62,830
3112,63,263
3112,64,393
3112,65,459
3112,66,585
3112,67,422
3112,68,466
3112,69,422
3112,70,555
3112,71,647
3112,72,647
3112,73,241
3112,74,520
3112,75,526
3112,76,433
3112,77,357
3112,78,130
3112,79,166
3112,80,199
3113,41,286
3113,42,459
3113,43,88
3113,44,258
3113,45,695
3113,46,569
3113,47,474
3113,48,626
3113,49,496
3113,50,376
3113,51,882
3113,52,562
3113,53,625
3113,54,596
3113,55,533
3113,56,476
3113,57,534
3113,58,477
3113,59,479
3113,60,444
3113,61,853
3113,62,263
3113,63,183
3113,64,23
3113,65,530
3113,66,437
3113,67,843
3113,68,657
3113,69,527
3113,70,562
3113,71,501
3113,72,596
3113,73,600
3113,74,599
3113,75,687
3113,76,750
3113,77,356
3113,78,626
3113,79,842
3113,80,385
3114,41,576
3114,42,839
3114,43,254
3114,44,255
3114,45,285
3114,46,443
3114,47,468
3114,48,649
3114,49,977
3114,50,275
3114,51,271
3114,52,407
3114,53,406
3114,54,286
3114,55,285
3114,56,993
3114,57,250
3114,58,157
3114,59,552
3114,60,189
3114,61,123
3114,62,295
3114,63,223
3114,64,222
3114,65,314
3114,66,314
3114,67,509
3114,68,310
3114,69,281
3114,70,924
3114,71,314
3114,72,247
3114,73,591
3114,74,150
3114,75,215
3114,76,306
3114,77,203
3114,78,306
3114,79,468
3114,80,468
3115,41,594
3115,42,739
3115,43,990
3115,44,3
3115,45,3
3115,46,236
3115,47,40
3115,48,34
3115,49,744
3115,50,195
3115,51,877
3115,52,486
3115,53,323
3115,54,356
3115,55,226
3115,56,258
3115,57,357
3115,58,422
3115,59,161
3115,60,132
3115,61,495
3115,62,157
3115,63,904
3115,64,885
3115,65,165
3115,66,306
3115,67,439
3115,68,342
3115,69,49
3115,70,310
3115,71,939
3115,72,278
3115,73,215
3115,74,52
3115,75,116
3115,76,116
3115,77,116
3115,78,513
3115,79,279
3115,80,215
3116,41,618
3116,42,233
3116,43,555
3116,44,168
3116,45,530
3116,46,782
3116,47,597
3116,48,719
3116,49,599
3116,50,597
3116,51,600
3116,52,664
3116,53,791
3116,54,791
3116,55,756
3116,56,817
3116,57,848
3116,58,754
3116,59,724
3116,60,597
3116,61,305
3116,62,289
3116,63,530
3116,64,464
3116,65,408
3116,66,50
3116,67,281
3116,68,428
3116,69,461
3116,70,472
3116,71,536
3116,72,475
3116,73,587
3116,74,285
3116,75,345
3116,76,654
3116,77,751
3116,78,248
3116,79,286
3116,80,489
3117,41,709
3117,42,462
3117,43,683
3117,44,777
3117,45,488
3117,46,161
3117,47,48
3117,48,752
3117,49,752
3117,50,785
3117,51,756
3117,52,493
3117,53,822
3117,54,854
3117,55,853
3117,56,853
3117,57,757
3117,58,692
3117,59,536
3117,60,536
3117,61,982
3117,62,264
3117,63,520
3117,64,745
3117,65,564
3117,66,1007
3117,67,199
3117,68,750
3117,69,810
3117,70,810
3117,71,617
3117,72,647
3117,73,681
3117,74,777
3117,75,808
3117,76,290
3117,77,423
3117,78,275
3117,79,622
3117,80,202
3118,41,485
3118,42,995
3118,43,356
3118,44,227
3118,45,322
3118,46,391
3118,47,396
3118,48,390
3118,49,424
3118,50,395
3118,51,337
3118,52,365
3118,53,106
3118,54,855
3118,55,195
3118,56,289
3118,57,648
3118,58,587
3118,59,185
3118,60,114
3118,61,674
3118,62,756
3118,63,44
3118,64,131
3118,65,81
3118,66,291
3118,67,449
3118,68,449
3118,69,259
3118,70,407
3118,71,389
3118,72,356
3118,73,355
3118,74,259
3118,75,99
3118,76,389
3118,77,362
3118,78,391
3118,79,575
3118,80,226
3119,41,520
3119,42,409
3119,43,304
3119,44,276
3119,45,343
3119,46,237
3119,47,340
3119,48,238
3119,49,150
3119,50,344
3119,51,64
3119,52,411
3119,53,248
3119,54,211
3119,55,703
3119,56,403
3119,57,182
3119,58,462
3119,59,202
3119,60,152
3119,61,233
3119,62,60
3119,63,154
3119,64,333
3119,65,333
3119,66,398
3119,67,464
3119,68,35
3119,69,337
3119,70,365
3119,71,396
3119,72,392
3119,73,336
3119,74,451
3119,75,367
3119,76,361
3119,77,276
3119,78,279
3119,79,116
3119,80,279
3120,41,667
3120,42,430
3120,43,701
3120,44,904
3120,45,318
3120,46,663
3120,47,819
3120,48,747
3120,49,747
3120,50,459
3120,51,524
3120,52,851
3120,53,374
3120,54,448
3120,55,843
3120,56,779
3120,57,747
3120,58,747
3120,59,717
3120,60,716
3120,61,613
3120,62,848
3120,63,518
3120,64,1011
3120,65,453
3120,66,452
3120,67,513
3120,68,513
3120,69,484
3120,70,454
3120,71,487
3120,72,517
3120,73,454
3120,74,454
3120,75,454
3120,76,453
3120,77,421
3120,78,423
3120,79,590
3120,80,422
3121,41,855
3121,42,889
3121,43,394
3121,44,535
3121,45,786
3121,46,626
3121,47,505
3121,48,734
3121,49,645
3121,50,672
3121,51,608
3121,52,608
3121,53,539
3121,54,509
3121,55,476
3121,56,464
3121,57,464
3121,58,334
3121,59,334
3121,60,55
3121,61,557
3121,62,444
3121,63,183
3121,64,183
3121,65,148
3121,66,248
3121,67,275
3121,68,829
3121,69,167
3121,70,697
3121,71,67
3121,72,323
3121,73,167
3121,74,69
3121,75,69
3121,76,167
3121,77,68
3121,78,131
3121,79,70
3121,80,236
3122,41,374
3122,42,138
3122,43,141
3122,44,789
3122,45,110
3122,46,207
3122,47,173
3122,48,206
3122,49,173
3122,50,12
3122,51,12
3122,52,12
3122,53,12
3122,54,268
3122,55,171
3122,56,268
3122,57,173
3122,58,204
3122,59,686
3122,60,207
3122,61,200
3122,62,930
3122,63,249
3122,64,12
3122,65,44
3122,66,44
3122,67,148
3122,68,572
3122,69,796
3122,70,79
3122,71,747
3122,72,138
3122,73,141
3122,74,141
3122,75,78
3122,76,79
3122,77,705
3122,78,12
3122,79,12
3122,80,109
3123,41,390
3123,42,919
3123,43,878
3123,44,577
3123,45,577
3123,46,674
3123,47,578
3123,48,610
3123,49,485
3123,50,454
3123,51,662
3123,52,517
3123,53,517
3123,54,485
3123,55,770
3123,56,517
3123,57,517
3123,58,612
3123,59,548
3123,60,580
3123,61,311
3123,62,849
3123,63,361
3123,64,330
3123,65,338
3123,66,396
3123,67,334
3123,68,365
3123,69,647
3123,70,481
3123,71,395
3123,72,919
3123,73,729
3123,74,392
3123,75,428
3123,76,431
3123,77,428
3123,78,396
3123,79,429
3123,80,723
3124,41,57
3124,42,251
3124,43,928
3124,44,634
3124,45,765
3124,46,155
3124,47,763
3124,48,889
3124,49,827
3124,50,828
3124,51,827
3124,52,185
3124,53,952
3124,54,763
3124,55,507
3124,56,820
3124,57,788
3124,58,853
3124,59,886
3124,60,853
3124,61,159
3124,62,938
3124,63,344
3124,64,411
3124,65,345
3124,66,345
3124,67,192
3124,68,192
3124,69,760
3124,70,714
3124,71,191
3124,72,503
3124,73,189
3124,74,253
3124,75,371
3124,76,255
3124,77,249
3124,78,219
3124,79,346
3124,80,187
3125,41,14
3125,42,208
3125,43,92
3125,44,92
3125,45,92
3125,46,92
3125,47,64
3125,48,125
3125,49,125
3125,50,124
3125,51,125
3125,52,125
3125,53,125
3125,54,384
3125,55,847
3125,56,611
3125,57,868
3125,58,94
3125,59,94
3125,60,94
3125,61,972
3125,62,983
3125,63,95
3125,64,688
3125,65,93
3125,66,92
3125,67,958
3125,68,94
3125,69,95
3125,70,93
3125,71,64
3125,72,92
3125,73,425
3125,74,127
3125,75,708
3125,76,127
3125,77,64
3125,78,32
3125,79,94
3125,80,94
3126,41,970
3126,42,958
3126,43,593
3126,44,622
3126,45,764
3126,46,530
3126,47,529
3126,48,561
3126,49,594
3126,50,464
3126,51,395
3126,52,879
3126,53,493
3126,54,528
3126,55,743
3126,56,528
3126,57,532
3126,58,530
3126,59,530
3126,60,389
3126,61,142
3126,62,792
3126,63,557
3126,64,532
3126,65,532
3126,66,46
3126,67,528
3126,68,622
3126,69,685
3126,70,814
3126,71,106
3126,72,586
3126,73,585
3126,74,618
3126,75,622
3126,76,528
3126,77,558
3126,78,979
3126,79,530
3126,80,961
3127,41,1017
3127,42,755
3127,43,187
3127,44,187
3127,45,250
3127,46,249
3127,47,378
3127,48,376
3127,49,725
3127,50,410
3127,51,476
3127,52,542
3127,53,605
3127,54,606
3127,55,779
3127,56,574
3127,57,820
3127,58,473
3127,59,570
3127,60,765
3127,61,538
3127,62,335
3127,63,125
3127,64,188
3127,65,250
3127,66,185
3127,67,118
3127,68,122
3127,69,153
3127,70,151
3127,71,602
3127,72,60
3127,73,153
3127,74,183
3127,75,149
3127,76,346
3127,77,313
3127,78,193
3127,79,476
3127,80,474
3128,41,706
3128,42,488
3128,43,215
3128,44,85
3128,45,849
3128,46,84
3128,47,610
3128,48,349
3128,49,150
3128,50,215
3128,51,150
3128,52,52
3128,53,117
3128,54,277
3128,55,273
3128,56,176
3128,57,110
3128,58,487
3128,59,142
3128,60,737
3128,61,737
3128,62,597
3128,63,478
3128,64,376
3128,65,409
3128,66,344
3128,67,410
3128,68,755
3128,69,474
3128,70,431
3128,71,466
3128,72,471
3128,73,431
3128,74,427
3128,75,392
3128,76,365
3128,77,335
3128,78,410
3128,79,712
3128,80,818
3129,41,783
3129,42,608
3129,43,305
3129,44,276
3129,45,334
3129,46,337
3129,47,337
3129,48,307
3129,49,401
3129,50,276
3129,51,275
3129,52,384
3129,53,153
3129,54,28
3129,55,157
3129,56,157
3129,57,94
3129,58,122
3129,59,90
3129,60,550
3129,61,249
3129,62,777
3129,63,246
3129,64,153
3129,65,60
3129,66,91
3129,67,247
3129,68,247
3129,69,278
3129,70,278
3129,71,278
3129,72,311
3129,73,311
3129,74,312
3129,75,338
3129,76,276
3129,77,374
3129,78,374
3129,79,309
3129,80,275
3130,41,33
3130,42,700
3130,43,241
3130,44,306
3130,45,309
3130,46,345
3130,47,686
3130,48,375
3130,49,309
3130,50,304
3130,51,366
3130,52,365
3130,53,306
3130,54,309
3130,55,306
3130,56,304
3130,57,439
3130,58,203
3130,59,237
3130,60,304
3130,61,112
3130,62,348
3130,63,304
3130,64,407
3130,65,338
3130,66,439
3130,67,376
3130,68,376
3130,69,344
3130,70,47
3130,71,154
3130,72,276
3130,73,276
3130,74,981
3130,75,796
3130,76,342
3130,77,345
3130,78,406
3130,79,768
3130,80,246
3131,41,758
3131,42,393
3131,43,622
3131,44,505
3131,45,477
3131,46,539
3131,47,754
3131,48,477
3131,49,477
3131,50,575
3131,51,542
3131,52,640
3131,53,316
3131,54,538
3131,55,479
3131,56,478
3131,57,478
3131,58,475
3131,59,542
3131,60,280
3131,61,236
3131,62,463
3131,63,409
3131,64,313
3131,65,466
3131,66,608
3131,67,539
3131,68,666
3131,69,699
3131,70,765
3131,71,792
3131,72,824
3131,73,992
3131,74,854
3131,75,570
3131,76,611
3131,77,569
3131,78,602
3131,79,1
3131,80,286
3132,41,1021
3132,42,224
3132,43,153
3132,44,184
3132,45,1010
3132,46,154
3132,47,277
3132,48,437
3132,49,278
3132,50,343
3132,51,280
3132,52,246
3132,53,896
3132,54,20
3132,55,248
3132,56,608
3132,57,652
3132,58,505
3132,59,429
3132,60,472
3132,61,588
3132,62,63
3132,63,583
3132,64,86
3132,65,474
3132,66,538
3132,67,456
3132,68,569
3132,69,601
3132,70,632
3132,71,470
3132,72,273
3132,73,703
3132,74,830
3132,75,700
3132,76,634
3132,77,700
3132,78,577
3132,79,700
3132,80,732
3133,41,263
3133,42,797
3133,43,616
3133,44,423
3133,45,681
3133,46,616
3133,47,776
3133,48,712
3133,49,592
3133,50,494
3133,51,528
3133,52,528
3133,53,530
3133,54,991
3133,55,682
3133,56,409
3133,57,545
3133,58,675
3133,59,740
3133,60,814
3133,61,834
3133,62,121
3133,63,718
3133,64,245
3133,65,851
3133,66,853
3133,67,851
3133,68,882
3133,69,920
3133,70,505
3133,71,474
3133,72,129
3133,73,432
3133,74,505
3133,75,586
3133,76,338
3133,77,415
3133,78,505
3133,79,344
3133,80,880
3134,41,220
3134,42,80
3134,43,149
3134,44,927
3134,45,182
3134,46,411
3134,47,477
3134,48,239
3134,49,479
3134,50,926
3134,51,539
3134,52,570
3134,53,664
3134,54,696
3134,55,695
3134,56,696
3134,57,664
3134,58,504
3134,59,552
3134,60,477
3134,61,400
3134,62,772
3134,63,309
3134,64,473
3134,65,809
3134,66,479
3134,67,476
3134,68,443
3134,69,313
3134,70,313
3134,71,474
3134,72,366
3134,73,544
3134,74,608
3134,75,210
3134,76,478
3134,77,474
3134,78,478
3134,79,866
3134,80,309
3135,41,999
3135,42,993
3135,43,264
3135,44,200
3135,45,133
3135,46,188
3135,47,71
3135,48,40
3135,49,104
3135,50,71
3135,51,3
3135,52,306
3135,53,267
3135,54,331
3135,55,300
3135,56,301
3135,57,203
3135,58,342
3135,59,754
3135,60,271
3135,61,145
3135,62,150
3135,63,589
3135,64,669
3135,65,395
3135,66,362
3135,67,914
3135,68,369
3135,69,375
3135,70,374
3135,71,375
3135,72,120
3135,73,117
3135,74,312
3135,75,279
3135,76,842
3135,77,375
3135,78,375
3135,79,406
3135,80,497
3136,41,849
3136,42,174
3136,43,788
3136,44,755
3136,45,788
3136,46,852
3136,47,775
3136,48,853
3136,49,823
3136,50,885
3136,51,430
3136,52,1016
3136,53,888
3136,54,952
3136,55,1016
3136,56,888
3136,57,699
3136,58,762
3136,59,667
3136,60,268
3136,61,557
3136,62,603
3136,63,567
3136,64,177
3136,65,657
3136,66,693
3136,67,594
3136,68,26
3136,69,718
3136,70,657
3136,71,750
3136,72,812
3136,73,688
3136,74,657
3136,75,719
3136,76,840
3136,77,806
3136,78,513
3136,79,390
3136,80,545
3137,41,4
3137,42,612
3137,43,920
3137,44,259
3137,45,227
3137,46,323
3137,47,290
3137,48,289
3137,49,356
3137,50,390
3137,51,834
3137,52,396
3137,53,577
3137,54,709
3137,55,537
3137,56,136
3137,57,642
3137,58,878
3137,59,612
3137,60,548
3137,61,98
3137,62,307
3137,63,417
3137,64,291
3137,65,388
3137,66,387
3137,67,354
3137,68,354
3137,69,68
3137,70,268
3137,71,71
3137,72,307
3137,73,1012
3137,74,137
3137,75,237
3137,76,888
3137,77,338
3137,78,736
3137,79,277
3137,80,405
3138,41,1005
3138,42,933
3138,43,34
3138,44,569
3138,45,225
3138,46,137
3138,47,137
3138,48,519
3138,49,2
3138,50,399
3138,51,129
3138,52,130
3138,53,131
3138,54,34
3138,55,385
3138,56,2
3138,57,34
3138,58,130
3138,59,129
3138,60,216
3138,61,552
3138,62,361
3138,63,33
3138,64,33
3138,65,965
3138,66,33
3138,67,70
3138,68,457
3138,69,324
3138,70,37
3138,71,35
3138,72,35
3138,73,36
3138,74,34
3138,75,70
3138,76,100
3138,77,68
3138,78,101
3138,79,36
3138,80,5
3139,41,148
3139,42,945
3139,43,733
3139,44,702
3139,45,702
3139,46,670
3139,47,702
3139,48,702
3139,49,620
3139,50,75
3139,51,702
3139,52,733
3139,53,699
3139,54,888
3139,55,791
3139,56,787
3139,57,660
3139,58,817
3139,59,879
3139,60,706
3139,61,217
3139,62,904
3139,63,666
3139,64,732
3139,65,44
3139,66,952
3139,67,984
3139,68,1016
3139,69,320
3139,70,806
3139,71,717
3139,72,699
3139,73,698
3139,74,760
3139,75,381
3139,76,825
3139,77,371
3139,78,751
3139,79,699
3139,80,732
3140,41,155
3140,42,416
3140,43,545
3140,44,1
3140,45,607
3140,46,640
3140,47,640
3140,48,672
3140,49,574
3140,50,540
3140,51,539
3140,52,477
3140,53,416
3140,54,1017
3140,55,448
3140,56,21
3140,57,512
3140,58,575
3140,59,478
3140,60,474
3140,61,796
3140,62,231
3140,63,529
3140,64,497
3140,65,493
3140,66,333
3140,67,246
3140,68,246
3140,69,337
3140,70,306
3140,71,278
3140,72,312
3140,73,247
3140,74,280
3140,75,159
3140,76,311
3140,77,922
3140,78,279
3140,79,366
3140,80,422
3141,41,712
3141,42,730
3141,43,295
3141,44,456
3141,45,456
3141,46,466
3141,47,171
3141,48,425
3141,49,394
3141,50,94
3141,51,975
3141,52,681
3141,53,730
3141,54,552
3141,55,486
3141,56,681
3141,57,908
3141,58,908
3141,59,90
3141,60,747
3141,61,906
3141,62,396
3141,63,707
3141,64,686
3141,65,427
3141,66,425
3141,67,466
3141,68,431
3141,69,531
3141,70,428
3141,71,755
3141,72,451
3141,73,366
3141,74,471
3141,75,838
3141,76,505
3141,77,286
3141,78,218
3141,79,283
3141,80,345
3142,41,163
3142,42,381
3142,43,452
3142,44,363
3142,45,363
3142,46,422
3142,47,433
3142,48,398
3142,49,394
3142,50,347
3142,51,289
3142,52,289
3142,53,227
3142,54,362
3142,55,291
3142,56,485
3142,57,389
3142,58,449
3142,59,290
3142,60,769
3142,61,440
3142,62,279
3142,63,562
3142,64,432
3142,65,466
3142,66,426
3142,67,468
3142,68,424
3142,69,421
3142,70,426
3142,71,226
3142,72,750
3142,73,470
3142,74,431
3142,75,472
3142,76,364
3142,77,36
3142,78,528
3142,79,493
3142,80,525
3143,41,452
3143,42,816
3143,43,247
3143,44,313
3143,45,477
3143,46,376
3143,47,376
3143,48,956
3143,49,640
3143,50,473
3143,51,346
3143,52,789
3143,53,377
3143,54,312
3143,55,117
3143,56,280
3143,57,215
3143,58,215
3143,59,576
3143,60,215
3143,61,456
3143,62,110
3143,63,284
3143,64,285
3143,65,382
3143,66,351
3143,67,285
3143,68,438
3143,69,110
3143,70,480
3143,71,952
3143,72,512
3143,73,512
3143,74,512
3143,75,384
3143,76,416
3143,77,480
3143,78,475
3143,79,85
3143,80,313
3144,41,979
3144,42,18
3144,43,387
3144,44,49
3144,45,170
3144,46,237
3144,47,76
3144,48,181
3144,49,179
3144,50,181
3144,51,178
3144,52,379
3144,53,16
3144,54,48
3144,55,725
3144,56,79
3144,57,16
3144,58,111
3144,59,988
3144,60,72
3144,61,913
3144,62,70
3144,63,237
3144,64,309
3144,65,305
3144,66,275
3144,67,179
3144,68,890
3144,69,597
3144,70,533
3144,71,593
3144,72,561
3144,73,626
3144,74,781
3144,75,657
3144,76,562
3144,77,529
3144,78,660
3144,79,533
3144,80,627
3145,41,825
3145,42,497
3145,43,327
3145,44,681
3145,45,745
3145,46,488
3145,47,423
3145,48,616
3145,49,423
3145,50,182
3145,51,743
3145,52,776
3145,53,488
3145,54,517
3145,55,424
3145,56,422
3145,57,616
3145,58,543
3145,59,743
3145,60,743
3145,61,211
3145,62,544
3145,63,423
3145,64,500
3145,65,419
3145,66,450
3145,67,386
3145,68,420
3145,69,450
3145,70,452
3145,71,420
3145,72,424
3145,73,113
3145,74,488
3145,75,422
3145,76,429
3145,77,466
3145,78,755
3145,79,479
3145,80,316
3146,41,581
3146,42,137
3146,43,122
3146,44,95
3146,45,95
3146,46,64
3146,47,63
3146,48,63
3146,49,109
3146,50,59
3146,51,29
3146,52,91
3146,53,95
3146,54,917
3146,55,95
3146,56,851
3146,57,92
3146,58,91
3146,59,706
3146,60,414
3146,61,807
3146,62,541
3146,63,126
3146,64,396
3146,65,335
3146,66,365
3146,67,566
3146,68,366
3146,69,335
3146,70,73
3146,71,798
3146,72,391
3146,73,391
3146,74,645
3146,75,392
3146,76,367
3146,77,396
3146,78,392
3146,79,337
3146,80,358
3147,41,704
3147,42,38
3147,43,423
3147,44,326
3147,45,600
3147,46,263
3147,47,167
3147,48,264
3147,49,391
3147,50,358
3147,51,152
3147,52,1011
3147,53,131
3147,54,131
3147,55,72
3147,56,36
3147,57,36
3147,58,5
3147,59,34
3147,60,108
3147,61,10
3147,62,930
3147,63,626
3147,64,692
3147,65,786
3147,66,974
3147,67,974
3147,68,692
3147,69,692
3147,70,680
3147,71,598
3147,72,504
3147,73,441
3147,74,361
3147,75,160
3147,76,81
3147,77,634
3147,78,768
3147,79,538
3147,80,287
3148,41,902
3148,42,742
3148,43,358
3148,44,542
3148,45,422
3148,46,385
3148,47,390
3148,48,428
3148,49,428
3148,50,451
3148,51,596
3148,52,470
3148,53,439
3148,54,357
3148,55,466
3148,56,336
3148,57,336
3148,58,366
3148,59,298
3148,60,298
3148,61,826
3148,62,425
3148,63,385
3148,64,389
3148,65,403
3148,66,362
3148,67,456
3148,68,520
3148,69,429
3148,70,777
3148,71,423
3148,72,874
3148,73,849
3148,74,966
3148,75,873
3148,76,773
3148,77,837
3148,78,839
3148,79,813
3148,80,968
3149,41,1022
3149,42,763
3149,43,627
3149,44,355
3149,45,227
3149,46,323
3149,47,36
3149,48,421
3149,49,421
3149,50,422
3149,51,452
3149,52,719
3149,53,452
3149,54,422
3149,55,755
3149,56,421
3149,57,420
3149,58,385
3149,59,449
3149,60,513
3149,61,962
3149,62,777
3149,63,291
3149,64,2
3149,65,65
3149,66,37
3149,67,38
3149,68,37
3149,69,227
3149,70,372
3149,71,427
3149,72,450
3149,73,421
3149,74,385
3149,75,323
3149,76,449
3149,77,422
3149,78,422
3149,79,618
3149,80,324
3150,41,964
3150,42,830
3150,43,471
3150,44,495
3150,45,436
3150,46,438
3150,47,728
3150,48,728
3150,49,536
3150,50,249
3150,51,252
3150,52,250
3150,53,600
3150,54,681
3150,55,315
3150,56,314
3150,57,314
3150,58,224
3150,59,346
3150,60,278
3150,61,535
3150,62,426
3150,63,406
3150,64,374
3150,65,169
3150,66,376
3150,67,951
3150,68,137
3150,69,309
3150,70,781
3150,71,420
3150,72,812
3150,73,719
3150,74,688
3150,75,618
3150,76,595
3150,77,564
3150,78,279
3150,79,84
3150,80,492
3151,41,407
3151,42,915
3151,43,570
3151,44,763
3151,45,650
3151,46,735
3151,47,701
3151,48,633
3151,49,601
3151,50,568
3151,51,662
3151,52,791
3151,53,74
3151,54,795
3151,55,1020
3151,56,988
3151,57,923
3151,58,827
3151,59,652
3151,60,988
3151,61,466
3151,62,104
3151,63,699
3151,64,699
3151,65,568
3151,66,567
3151,67,632
3151,68,629
3151,69,992
3151,70,290
3151,71,1023
3151,72,992
3151,73,830
3151,74,830
3151,75,992
3151,76,667
3151,77,619
3151,78,506
3151,79,537
3151,80,537
3152,41,643
3152,42,242
3152,43,100
3152,44,392
3152,45,391
3152,46,365
3152,47,731
3152,48,338
3152,49,428
3152,50,422
3152,51,387
3152,52,386
3152,53,584
3152,54,429
3152,55,587
3152,56,393
3152,57,456
3152,58,596
3152,59,485
3152,60,517
3152,61,538
3152,62,225
3152,63,769
3152,64,369
3152,65,677
3152,66,677
3152,67,679
3152,68,552
3152,69,716
3152,70,688
3152,71,809
3152,72,616
3152,73,391
3152,74,356
3152,75,366
3152,76,681
3152,77,487
3152,78,486
3152,79,421
3152,80,421
3153,41,696
3153,42,174
3153,43,284
3153,44,239
3153,45,157
3153,46,219
3153,47,705
3153,48,251
3153,49,216
3153,50,218
3153,51,730
3153,52,218
3153,53,156
3153,54,108
3153,55,215
3153,56,52
3153,57,85
3153,58,183
3153,59,216
3153,60,216
3153,61,621
3153,62,914
3153,63,243
3153,64,752
3153,65,246
3153,66,279
3153,67,644
3153,68,248
3153,69,280
3153,70,248
3153,71,247
3153,72,215
3153,73,91
3153,74,60
3153,75,154
3153,76,91
3153,77,91
3153,78,151
3153,79,246
3153,80,277
3154,41,627
3154,42,838
3154,43,26
3154,44,26
3154,45,230
3154,46,704
3154,47,28
3154,48,122
3154,49,215
3154,50,280
3154,51,281
3154,52,313
3154,53,57
3154,54,247
3154,55,152
3154,56,118
3154,57,54
3154,58,182
3154,59,279
3154,60,173
3154,61,729
3154,62,186
3154,63,117
3154,64,183
3154,65,183
3154,66,117
3154,67,184
3154,68,154
3154,69,90
3154,70,90
3154,71,246
3154,72,182
3154,73,346
3154,74,281
3154,75,402
3154,76,5
3154,77,183
3154,78,639
3154,79,247
3154,80,33
3155,41,125
3155,42,186
3155,43,874
3155,44,936
3155,45,874
3155,46,1001
3155,47,904
3155,48,776
3155,49,653
3155,50,654
3155,51,684
3155,52,102
3155,53,688
3155,54,719
3155,55,848
3155,56,779
3155,57,973
3155,58,1003
3155,59,692
3155,60,437
3155,61,247
3155,62,744
3155,63,649
3155,64,647
3155,65,611
3155,66,647
3155,67,646
3155,68,611
3155,69,679
3155,70,648
3155,71,614
3155,72,614
3155,73,616
3155,74,616
3155,75,681
3155,76,323
3155,77,1
3155,78,527
3155,79,323
3155,80,259
3156,41,841
3156,42,108
3156,43,978
3156,44,977
3156,45,1009
3156,46,1009
3156,47,946
3156,48,977
3156,49,978
3156,50,978
3156,51,978
3156,52,946
3156,53,851
3156,54,854
3156,55,758
3156,56,357
3156,57,791
3156,58,758
3156,59,758
3156,60,727
3156,61,948
3156,62,131
3156,63,422
3156,64,1018
3156,65,731
3156,66,698
3156,67,601
3156,68,553
3156,69,187
3156,70,726
3156,71,1004
3156,72,1003
3156,73,942
3156,74,848
3156,75,817
3156,76,28
3156,77,882
3156,78,848
3156,79,933
3156,80,18
3157,41,555
3157,42,866
3157,43,570
3157,44,271
3157,45,139
3157,46,203
3157,47,307
3157,48,334
3157,49,334
3157,50,504
3157,51,302
3157,52,418
3157,53,41
3157,54,169
3157,55,236
3157,56,866
3157,57,3
3157,58,356
3157,59,418
3157,60,450
3157,61,130
3157,62,961
3157,63,533
3157,64,533
3157,65,533
3157,66,657
3157,67,962
3157,68,843
3157,69,454
3157,70,595
3157,71,915
3157,72,376
3157,73,374
3157,74,374
3157,75,406
3157,76,1014
3157,77,858
3157,78,239
3157,79,239
3157,80,274
3158,41,868
3158,42,249
3158,43,331
3158,44,255
3158,45,592
3158,46,168
3158,47,268
3158,48,61
3158,49,161
3158,50,267
3158,51,47
3158,52,557
3158,53,99
3158,54,36
3158,55,102
3158,56,104
3158,57,104
3158,58,4
3158,59,422
3158,60,296
3158,61,836
3158,62,942
3158,63,810
3158,64,649
3158,65,592
3158,66,525
3158,67,323
3158,68,289
3158,69,132
3158,70,164
3158,71,30
3158,72,39
3158,73,166
3158,74,246
3158,75,161
3158,76,667
3158,77,163
3158,78,631
3158,79,451
3158,80,213
3159,41,29
3159,42,15
3159,43,216
3159,44,216
3159,45,63
3159,46,123
3159,47,154
3159,48,91
3159,49,154
3159,50,216
3159,51,183
3159,52,667
3159,53,156
3159,54,94
3159,55,189
3159,56,189
3159,57,190
3159,58,267
3159,59,125
3159,60,125
3159,61,413
3159,62,14
3159,63,843
3159,64,746
3159,65,189
3159,66,893
3159,67,326
3159,68,252
3159,69,156
3159,70,188
3159,71,282
3159,72,156
3159,73,283
3159,74,283
3159,75,189
3159,76,283
3159,77,283
3159,78,283
3159,79,649
3159,80,339
3160,41,660
3160,42,257
3160,43,507
3160,44,507
3160,45,803
3160,46,506
3160,47,104
3160,48,506
3160,49,506
3160,50,601
3160,51,505
3160,52,790
3160,53,505
3160,54,274
3160,55,505
3160,56,472
3160,57,536
3160,58,566
3160,59,217
3160,60,559
3160,61,961
3160,62,432
3160,63,425
3160,64,428
3160,65,433
3160,66,431
3160,67,559
3160,68,118
3160,69,623
3160,70,620
3160,71,530
3160,72,657
3160,73,812
3160,74,597
3160,75,781
3160,76,785
3160,77,784
3160,78,752
3160,79,105
3160,80,720
3161,41,78
3161,42,808
3161,43,201
3161,44,345
3161,45,297
3161,46,772
3161,47,204
3161,48,76
3161,49,142
3161,50,143
3161,51,1020
3161,52,182
3161,53,49
3161,54,110
3161,55,228
3161,56,257
3161,57,318
3161,58,424
3161,59,888
3161,60,794
3161,61,292
3161,62,848
3161,63,336
3161,64,993
3161,65,211
3161,66,274
3161,67,337
3161,68,394
3161,69,402
3161,70,953
3161,71,429
3161,72,466
3161,73,469
3161,74,279
3161,75,72
3161,76,117
3161,77,621
3161,78,271
3161,79,181
3161,80,215
3162,41,143
3162,42,931
3162,43,9
3162,44,640
3162,45,475
3162,46,475
3162,47,509
3162,48,509
3162,49,474
3162,50,474
3162,51,635
3162,52,857
3162,53,540
3162,54,540
3162,55,607
3162,56,1003
3162,57,538
3162,58,539
3162,59,640
3162,60,672
3162,61,797
3162,62,17
3162,63,592
3162,64,396
3162,65,649
3162,66,494
3162,67,505
3162,68,602
3162,69,510
3162,70,604
3162,71,509
3162,72,539
3162,73,575
3162,74,519
3162,75,574
3162,76,542
3162,77,575
3162,78,574
3162,79,443
3162,80,479
3163,41,988
3163,42,909
3163,43,864
3163,44,928
3163,45,765
3163,46,634
3163,47,43
3163,48,732
3163,49,1020
3163,50,1024
3163,51,864
3163,52,458
3163,53,699
3163,54,733
3163,55,863
3163,56,992
3163,57,928
3163,58,934
3163,59,501
3163,60,570
3163,61,401
3163,62,984
3163,63,258
3163,64,847
3163,65,601
3163,66,402
3163,67,505
3163,68,474
3163,69,634
3163,70,442
3163,71,700
3163,72,635
3163,73,636
3163,74,666
3163,75,602
3163,76,960
3163,77,862
3163,78,832
3163,79,273
3163,80,928
3164,41,80
3164,42,124
3164,43,472
3164,44,436
3164,45,859
3164,46,504
3164,47,533
3164,48,310
3164,49,310
3164,50,279
3164,51,279
3164,52,822
3164,53,236
3164,54,374
3164,55,314
3164,56,255
3164,57,254
3164,58,286
3164,59,218
3164,60,229
3164,61,364
3164,62,640
3164,63,531
3164,64,423
3164,65,434
3164,66,889
3164,67,562
3164,68,593
3164,69,591
3164,70,677
3164,71,769
3164,72,580
3164,73,675
3164,74,610
3164,75,481
3164,76,481
3164,77,481
3164,78,481
3164,79,545
3164,80,451
3165,41,210
3165,42,207
3165,43,506
3165,44,479
3165,45,475
3165,46,9
3165,47,634
3165,48,797
3165,49,402
3165,50,658
3165,51,938
3165,52,441
3165,53,378
3165,54,700
3165,55,604
3165,56,604
3165,57,289
3165,58,155
3165,59,544
3165,60,607
3165,61,283
3165,62,698
3165,63,300
3165,64,534
3165,65,538
3165,66,441
3165,67,474
3165,68,378
3165,69,441
3165,70,470
3165,71,474
3165,72,409
3165,73,575
3165,74,570
3165,75,922
3165,76,830
3165,77,832
3165,78,862
3165,79,634
3165,80,541
3166,41,823
3166,42,542
3166,43,88
3166,44,90
3166,45,57
3166,46,57
3166,47,56
3166,48,57
3166,49,57
3166,50,90
3166,51,489
3166,52,32
3166,53,63
3166,54,185
3166,55,446
3166,56,91
3166,57,151
3166,58,91
3166,59,93
3166,60,90
3166,61,699
3166,62,50
3166,63,667
3166,64,409
3166,65,287
3166,66,255
3166,67,980
3166,68,254
3166,69,378
3166,70,311
3166,71,279
3166,72,182
3166,73,441
3166,74,872
3166,75,149
3166,76,808
3166,77,473
3166,78,429
3166,79,338
3166,80,417
3167,41,461
3167,42,748
3167,43,137
3167,44,291
3167,45,356
3167,46,770
3167,47,101
3167,48,399
3167,49,304
3167,50,170
3167,51,143
3167,52,304
3167,53,304
3167,54,272
3167,55,304
3167,56,170
3167,57,137
3167,58,134
3167,59,1024
3167,60,237
3167,61,914
3167,62,36
3167,63,424
3167,64,464
3167,65,431
3167,66,493
3167,67,429
3167,68,467
3167,69,467
3167,70,467
3167,71,529
3167,72,562
3167,73,596
3167,74,689
3167,75,781
3167,76,601
3167,77,634
3167,78,566
3167,79,536
3167,80,599
3168,41,180
3168,42,486
3168,43,288
3168,44,662
3168,45,763
3168,46,574
3168,47,788
3168,48,790
3168,49,788
3168,50,756
3168,51,818
3168,52,853
3168,53,752
3168,54,752
3168,55,818
3168,56,695
3168,57,760
3168,58,142
3168,59,825
3168,60,570
3168,61,480
3168,62,926
3168,63,536
3168,64,679
3168,65,309
3168,66,309
3168,67,650
3168,68,399
3168,69,368
3168,70,967
3168,71,338
3168,72,343
3168,73,343
3168,74,376
3168,75,408
3168,76,409
3168,77,473
3168,78,504
3168,79,441
3168,80,282
3169,41,593
3169,42,297
3169,43,633
3169,44,535
3169,45,660
3169,46,815
3169,47,202
3169,48,561
3169,49,656
3169,50,598
3169,51,662
3169,52,696
3169,53,601
3169,54,224
3169,55,600
3169,56,671
3169,57,567
3169,58,596
3169,59,598
3169,60,979
3169,61,254
3169,62,134
3169,63,594
3169,64,434
3169,65,596
3169,66,532
3169,67,529
3169,68,627
3169,69,597
3169,70,597
3169,71,874
3169,72,821
3169,73,291
3169,74,750
3169,75,596
3169,76,599
3169,77,625
3169,78,627
3169,79,247
3169,80,376
3170,41,882
3170,42,136
3170,43,702
3170,44,731
3170,45,888
3170,46,397
3170,47,888
3170,48,893
3170,49,891
3170,50,859
3170,51,8
3170,52,637
3170,53,729
3170,54,3
3170,55,727
3170,56,968
3170,57,763
3170,58,798
3170,59,733
3170,60,733
3170,61,556
3170,62,939
3170,63,634
3170,64,895
3170,65,667
3170,66,634
3170,67,960
3170,68,728
3170,69,763
3170,70,599
3170,71,599
3170,72,595
3170,73,596
3170,74,628
3170,75,627
3170,76,843
3170,77,936
3170,78,935
3170,79,574
3170,80,966
3171,41,599
3171,42,583
3171,43,187
3171,44,295
3171,45,411
3171,46,71
3171,47,109
3171,48,108
3171,49,110
3171,50,110
3171,51,110
3171,52,110
3171,53,819
3171,54,110
3171,55,74
3171,56,5
3171,57,135
3171,58,295
3171,59,232
3171,60,327
3171,61,965
3171,62,193
3171,63,39
3171,64,8
3171,65,358
3171,66,71
3171,67,167
3171,68,8
3171,69,39
3171,70,71
3171,71,109
3171,72,761
3171,73,162
3171,74,46
3171,75,101
3171,76,167
3171,77,333
3171,78,232
3171,79,273
3171,80,134
3172,41,533
3172,42,883
3172,43,1006
3172,44,597
3172,45,533
3172,46,666
3172,47,436
3172,48,343
3172,49,999
3172,50,310
3172,51,411
3172,52,791
3172,53,409
3172,54,575
3172,55,407
3172,56,575
3172,57,640
3172,58,474
3172,59,474
3172,60,542
3172,61,804
3172,62,502
3172,63,366
3172,64,367
3172,65,394
3172,66,433
3172,67,403
3172,68,501
3172,69,410
3172,70,432
3172,71,425
3172,72,331
3172,73,182
3172,74,376
3172,75,696
3172,76,638
3172,77,410
3172,78,233
3172,79,469
3172,80,469
3173,41,881
3173,42,124
3173,43,327
3173,44,391
3173,45,389
3173,46,488
3173,47,680
3173,48,746
3173,49,746
3173,50,746
3173,51,714
3173,52,552
3173,53,391
3173,54,488
3173,55,873
3173,56,868
3173,57,837
3173,58,805
3173,59,806
3173,60,775
3173,61,234
3173,62,329
3173,63,809
3173,64,842
3173,65,908
3173,66,972
3173,67,1001
3173,68,972
3173,69,1004
3173,70,879
3173,71,317
3173,72,974
3173,73,681
3173,74,940
3173,75,391
3173,76,566
3173,77,756
3173,78,786
3173,79,390
3173,80,693
3174,41,749
3174,42,692
3174,43,823
3174,44,84
3174,45,52
3174,46,1019
3174,47,20
3174,48,20
3174,49,84
3174,50,148
3174,51,52
3174,52,215
3174,53,54
3174,54,20
3174,55,84
3174,56,882
3174,57,174
3174,58,20
3174,59,183
3174,60,117
3174,61,204
3174,62,466
3174,63,151
3174,64,151
3174,65,33
3174,66,539
3174,67,54
3174,68,740
3174,69,118
3174,70,52
3174,71,150
3174,72,215
3174,73,516
3174,74,20
3174,75,149
3174,76,20
3174,77,215
3174,78,796
3174,79,20
3174,80,182
3175,41,768
3175,42,4
3175,43,587
3175,44,227
3175,45,619
3175,46,619
3175,47,621
3175,48,587
3175,49,765
3175,50,612
3175,51,548
3175,52,612
3175,53,612
3175,54,612
3175,55,647
3175,56,650
3175,57,1024
3175,58,275
3175,59,153
3175,60,868
3175,61,731
3175,62,880
3175,63,850
3175,64,615
3175,65,990
3175,66,648
3175,67,648
3175,68,620
3175,69,557
3175,70,723
3175,71,616
3175,72,616
3175,73,617
3175,74,646
3175,75,822
3175,76,452
3175,77,642
3175,78,675
3175,79,706
3175,80,610
3176,41,31
3176,42,389
3176,43,299
3176,44,306
3176,45,305
3176,46,309
3176,47,176
3176,48,178
3176,49,883
3176,50,111
3176,51,16
3176,52,110
3176,53,565
3176,54,80
3176,55,249
3176,56,428
3176,57,19
3176,58,483
3176,59,999
3176,60,52
3176,61,472
3176,62,429
3176,63,102
3176,64,102
3176,65,102
3176,66,70
3176,67,70
3176,68,144
3176,69,16
3176,70,49
3176,71,51
3176,72,387
3176,73,51
3176,74,185
3176,75,16
3176,76,559
3176,77,114
3176,78,180
3176,79,213
3176,80,212
3177,41,848
3177,42,523
3177,43,36
3177,44,67
3177,45,33
3177,46,36
3177,47,36
3177,48,36
3177,49,37
3177,50,2
3177,51,227
3177,52,154
3177,53,289
3177,54,289
3177,55,2
3177,56,195
3177,57,686
3177,58,738
3177,59,15
3177,60,481
3177,61,35
3177,62,706
3177,63,392
3177,64,392
3177,65,392
3177,66,366
3177,67,338
3177,68,11
3177,69,336
3177,70,872
3177,71,331
3177,72,298
3177,73,331
3177,74,298
3177,75,331
3177,76,395
3177,77,331
3177,78,330
3177,79,424
3177,80,424
3178,41,513
3178,42,970
3178,43,597
3178,44,556
3178,45,848
3178,46,973
3178,47,880
3178,48,660
3178,49,756
3178,50,566
3178,51,599
3178,52,843
3178,53,997
3178,54,966
3178,55,935
3178,56,174
3178,57,812
3178,58,841
3178,59,904
3178,60,998
3178,61,824
3178,62,806
3178,63,426
3178,64,468
3178,65,77
3178,66,338
3178,67,366
3178,68,427
3178,69,431
3178,70,333
3178,71,430
3178,72,614
3178,73,142
3178,74,353
3178,75,424
3178,76,424
3178,77,879
3178,78,421
3178,79,378
3178,80,326
3179,41,646
3179,42,966
3179,43,279
3179,44,312
3179,45,312
3179,46,310
3179,47,567
3179,48,286
3179,49,441
3179,50,538
3179,51,729
3179,52,700
3179,53,700
3179,54,568
3179,55,550
3179,56,569
3179,57,568
3179,58,633
3179,59,568
3179,60,688
3179,61,601
3179,62,486
3179,63,312
3179,64,117
3179,65,313
3179,66,803
3179,67,52
3179,68,52
3179,69,182
3179,70,209
3179,71,244
3179,72,309
3179,73,407
3179,74,472
3179,75,472
3179,76,662
3179,77,5
3179,78,725
3179,79,823
3179,80,1015
3180,41,959
3180,42,213
3180,43,501
3180,44,375
3180,45,278
3180,46,408
3180,47,564
3180,48,468
3180,49,466
3180,50,503
3180,51,503
3180,52,472
3180,53,398
3180,54,469
3180,55,466
3180,56,502
3180,57,471
3180,58,599
3180,59,433
3180,60,530
3180,61,647
3180,62,515
3180,63,624
3180,64,778
3180,65,722
3180,66,375
3180,67,406
3180,68,55
3180,69,406
3180,70,437
3180,71,375
3180,72,404
3180,73,501
3180,74,375
3180,75,348
3180,76,499
3180,77,469
3180,78,466
3180,79,596
3180,80,114
3181,41,929
3181,42,901
3181,43,280
3181,44,310
3181,45,571
3181,46,84
3181,47,180
3181,48,370
3181,49,71
3181,50,305
3181,51,271
3181,52,808
3181,53,331
3181,54,76
3181,55,74
3181,56,74
3181,57,110
3181,58,430
3181,59,80
3181,60,209
3181,61,495
3181,62,274
3181,63,346
3181,64,520
3181,65,411
3181,66,410
3181,67,509
3181,68,509
3181,69,470
3181,70,424
3181,71,433
3181,72,431
3181,73,396
3181,74,185
3181,75,157
3181,76,559
3181,77,541
3181,78,210
3181,79,177
3181,80,76
3182,41,501
3182,42,436
3182,43,169
3182,44,99
3182,45,99
3182,46,69
3182,47,69
3182,48,69
3182,49,165
3182,50,132
3182,51,69
3182,52,69
3182,53,69
3182,54,69
3182,55,102
3182,56,357
3182,57,428
3182,58,51
3182,59,525
3182,60,396
3182,61,20
3182,62,600
3182,63,200
3182,64,423
3182,65,395
3182,66,562
3182,67,53
3182,68,566
3182,69,813
3182,70,109
3182,71,750
3182,72,414
3182,73,689
3182,74,690
3182,75,723
3182,76,756
3182,77,991
3182,78,998
3182,79,841
3182,80,718
3183,41,509
3183,42,45
3183,43,144
3183,44,144
3183,45,50
3183,46,50
3183,47,144
3183,48,140
3183,49,174
3183,50,205
3183,51,173
3183,52,270
3183,53,142
3183,54,171
3183,55,138
3183,56,138
3183,57,137
3183,58,137
3183,59,137
3183,60,732
3183,61,127
3183,62,999
3183,63,173
3183,64,300
3183,65,173
3183,66,204
3183,67,469
3183,68,600
3183,69,268
3183,70,734
3183,71,12
3183,72,108
3183,73,12
3183,74,141
3183,75,107
3183,76,522
3183,77,792
3183,78,108
3183,79,108
3183,80,108
3184,41,963
3184,42,826
3184,43,118
3184,44,22
3184,45,215
3184,46,247
3184,47,721
3184,48,216
3184,49,538
3184,50,188
3184,51,637
3184,52,251
3184,53,187
3184,54,216
3184,55,154
3184,56,247
3184,57,342
3184,58,478
3184,59,185
3184,60,634
3184,61,756
3184,62,872
3184,63,473
3184,64,570
3184,65,614
3184,66,766
3184,67,825
3184,68,920
3184,69,982
3184,70,981
3184,71,920
3184,72,825
3184,73,716
3184,74,745
3184,75,700
3184,76,700
3184,77,506
3184,78,538
3184,79,569
3184,80,569
3185,41,850
3185,42,503
3185,43,740
3185,44,742
3185,45,807
3185,46,808
3185,47,968
3185,48,745
3185,49,842
3185,50,1006
3185,51,1006
3185,52,819
3185,53,203
3185,54,633
3185,55,569
3185,56,505
3185,57,665
3185,58,567
3185,59,568
3185,60,596
3185,61,964
3185,62,405
3185,63,739
3185,64,676
3185,65,642
3185,66,737
3185,67,677
3185,68,372
3185,69,677
3185,70,678
3185,71,677
3185,72,586
3185,73,617
3185,74,585
3185,75,618
3185,76,587
3185,77,561
3185,78,559
3185,79,224
3185,80,527
3186,41,409
3186,42,403
3186,43,181
3186,44,181
3186,45,212
3186,46,936
3186,47,48
3186,48,948
3186,49,212
3186,50,213
3186,51,120
3186,52,148
3186,53,295
3186,54,213
3186,55,362
3186,56,180
3186,57,182
3186,58,182
3186,59,182
3186,60,182
3186,61,40
3186,62,663
3186,63,273
3186,64,110
3186,65,112
3186,66,110
3186,67,274
3186,68,274
3186,69,505
3186,70,469
3186,71,504
3186,72,567
3186,73,567
3186,74,567
3186,75,598
3186,76,535
3186,77,504
3186,78,598
3186,79,535
3186,80,598
3187,41,239
3187,42,660
3187,43,649
3187,44,683
3187,45,819
3187,46,564
3187,47,108
3187,48,1006
3187,49,713
3187,50,584
3187,51,854
3187,52,326
3187,53,359
3187,54,456
3187,55,423
3187,56,326
3187,57,295
3187,58,232
3187,59,359
3187,60,295
3187,61,620
3187,62,557
3187,63,743
3187,64,327
3187,65,585
3187,66,586
3187,67,683
3187,68,586
3187,69,709
3187,70,202
3187,71,983
3187,72,487
3187,73,519
3187,74,456
3187,75,616
3187,76,745
3187,77,616
3187,78,486
3187,79,486
3187,80,486
3188,41,612
3188,42,680
3188,43,620
3188,44,829
3188,45,428
3188,46,478
3188,47,542
3188,48,542
3188,49,608
3188,50,608
3188,51,575
3188,52,541
3188,53,608
3188,54,539
3188,55,574
3188,56,702
3188,57,704
3188,58,703
3188,59,765
3188,60,895
3188,61,305
3188,62,495
3188,63,587
3188,64,530
3188,65,175
3188,66,429
3188,67,232
3188,68,836
3188,69,277
3188,70,274
3188,71,927
3188,72,178
3188,73,178
3188,74,178
3188,75,146
3188,76,146
3188,77,146
3188,78,146
3188,79,146
3188,80,146
3189,41,949
3189,42,626
3189,43,291
3189,44,754
3189,45,392
3189,46,429
3189,47,469
3189,48,424
3189,49,390
3189,50,852
3189,51,79
3189,52,233
3189,53,422
3189,54,434
3189,55,468
3189,56,436
3189,57,958
3189,58,275
3189,59,242
3189,60,343
3189,61,605
3189,62,773
3189,63,163
3189,64,164
3189,65,135
3189,66,476
3189,67,356
3189,68,202
3189,69,200
3189,70,390
3189,71,389
3189,72,99
3189,73,36
3189,74,102
3189,75,103
3189,76,1017
3189,77,227
3189,78,673
3189,79,939
3189,80,468
3190,41,44
3190,42,75
3190,43,29
3190,44,974
3190,45,60
3190,46,438
3190,47,516
3190,48,455
3190,49,505
3190,50,600
3190,51,632
3190,52,371
3190,53,566
3190,54,505
3190,55,505
3190,56,978
3190,57,569
3190,58,632
3190,59,536
3190,60,596
3190,61,608
3190,62,129
3190,63,92
3190,64,60
3190,65,92
3190,66,91
3190,67,150
3190,68,215
3190,69,279
3190,70,470
3190,71,472
3190,72,463
3190,73,431
3190,74,426
3190,75,424
3190,76,499
3190,77,534
3190,78,534
3190,79,601
3190,80,504
3191,41,678
3191,42,543
3191,43,5
3191,44,37
3191,45,3
3191,46,505
3191,47,2
3191,48,5
3191,49,5
3191,50,5
3191,51,819
3191,52,6
3191,53,2
3191,54,99
3191,55,2
3191,56,357
3191,57,324
3191,58,356
3191,59,322
3191,60,356
3191,61,482
3191,62,655
3191,63,769
3191,64,421
3191,65,200
3191,66,967
3191,67,545
3191,68,323
3191,69,420
3191,70,387
3191,71,387
3191,72,416
3191,73,420
3191,74,449
3191,75,195
3191,76,259
3191,77,289
3191,78,509
3191,79,422
3191,80,290
3192,41,946
3192,42,193
3192,43,423
3192,44,291
3192,45,944
3192,46,426
3192,47,338
3192,48,309
3192,49,203
3192,50,277
3192,51,247
3192,52,504
3192,53,769
3192,54,651
3192,55,470
3192,56,426
3192,57,431
3192,58,420
3192,59,422
3192,60,985
3192,61,808
3192,62,942
3192,63,392
3192,64,396
3192,65,664
3192,66,428
3192,67,299
3192,68,204
3192,69,714
3192,70,366
3192,71,123
3192,72,229
3192,73,763
3192,74,170
3192,75,393
3192,76,396
3192,77,167
3192,78,393
3192,79,389
3192,80,323
3193,41,136
3193,42,475
3193,43,327
3193,44,431
3193,45,466
3193,46,391
3193,47,488
3193,48,812
3193,49,910
3193,50,348
3193,51,972
3193,52,1002
3193,53,910
3193,54,908
3193,55,200
3193,56,755
3193,57,729
3193,58,574
3193,59,427
3193,60,795
3193,61,574
3193,62,188
3193,63,42
3193,64,298
3193,65,37
3193,66,228
3193,67,36
3193,68,2
3193,69,575
3193,70,69
3193,71,69
3193,72,111
3193,73,293
3193,74,992
3193,75,214
3193,76,214
3193,77,181
3193,78,117
3193,79,304
3193,80,118
3194,41,269
3194,42,559
3194,43,401
3194,44,205
3194,45,206
3194,46,206
3194,47,173
3194,48,207
3194,49,109
3194,50,264
3194,51,235
3194,52,48
3194,53,146
3194,54,143
3194,55,209
3194,56,242
3194,57,236
3194,58,277
3194,59,338
3194,60,337
3194,61,437
3194,62,772
3194,63,145
3194,64,243
3194,65,505
3194,66,361
3194,67,237
3194,68,376
3194,69,628
3194,70,309
3194,71,271
3194,72,247
3194,73,27
3194,74,25
3194,75,58
3194,76,27
3194,77,269
3194,78,757
3194,79,127
3194,80,127
3195,41,57
3195,42,158
3195,43,409
3195,44,20
3195,45,316
3195,46,286
3195,47,346
3195,48,378
3195,49,182
3195,50,84
3195,51,117
3195,52,84
3195,53,916
3195,54,84
3195,55,20
3195,56,150
3195,57,20
3195,58,377
3195,59,312
3195,60,30
3195,61,682
3195,62,520
3195,63,27
3195,64,150
3195,65,84
3195,66,84
3195,67,84
3195,68,149
3195,69,182
3195,70,318
3195,71,20
3195,72,949
3195,73,591
3195,74,313
3195,75,346
3195,76,286
3195,77,284
3195,78,181
3195,79,182
3195,80,312
3196,41,1015
3196,42,956
3196,43,103
3196,44,972
3196,45,271
3196,46,278
3196,47,342
3196,48,101
3196,49,212
3196,50,181
3196,51,212
3196,52,278
3196,53,991
3196,54,469
3196,55,803
3196,56,500
3196,57,595
3196,58,563
3196,59,467
3196,60,532
3196,61,579
3196,62,813
3196,63,240
3196,64,542
3196,65,71
3196,66,71
3196,67,40
3196,68,276
3196,69,438
3196,70,375
3196,71,472
3196,72,475
3196,73,477
3196,74,479
3196,75,409
3196,76,789
3196,77,251
3196,78,975
3196,79,247
3196,80,183
3197,41,23
3197,42,990
3197,43,841
3197,44,905
3197,45,194
3197,46,1006
3197,47,1007
3197,48,1006
3197,49,1006
3197,50,908
3197,51,724
3197,52,249
3197,53,601
3197,54,566
3197,55,630
3197,56,627
3197,57,634
3197,58,798
3197,59,992
3197,60,570
3197,61,806
3197,62,90
3197,63,843
3197,64,840
3197,65,745
3197,66,919
3197,67,967
3197,68,707
3197,69,991
3197,70,777
3197,71,810
3197,72,919
3197,73,762
3197,74,745
3197,75,456
3197,76,488
3197,77,263
3197,78,496
3197,79,523
3197,80,523
3198,41,651
3198,42,470
3198,43,18
3198,44,94
3198,45,185
3198,46,252
3198,47,121
3198,48,189
3198,49,94
3198,50,125
3198,51,94
3198,52,94
3198,53,94
3198,54,94
3198,55,189
3198,56,718
3198,57,219
3198,58,251
3198,59,252
3198,60,156
3198,61,211
3198,62,352
3198,63,35
3198,64,131
3198,65,65
3198,66,65
3198,67,34
3198,68,70
3198,69,606
3198,70,66
3198,71,67
3198,72,5
3198,73,131
3198,74,92
3198,75,999
3198,76,66
3198,77,131
3198,78,67
3198,79,507
3198,80,132
3199,41,29
3199,42,692
3199,43,268
3199,44,237
3199,45,236
3199,46,203
3199,47,37
3199,48,104
3199,49,72
3199,50,236
3199,51,238
3199,52,271
3199,53,438
3199,54,463
3199,55,343
3199,56,288
3199,57,842
3199,58,595
3199,59,444
3199,60,375
3199,61,748
3199,62,611
3199,63,176
3199,64,79
3199,65,205
3199,66,535
3199,67,111
3199,68,146
3199,69,108
3199,70,136
3199,71,283
3199,72,276
3199,73,338
3199,74,336
3199,75,366
3199,76,398
3199,77,88
3199,78,102
3199,79,338
3199,80,138
3200,41,753
3200,42,1021
3200,43,505
3200,44,441
3200,45,441
3200,46,568
3200,47,475
3200,48,223
3200,49,607
3200,50,509
3200,51,540
3200,52,565
3200,53,506
3200,54,1022
3200,55,887
3200,56,471
3200,57,428
3200,58,471
3200,59,474
3200,60,440
3200,61,1006
3200,62,687
3200,63,476
3200,64,635
3200,65,474
3200,66,505
3200,67,476
3200,68,480
3200,69,472
3200,70,441
3200,71,410
3200,72,651
3200,73,534
3200,74,280
3200,75,139
3200,76,440
3200,77,467
3200,78,409
3200,79,540
3200,80,607
3201,41,449
3201,42,384
3201,43,259
3201,44,163
3201,45,132
3201,46,406
3201,47,133
3201,48,310
3201,49,133
3201,50,132
3201,51,133
3201,52,133
3201,53,542
3201,54,133
3201,55,155
3201,56,133
3201,57,133
3201,58,163
3201,59,323
3201,60,289
3201,61,730
3201,62,603
3201,63,737
3201,64,737
3201,65,741
3201,66,647
3201,67,481
3201,68,618
3201,69,423
3201,70,359
3201,71,326
3201,72,390
3201,73,427
3201,74,467
3201,75,39
3201,76,423
3201,77,875
3201,78,942
3201,79,636
3201,80,823
3202,41,403
3202,42,572
3202,43,410
3202,44,410
3202,45,378
3202,46,251
3202,47,189
3202,48,189
3202,49,110
3202,50,75
3202,51,297
3202,52,187
3202,53,249
3202,54,345
3202,55,248
3202,56,117
3202,57,731
3202,58,593
3202,59,84
3202,60,281
3202,61,851
3202,62,387
3202,63,973
3202,64,1007
3202,65,1004
3202,66,973
3202,67,817
3202,68,910
3202,69,1001
3202,70,973
3202,71,942
3202,72,756
3202,73,961
3202,74,233
3202,75,586
3202,76,630
3202,77,785
3202,78,773
3202,79,787
3202,80,910
3203,41,167
3203,42,203
3203,43,628
3203,44,426
3203,45,395
3203,46,122
3203,47,11
3203,48,424
3203,49,305
3203,50,455
3203,51,455
3203,52,485
3203,53,486
3203,54,516
3203,55,485
3203,56,518
3203,57,438
3203,58,454
3203,59,454
3203,60,454
3203,61,901
3203,62,160
3203,63,513
3203,64,422
3203,65,357
3203,66,395
3203,67,236
3203,68,137
3203,69,268
3203,70,299
3203,71,331
3203,72,331
3203,73,65
3203,74,532
3203,75,528
3203,76,333
3203,77,527
3203,78,460
3203,79,654
3203,80,482
3204,41,767
3204,42,658
3204,43,872
3204,44,392
3204,45,390
3204,46,356
3204,47,824
3204,48,366
3204,49,424
3204,50,434
3204,51,468
3204,52,468
3204,53,512
3204,54,467
3204,55,504
3204,56,398
3204,57,433
3204,58,395
3204,59,356
3204,60,195
3204,61,360
3204,62,505
3204,63,2
3204,64,5
3204,65,5
3204,66,37
3204,67,8
3204,68,39
3204,69,89
3204,70,40
3204,71,73
3204,72,74
3204,73,110
3204,74,16
3204,75,79
3204,76,72
3204,77,70
3204,78,70
3204,79,400
3204,80,163
3205,41,903
3205,42,253
3205,43,141
3205,44,165
3205,45,161
3205,46,165
3205,47,106
3205,48,137
3205,49,39
3205,50,7
3205,51,8
3205,52,8
3205,53,39
3205,54,7
3205,55,8
3205,56,42
3205,57,42
3205,58,70
3205,59,163
3205,60,624
3205,61,108
3205,62,208
3205,63,137
3205,64,169
3205,65,915
3205,66,214
3205,67,139
3205,68,41
3205,69,41
3205,70,74
3205,71,518
3205,72,12
3205,73,12
3205,74,12
3205,75,12
3205,76,12
3205,77,158
3205,78,171
3205,79,139
3205,80,138
3206,41,239
3206,42,707
3206,43,439
3206,44,307
3206,45,336
3206,46,365
3206,47,870
3206,48,175
3206,49,392
3206,50,951
3206,51,461
3206,52,460
3206,53,424
3206,54,413
3206,55,364
3206,56,336
3206,57,892
3206,58,361
3206,59,232
3206,60,201
3206,61,925
3206,62,537
3206,63,271
3206,64,499
3206,65,751
3206,66,596
3206,67,564
3206,68,626
3206,69,936
3206,70,966
3206,71,84
3206,72,997
3206,73,841
3206,74,595
3206,75,407
3206,76,437
3206,77,558
3206,78,752
3206,79,202
3206,80,678
3207,41,197
3207,42,201
3207,43,108
3207,44,34
3207,45,67
3207,46,232
3207,47,297
3207,48,452
3207,49,426
3207,50,431
3207,51,965
3207,52,450
3207,53,881
3207,54,456
3207,55,232
3207,56,395
3207,57,357
3207,58,326
3207,59,406
3207,60,386
3207,61,278
3207,62,305
3207,63,816
3207,64,113
3207,65,562
3207,66,78
3207,67,44
3207,68,73
3207,69,73
3207,70,507
3207,71,113
3207,72,142
3207,73,298
3207,74,960
3207,75,236
3207,76,95
3207,77,177
3207,78,143
3207,79,113
3207,80,82
3208,41,42
3208,42,2
3208,43,305
3208,44,307
3208,45,453
3208,46,392
3208,47,338
3208,48,237
3208,49,830
3208,50,519
3208,51,276
3208,52,964
3208,53,376
3208,54,442
3208,55,410
3208,56,556
3208,57,640
3208,58,638
3208,59,637
3208,60,670
3208,61,643
3208,62,684
3208,63,105
3208,64,105
3208,65,108
3208,66,108
3208,67,36
3208,68,439
3208,69,433
3208,70,495
3208,71,422
3208,72,302
3208,73,875
3208,74,842
3208,75,443
3208,76,616
3208,77,809
3208,78,552
3208,79,744
3208,80,739
3209,41,477
3209,42,788
3209,43,376
3209,44,177
3209,45,328
3209,46,143
3209,47,111
3209,48,142
3209,49,109
3209,50,227
3209,51,145
3209,52,179
3209,53,182
3209,54,411
3209,55,343
3209,56,375
3209,57,612
3209,58,478
3209,59,335
3209,60,478
3209,61,425
3209,62,40
3209,63,142
3209,64,142
3209,65,111
3209,66,142
3209,67,111
3209,68,111
3209,69,142
3209,70,209
3209,71,903
3209,72,538
3209,73,618
3209,74,236
3209,75,122
3209,76,29
3209,77,94
3209,78,756
3209,79,91
3209,80,943
3210,41,994
3210,42,445
3210,43,248
3210,44,316
3210,45,254
3210,46,933
3210,47,474
3210,48,406
3210,49,505
3210,50,378
3210,51,286
3210,52,415
3210,53,734
3210,54,381
3210,55,413
3210,56,413
3210,57,365
3210,58,350
3210,59,317
3210,60,350
3210,61,64
3210,62,205
3210,63,942
3210,64,472
3210,65,230
3210,66,304
3210,67,343
3210,68,474
3210,69,503
3210,70,503
3210,71,474
3210,72,733
3210,73,703
3210,74,762
3210,75,1019
3210,76,102
3210,77,701
3210,78,634
3210,79,765
3210,80,798
3211,41,931
3211,42,883
3211,43,358
3211,44,427
3211,45,99
3211,46,299
3211,47,524
3211,48,668
3211,49,92
3211,50,459
3211,51,458
3211,52,458
3211,53,489
3211,54,430
3211,55,37
3211,56,203
3211,57,99
3211,58,395
3211,59,567
3211,60,310
3211,61,727
3211,62,923
3211,63,270
3211,64,208
3211,65,424
3211,66,358
3211,67,390
3211,68,326
3211,69,358
3211,70,358
3211,71,327
3211,72,295
3211,73,400
3211,74,71
3211,75,565
3211,76,265
3211,77,297
3211,78,271
3211,79,238
3211,80,209
3212,41,849
3212,42,105
3212,43,271
3212,44,267
3212,45,304
3212,46,381
3212,47,814
3212,48,404
3212,49,3
3212,50,103
3212,51,60
3212,52,375
3212,53,375
3212,54,345
3212,55,909
3212,56,104
3212,57,458
3212,58,137
3212,59,40
3212,60,134
3212,61,452
3212,62,265
3212,63,69
3212,64,33
3212,65,35
3212,66,35
3212,67,35
3212,68,970
3212,69,35
3212,70,2
3212,71,3
3212,72,17
3212,73,141
3212,74,76
3212,75,171
3212,76,12
3212,77,44
3212,78,363
3212,79,734
3212,80,331
3213,41,463
3213,42,530
3213,43,770
3213,44,670
3213,45,607
3213,46,608
3213,47,475
3213,48,475
3213,49,477
3213,50,475
3213,51,773
3213,52,13
3213,53,541
3213,54,551
3213,55,541
3213,56,444
3213,57,474
3213,58,966
3213,59,474
3213,60,760
3213,61,558
3213,62,437
3213,63,410
3213,64,370
3213,65,365
3213,66,367
3213,67,110
3213,68,338
3213,69,514
3213,70,106
3213,71,106
3213,72,105
3213,73,106
3213,74,137
3213,75,110
3213,76,172
3213,77,205
3213,78,268
3213,79,138
3213,80,234
3214,41,266
3214,42,977
3214,43,713
3214,44,649
3214,45,44
3214,46,137
3214,47,713
3214,48,520
3214,49,456
3214,50,713
3214,51,808
3214,52,810
3214,53,644
3214,54,587
3214,55,530
3214,56,528
3214,57,153
3214,58,662
3214,59,630
3214,60,817
3214,61,315
3214,62,425
3214,63,654
3214,64,991
3214,65,493
3214,66,493
3214,67,648
3214,68,648
3214,69,842
3214,70,842
3214,71,426
3214,72,782
3214,73,626
3214,74,596
3214,75,719
3214,76,438
3214,77,918
3214,78,695
3214,79,920
3214,80,952
3215,41,775
3215,42,733
3215,43,784
3215,44,172
3215,45,942
3215,46,264
3215,47,908
3215,48,768
3215,49,817
3215,50,941
3215,51,171
3215,52,817
3215,53,660
3215,54,725
3215,55,725
3215,56,725
3215,57,992
3215,58,693
3215,59,662
3215,60,695
3215,61,163
3215,62,642
3215,63,805
3215,64,689
3215,65,806
3215,66,771
3215,67,610
3215,68,545
3215,69,451
3215,70,909
3215,71,450
3215,72,419
3215,73,264
3215,74,358
3215,75,358
3215,76,327
3215,77,326
3215,78,264
3215,79,264
3215,80,990
3216,41,39
3216,42,778
3216,43,569
3216,44,569
3216,45,569
3216,46,510
3216,47,634
3216,48,703
3216,49,701
3216,50,569
3216,51,633
3216,52,633
3216,53,601
3216,54,600
3216,55,554
3216,56,505
3216,57,536
3216,58,666
3216,59,601
3216,60,600
3216,61,1005
3216,62,365
3216,63,453
3216,64,715
3216,65,701
3216,66,704
3216,67,634
3216,68,601
3216,69,596
3216,70,596
3216,71,52
3216,72,533
3216,73,281
3216,74,224
3216,75,441
3216,76,415
3216,77,410
3216,78,378
3216,79,344
3216,80,376
3217,41,165
3217,42,35
3217,43,843
3217,44,688
3217,45,92
3217,46,936
3217,47,772
3217,48,782
3217,49,289
3217,50,356
3217,51,681
3217,52,553
3217,53,552
3217,54,296
3217,55,295
3217,56,390
3217,57,362
3217,58,390
3217,59,876
3217,60,451
3217,61,272
3217,62,189
3217,63,139
3217,64,363
3217,65,236
3217,66,273
3217,67,409
3217,68,537
3217,69,537
3217,70,580
3217,71,1013
3217,72,376
3217,73,635
3217,74,635
3217,75,638
3217,76,640
3217,77,574
3217,78,672
3217,79,638
3217,80,636
3218,41,34
3218,42,178
3218,43,223
3218,44,961
3218,45,223
3218,46,284
3218,47,250
3218,48,249
3218,49,249
3218,50,185
3218,51,156
3218,52,49
3218,53,218
3218,54,942
3218,55,325
3218,56,218
3218,57,190
3218,58,222
3218,59,218
3218,60,224
3218,61,432
3218,62,192
3218,63,156
3218,64,251
3218,65,218
3218,66,187
3218,67,187
3218,68,187
3218,69,91
3218,70,1002
3218,71,271
3218,72,305
3218,73,407
3218,74,407
3218,75,342
3218,76,475
3218,77,305
3218,78,242
3218,79,273
3218,80,722
3219,41,380
3219,42,83
3219,43,601
3219,44,745
3219,45,53
3219,46,713
3219,47,652
3219,48,685
3219,49,652
3219,50,620
3219,51,534
3219,52,404
3219,53,923
3219,54,749
3219,55,501
3219,56,305
3219,57,242
3219,58,294
3219,59,278
3219,60,375
3219,61,895
3219,62,111
3219,63,359
3219,64,389
3219,65,793
3219,66,421
3219,67,357
3219,68,361
3219,69,366
3219,70,364
3219,71,335
3219,72,370
3219,73,247
3219,74,378
3219,75,247
3219,76,266
3219,77,460
3219,78,211
3219,79,211
3219,80,365
3220,41,248
3220,42,826
3220,43,425
3220,44,73
3220,45,154
3220,46,742
3220,47,337
3220,48,91
3220,49,122
3220,50,92
3220,51,63
3220,52,907
3220,53,29
3220,54,122
3220,55,32
3220,56,195
3220,57,122
3220,58,59
3220,59,151
3220,60,118
3220,61,324
3220,62,940
3220,63,60
3220,64,246
3220,65,665
3220,66,395
3220,67,306
3220,68,337
3220,69,396
3220,70,306
3220,71,427
3220,72,427
3220,73,915
3220,74,390
3220,75,456
3220,76,584
3220,77,167
3220,78,73
3220,79,134
3220,80,1005
3221,41,584
3221,42,773
3221,43,161
3221,44,168
3221,45,436
3221,46,375
3221,47,309
3221,48,306
3221,49,560
3221,50,370
3221,51,237
3221,52,485
3221,53,506
3221,54,304
3221,55,304
3221,56,236
3221,57,898
3221,58,99
3221,59,164
3221,60,168
3221,61,260
3221,62,38
3221,63,168
3221,64,236
3221,65,620
3221,66,200
3221,67,898
3221,68,264
3221,69,359
3221,70,777
3221,71,480
3221,72,936
3221,73,840
3221,74,899
3221,75,870
3221,76,707
3221,77,773
3221,78,740
3221,79,691
3221,80,421
3222,41,934
3222,42,64
3222,43,170
3222,44,104
3222,45,104
3222,46,222
3222,47,104
3222,48,71
3222,49,68
3222,50,102
3222,51,203
3222,52,267
3222,53,562
3222,54,142
3222,55,104
3222,56,464
3222,57,673
3222,58,713
3222,59,136
3222,60,689
3222,61,637
3222,62,269
3222,63,200
3222,64,299
3222,65,299
3222,66,504
3222,67,79
3222,68,424
3222,69,394
3222,70,395
3222,71,428
3222,72,389
3222,73,427
3222,74,426
3222,75,91
3222,76,390
3222,77,493
3222,78,431
3222,79,395
3222,80,365
3223,41,701
3223,42,160
3223,43,363
3223,44,331
3223,45,267
3223,46,267
3223,47,204
3223,48,204
3223,49,738
3223,50,363
3223,51,297
3223,52,203
3223,53,202
3223,54,304
3223,55,37
3223,56,2
3223,57,1
3223,58,5
3223,59,98
3223,60,2
3223,61,832
3223,62,772
3223,63,131
3223,64,1000
3223,65,874
3223,66,936
3223,67,564
3223,68,747
3223,69,512
3223,70,972
3223,71,973
3223,72,788
3223,73,818
3223,74,691
3223,75,145
3223,76,723
3223,77,409
3223,78,1006
3223,79,908
3223,80,1024
3224,41,587
3224,42,863
3224,43,848
3224,44,133
3224,45,908
3224,46,848
3224,47,226
3224,48,343
3224,49,280
3224,50,52
3224,51,149
3224,52,182
3224,53,346
3224,54,777
3224,55,346
3224,56,283
3224,57,521
3224,58,445
3224,59,445
3224,60,445
3224,61,586
3224,62,773
3224,63,755
3224,64,564
3224,65,565
3224,66,628
3224,67,501
3224,68,374
3224,69,204
3224,70,531
3224,71,562
3224,72,562
3224,73,530
3224,74,562
3224,75,562
3224,76,530
3224,77,374
3224,78,530
3224,79,78
3224,80,563
3225,41,620
3225,42,813
3225,43,422
3225,44,333
3225,45,33
3225,46,33
3225,47,35
3225,48,33
3225,49,132
3225,50,289
3225,51,356
3225,52,327
3225,53,35
3225,54,146
3225,55,102
3225,56,101
3225,57,168
3225,58,134
3225,59,163
3225,60,799
3225,61,231
3225,62,601
3225,63,972
3225,64,215
3225,65,214
3225,66,395
3225,67,85
3225,68,477
3225,69,183
3225,70,182
3225,71,20
3225,72,312
3225,73,182
3225,74,329
3225,75,117
3225,76,444
3225,77,836
3225,78,509
3225,79,480
3225,80,477
3226,41,316
3226,42,714
3226,43,284
3226,44,215
3226,45,218
3226,46,218
3226,47,184
3226,48,29
3226,49,280
3226,50,311
3226,51,198
3226,52,93
3226,53,153
3226,54,365
3226,55,933
3226,56,150
3226,57,129
3226,58,249
3226,59,216
3226,60,154
3226,61,465
3226,62,848
3226,63,538
3226,64,538
3226,65,476
3226,66,376
3226,67,574
3226,68,667
3226,69,638
3226,70,639
3226,71,474
3226,72,540
3226,73,480
3226,74,641
3226,75,380
3226,76,412
3226,77,225
3226,78,474
3226,79,411
3226,80,538
3227,41,915
3227,42,267
3227,43,173
3227,44,200
3227,45,268
3227,46,136
3227,47,236
3227,48,267
3227,49,738
3227,50,271
3227,51,316
3227,52,362
3227,53,362
3227,54,330
3227,55,297
3227,56,104
3227,57,276
3227,58,297
3227,59,276
3227,60,276
3227,61,307
3227,62,519
3227,63,309
3227,64,604
3227,65,243
3227,66,178
3227,67,402
3227,68,336
3227,69,362
3227,70,643
3227,71,246
3227,72,365
3227,73,362
3227,74,745
3227,75,394
3227,76,394
3227,77,392
3227,78,433
3227,79,138
3227,80,263
3228,41,798
3228,42,133
3228,43,167
3228,44,264
3228,45,647
3228,46,612
3228,47,612
3228,48,612
3228,49,614
3228,50,580
3228,51,612
3228,52,827
3228,53,740
3228,54,739
3228,55,737
3228,56,438
3228,57,738
3228,58,737
3228,59,739
3228,60,769
3228,61,364
3228,62,840
3228,63,203
3228,64,168
3228,65,264
3228,66,169
3228,67,656
3228,68,70
3228,69,405
3228,70,263
3228,71,389
3228,72,358
3228,73,456
3228,74,200
3228,75,419
3228,76,419
3228,77,577
3228,78,642
3228,79,742
3228,80,741
3229,41,613
3229,42,442
3229,43,452
3229,44,480
3229,45,478
3229,46,592
3229,47,476
3229,48,344
3229,49,905
3229,50,505
3229,51,409
3229,52,255
3229,53,218
3229,54,875
3229,55,254
3229,56,288
3229,57,288
3229,58,315
3229,59,474
3229,60,46
3229,61,867
3229,62,832
3229,63,214
3229,64,409
3229,65,499
3229,66,505
3229,67,505
3229,68,355
3229,69,538
3229,70,537
3229,71,537
3229,72,537
3229,73,537
3229,74,478
3229,75,477
3229,76,336
3229,77,479
3229,78,479
3229,79,479
3229,80,266
3230,41,304
3230,42,379
3230,43,310
3230,44,342
3230,45,407
3230,46,408
3230,47,406
3230,48,470
3230,49,476
3230,50,479
3230,51,223
3230,52,271
3230,53,277
3230,54,420
3230,55,243
3230,56,163
3230,57,82
3230,58,305
3230,59,929
3230,60,104
3230,61,183
3230,62,918
3230,63,966
3230,64,813
3230,65,53
3230,66,628
3230,67,597
3230,68,528
3230,69,562
3230,70,648
3230,71,905
3230,72,936
3230,73,385
3230,74,997
3230,75,194
3230,76,996
3230,77,996
3230,78,996
3230,79,996
3230,80,963
3231,41,966
3231,42,426
3231,43,101
3231,44,71
3231,45,295
3231,46,231
3231,47,295
3231,48,137
3231,49,137
3231,50,5
3231,51,102
3231,52,134
3231,53,201
3231,54,451
3231,55,200
3231,56,37
3231,57,3
3231,58,232
3231,59,838
3231,60,67
3231,61,169
3231,62,167
3231,63,885
3231,64,899
3231,65,3
3231,66,328
3231,67,35
3231,68,2
3231,69,202
3231,70,345
3231,71,425
3231,72,345
3231,73,406
3231,74,593
3231,75,630
3231,76,506
3231,77,700
3231,78,827
3231,79,107
3231,80,765
3232,41,74
3232,42,537
3232,43,312
3232,44,171
3232,45,12
3232,46,12
3232,47,12
3232,48,12
3232,49,171
3232,50,171
3232,51,908
3232,52,331
3232,53,331
3232,54,173
3232,55,141
3232,56,173
3232,57,278
3232,58,174
3232,59,331
3232,60,206
3232,61,480
3232,62,619
3232,63,279
3232,64,295
3232,65,166
3232,66,199
3232,67,162
3232,68,899
3232,69,292
3232,70,293
3232,71,293
3232,72,291
3232,73,354
3232,74,227
3232,75,385
3232,76,323
3232,77,747
3232,78,336
3232,79,375
3232,80,342
3233,41,298
3233,42,934
3233,43,731
3233,44,809
3233,45,859
3233,46,795
3233,47,922
3233,48,923
3233,49,988
3233,50,596
3233,51,890
3233,52,859
3233,53,955
3233,54,955
3233,55,306
3233,56,955
3233,57,250
3233,58,685
3233,59,758
3233,60,781
3233,61,759
3233,62,492
3233,63,889
3233,64,822
3233,65,886
3233,66,852
3233,67,856
3233,68,854
3233,69,886
3233,70,918
3233,71,575
3233,72,920
3233,73,952
3233,74,950
3233,75,851
3233,76,818
3233,77,948
3233,78,752
3233,79,752
3233,80,918
3234,41,325
3234,42,959
3234,43,407
3234,44,890
3234,45,821
3234,46,756
3234,47,942
3234,48,51
3234,49,908
3234,50,908
3234,51,1006
3234,52,1007
3234,53,1006
3234,54,911
3234,55,941
3234,56,640
3234,57,875
3234,58,908
3234,59,714
3234,60,1007
3234,61,976
3234,62,35
3234,63,898
3234,64,786
3234,65,662
3234,66,473
3234,67,598
3234,68,707
3234,69,818
3234,70,942
3234,71,972
3234,72,723
3234,73,723
3234,74,961
3234,75,535
3234,76,724
3234,77,595
3234,78,497
3234,79,429
3234,80,431
3235,41,201
3235,42,98
3235,43,36
3235,44,237
3235,45,235
3235,46,764
3235,47,35
3235,48,33
3235,49,473
3235,50,163
3235,51,162
3235,52,195
3235,53,951
3235,54,227
3235,55,69
3235,56,70
3235,57,104
3235,58,305
3235,59,304
3235,60,342
3235,61,673
3235,62,787
3235,63,3
3235,64,35
3235,65,760
3235,66,137
3235,67,795
3235,68,173
3235,69,170
3235,70,689
3235,71,35
3235,72,977
3235,73,137
3235,74,853
3235,75,104
3235,76,331
3235,77,331
3235,78,331
3235,79,238
3235,80,236
3236,41,10
3236,42,525
3236,43,832
3236,44,3
3236,45,36
3236,46,2
3236,47,40
3236,48,524
3236,49,199
3236,50,168
3236,51,137
3236,52,236
3236,53,258
3236,54,421
3236,55,805
3236,56,838
3236,57,935
3236,58,639
3236,59,842
3236,60,811
3236,61,560
3236,62,278
3236,63,71
3236,64,102
3236,65,102
3236,66,70
3236,67,103
3236,68,203
3236,69,307
3236,70,179
3236,71,167
3236,72,446
3236,73,8
3236,74,37
3236,75,972
3236,76,104
3236,77,163
3236,78,424
3236,79,429
3236,80,493
3237,41,584
3237,42,781
3237,43,505
3237,44,1005
3237,45,794
3237,46,794
3237,47,923
3237,48,246
3237,49,731
3237,50,822
3237,51,849
3237,52,851
3237,53,852
3237,54,882
3237,55,599
3237,56,465
3237,57,934
3237,58,685
3237,59,222
3237,60,395
3237,61,632
3237,62,556
3237,63,637
3237,64,509
3237,65,231
3237,66,112
3237,67,930
3237,68,830
3237,69,992
3237,70,58
3237,71,901
3237,72,540
3237,73,537
3237,74,574
3237,75,607
3237,76,107
3237,77,443
3237,78,607
3237,79,474
3237,80,575
3238,41,332
3238,42,318
3238,43,757
3238,44,210
3238,45,210
3238,46,273
3238,47,310
3238,48,921
3238,49,275
3238,50,111
3238,51,111
3238,52,356
3238,53,304
3238,54,343
3238,55,564
3238,56,315
3238,57,250
3238,58,84
3238,59,409
3238,60,377
3238,61,844
3238,62,672
3238,63,307
3238,64,527
3238,65,396
3238,66,845
3238,67,338
3238,68,239
3238,69,545
3238,70,209
3238,71,176
3238,72,176
3238,73,345
3238,74,303
3238,75,305
3238,76,109
3238,77,146
3238,78,275
3238,79,212
3238,80,342
3239,41,413
3239,42,333
3239,43,870
3239,44,903
3239,45,773
3239,46,642
3239,47,840
3239,48,119
3239,49,808
3239,50,713
3239,51,717
3239,52,748
3239,53,809
3239,54,843
3239,55,681
3239,56,809
3239,57,731
3239,58,941
3239,59,745
3239,60,390
3239,61,296
3239,62,794
3239,63,385
3239,64,357
3239,65,152
3239,66,163
3239,67,163
3239,68,163
3239,69,322
3239,70,140
3239,71,108
3239,72,85
3239,73,48
3239,74,766
3239,75,82
3239,76,112
3239,77,111
3239,78,883
3239,79,210
3239,80,82
3240,41,864
3240,42,702
3240,43,570
3240,44,703
3240,45,242
3240,46,672
3240,47,672
3240,48,431
3240,49,635
3240,50,830
3240,51,895
3240,52,928
3240,53,456
3240,54,442
3240,55,570
3240,56,635
3240,57,830
3240,58,992
3240,59,928
3240,60,863
3240,61,711
3240,62,61
3240,63,538
3240,64,538
3240,65,266
3240,66,607
3240,67,275
3240,68,640
3240,69,574
3240,70,604
3240,71,604
3240,72,604
3240,73,542
3240,74,376
3240,75,941
3240,76,344
3240,77,640
3240,78,640
3240,79,569
3240,80,569
3241,41,909
3241,42,153
3241,43,433
3241,44,598
3241,45,601
3241,46,598
3241,47,598
3241,48,598
3241,49,811
3241,50,662
3241,51,695
3241,52,634
3241,53,623
3241,54,662
3241,55,693
3241,56,661
3241,57,693
3241,58,567
3241,59,601
3241,60,536
3241,61,900
3241,62,222
3241,63,64
3241,64,268
3241,65,587
3241,66,558
3241,67,557
3241,68,622
3241,69,36
3241,70,618
3241,71,592
3241,72,530
3241,73,412
3241,74,619
3241,75,617
3241,76,548
3241,77,611
3241,78,642
3241,79,612
3241,80,612
3242,41,736
3242,42,911
3242,43,853
3242,44,854
3242,45,856
3242,46,889
3242,47,606
3242,48,821
3242,49,634
3242,50,822
3242,51,497
3242,52,889
3242,53,118
3242,54,856
3242,55,494
3242,56,473
3242,57,853
3242,58,852
3242,59,818
3242,60,853
3242,61,524
3242,62,508
3242,63,794
3242,64,823
3242,65,790
3242,66,788
3242,67,588
3242,68,444
3242,69,727
3242,70,618
3242,71,695
3242,72,717
3242,73,632
3242,74,632
3242,75,656
3242,76,893
3242,77,566
3242,78,186
3242,79,138
3242,80,530
3243,41,368
3243,42,933
3243,43,713
3243,44,460
3243,45,95
3243,46,621
3243,47,617
3243,48,617
3243,49,677
3243,50,616
3243,51,307
3243,52,986
3243,53,773
3243,54,740
3243,55,681
3243,56,750
3243,57,645
3243,58,552
3243,59,200
3243,60,456
3243,61,493
3243,62,881
3243,63,390
3243,64,200
3243,65,235
3243,66,2
3243,67,5
3243,68,7
3243,69,747
3243,70,7
3243,71,137
3243,72,204
3243,73,236
3243,74,604
3243,75,719
3243,76,370
3243,77,271
3243,78,170
3243,79,193
3243,80,104
3244,41,499
3244,42,531
3244,43,438
3244,44,375
3244,45,277
3244,46,271
3244,47,299
3244,48,144
3244,49,141
3244,50,148
3244,51,237
3244,52,170
3244,53,38
3244,54,38
3244,55,3
3244,56,2
3244,57,569
3244,58,3
3244,59,70
3244,60,70
3244,61,36
3244,62,954
3244,63,863
3244,64,593
3244,65,531
3244,66,538
3244,67,568
3244,68,980
3244,69,405
3244,70,375
3244,71,564
3244,72,151
3244,73,84
3244,74,20
3244,75,201
3244,76,149
3244,77,277
3244,78,306
3244,79,167
3244,80,134
3245,41,871
3245,42,591
3245,43,662
3245,44,662
3245,45,725
3245,46,692
3245,47,729
3245,48,695
3245,49,599
3245,50,627
3245,51,626
3245,52,936
3245,53,847
3245,54,868
3245,55,837
3245,56,837
3245,57,773
3245,58,634
3245,59,872
3245,60,976
3245,61,212
3245,62,512
3245,63,537
3245,64,537
3245,65,537
3245,66,537
3245,67,537
3245,68,537
3245,69,537
3245,70,537
3245,71,505
3245,72,344
3245,73,307
3245,74,409
3245,75,348
3245,76,348
3245,77,348
3245,78,348
3245,79,348
3245,80,416
3246,41,850
3246,42,42
3246,43,567
3246,44,472
3246,45,935
3246,46,476
3246,47,867
3246,48,505
3246,49,433
3246,50,559
3246,51,424
3246,52,323
3246,53,24
3246,54,289
3246,55,732
3246,56,356
3246,57,935
3246,58,391
3246,59,488
3246,60,193
3246,61,484
3246,62,737
3246,63,473
3246,64,538
3246,65,441
3246,66,536
3246,67,665
3246,68,568
3246,69,601
3246,70,537
3246,71,537
3246,72,780
3246,73,409
3246,74,156
3246,75,551
3246,76,252
3246,77,957
3246,78,250
3246,79,920
3246,80,315
3247,41,832
3247,42,775
3247,43,327
3247,44,384
3247,45,195
3247,46,390
3247,47,578
3247,48,469
3247,49,743
3247,50,775
3247,51,775
3247,52,743
3247,53,745
3247,54,809
3247,55,520
3247,56,584
3247,57,167
3247,58,37
3247,59,131
3247,60,148
3247,61,66
3247,62,24
3247,63,679
3247,64,676
3247,65,675
3247,66,83
3247,67,769
3247,68,402
3247,69,676
3247,70,677
3247,71,677
3247,72,558
3247,73,561
3247,74,592
3247,75,464
3247,76,531
3247,77,122
3247,78,354
3247,79,606
3247,80,257
3248,41,319
3248,42,866
3248,43,199
3248,44,608
3248,45,387
3248,46,388
3248,47,340
3248,48,481
3248,49,691
3248,50,52
3248,51,345
3248,52,335
3248,53,434
3248,54,434
3248,55,472
3248,56,309
3248,57,505
3248,58,567
3248,59,281
3248,60,409
3248,61,230
3248,62,708
3248,63,92
3248,64,163
3248,65,163
3248,66,163
3248,67,836
3248,68,133
3248,69,433
3248,70,132
3248,71,594
3248,72,163
3248,73,516
3248,74,538
3248,75,227
3248,76,788
3248,77,354
3248,78,354
3248,79,417
3248,80,481
3249,41,908
3249,42,586
3249,43,7
3249,44,134
3249,45,75
3249,46,177
3249,47,819
3249,48,931
3249,49,80
3249,50,48
3249,51,143
3249,52,9
3249,53,730
3249,54,70
3249,55,103
3249,56,102
3249,57,102
3249,58,102
3249,59,794
3249,60,107
3249,61,272
3249,62,389
3249,63,300
3249,64,466
3249,65,425
3249,66,489
3249,67,430
3249,68,430
3249,69,301
3249,70,69
3249,71,69
3249,72,104
3249,73,4
3249,74,36
3249,75,101
3249,76,103
3249,77,478
3249,78,69
3249,79,71
3249,80,201
3250,41,722
3250,42,114
3250,43,118
3250,44,151
3250,45,22
3250,46,118
3250,47,86
3250,48,22
3250,49,151
3250,50,152
3250,51,184
3250,52,63
3250,53,218
3250,54,410
3250,55,152
3250,56,152
3250,57,152
3250,58,185
3250,59,185
3250,60,185
3250,61,609
3250,62,860
3250,63,94
3250,64,32
3250,65,64
3250,66,63
3250,67,60
3250,68,183
3250,69,154
3250,70,185
3250,71,315
3250,72,288
3250,73,254
3250,74,355
3250,75,1
3250,76,250
3250,77,249
3250,78,250
3250,79,283
3250,80,156
3251,41,34
3251,42,714
3251,43,577
3251,44,24
3251,45,676
3251,46,740
3251,47,687
3251,48,642
3251,49,642
3251,50,706
3251,51,433
3251,52,773
3251,53,807
3251,54,681
3251,55,681
3251,56,359
3251,57,359
3251,58,263
3251,59,233
3251,60,296
3251,61,168
3251,62,668
3251,63,769
3251,64,706
3251,65,513
3251,66,610
3251,67,1019
3251,68,642
3251,69,277
3251,70,818
3251,71,741
3251,72,677
3251,73,870
3251,74,297
3251,75,927
3251,76,649
3251,77,609
3251,78,450
3251,79,323
3251,80,355
3252,41,382
3252,42,341
3252,43,336
3252,44,392
3252,45,392
3252,46,268
3252,47,392
3252,48,392
3252,49,338
3252,50,338
3252,51,338
3252,52,338
3252,53,366
3252,54,331
3252,55,338
3252,56,338
3252,57,338
3252,58,338
3252,59,366
3252,60,791
3252,61,120
3252,62,441
3252,63,396
3252,64,779
3252,65,606
3252,66,396
3252,67,493
3252,68,589
3252,69,620
3252,70,620
3252,71,622
3252,72,622
3252,73,584
3252,74,618
3252,75,584
3252,76,558
3252,77,596
3252,78,476
3252,79,476
3252,80,478
3253,41,851
3253,42,90
3253,43,184
3253,44,182
3253,45,309
3253,46,561
3253,47,390
3253,48,362
3253,49,361
3253,50,334
3253,51,303
3253,52,883
3253,53,493
3253,54,613
3253,55,78
3253,56,104
3253,57,35
3253,58,932
3253,59,33
3253,60,65
3253,61,398
3253,62,233
3253,63,424
3253,64,875
3253,65,396
3253,66,495
3253,67,422
3253,68,451
3253,69,431
3253,70,628
3253,71,356
3253,72,355
3253,73,357
3253,74,422
3253,75,186
3253,76,361
3253,77,337
3253,78,394
3253,79,338
3253,80,395
3254,41,71
3254,42,581
3254,43,215
3254,44,473
3254,45,683
3254,46,679
3254,47,762
3254,48,795
3254,49,704
3254,50,809
3254,51,538
3254,52,20
3254,53,181
3254,54,769
3254,55,274
3254,56,370
3254,57,433
3254,58,466
3254,59,470
3254,60,432
3254,61,917
3254,62,227
3254,63,52
3254,64,116
3254,65,248
3254,66,149
3254,67,149
3254,68,84
3254,69,167
3254,70,63
3254,71,63
3254,72,94
3254,73,93
3254,74,93
3254,75,58
3254,76,58
3254,77,59
3254,78,94
3254,79,604
3254,80,94
3255,41,342
3255,42,121
3255,43,267
3255,44,242
3255,45,141
3255,46,342
3255,47,3
3255,48,270
3255,49,999
3255,50,810
3255,51,296
3255,52,297
3255,53,363
3255,54,298
3255,55,444
3255,56,232
3255,57,232
3255,58,528
3255,59,742
3255,60,358
3255,61,728
3255,62,336
3255,63,508
3255,64,408
3255,65,305
3255,66,454
3255,67,104
3255,68,36
3255,69,3
3255,70,37
3255,71,203
3255,72,2
3255,73,70
3255,74,211
3255,75,183
3255,76,117
3255,77,409
3255,78,708
3255,79,345
3255,80,409
3256,41,920
3256,42,745
3256,43,856
3256,44,67
3256,45,600
3256,46,535
3256,47,632
3256,48,830
3256,49,569
3256,50,93
3256,51,692
3256,52,564
3256,53,782
3256,54,935
3256,55,718
3256,56,561
3256,57,467
3256,58,561
3256,59,633
3256,60,469
3256,61,45
3256,62,61
3256,63,794
3256,64,700
3256,65,830
3256,66,570
3256,67,635
3256,68,755
3256,69,729
3256,70,530
3256,71,380
3256,72,382
3256,73,384
3256,74,414
3256,75,348
3256,76,315
3256,77,281
3256,78,185
3256,79,245
3256,80,174
3257,41,382
3257,42,107
3257,43,299
3257,44,330
3257,45,50
3257,46,110
3257,47,141
3257,48,28
3257,49,72
3257,50,913
3257,51,664
3257,52,426
3257,53,386
3257,54,419
3257,55,386
3257,56,481
3257,57,513
3257,58,450
3257,59,452
3257,60,450
3257,61,548
3257,62,854
3257,63,268
3257,64,71
3257,65,565
3257,66,133
3257,67,188
3257,68,164
3257,69,36
3257,70,72
3257,71,108
3257,72,545
3257,73,768
3257,74,142
3257,75,80
3257,76,820
3257,77,50
3257,78,111
3257,79,109
3257,80,73
3258,41,685
3258,42,1007
3258,43,561
3258,44,561
3258,45,497
3258,46,562
3258,47,222
3258,48,77
3258,49,430
3258,50,432
3258,51,438
3258,52,467
3258,53,425
3258,54,421
3258,55,363
3258,56,299
3258,57,268
3258,58,233
3258,59,233
3258,60,233
3258,61,83
3258,62,989
3258,63,170
3258,64,249
3258,65,315
3258,66,833
3258,67,285
3258,68,224
3258,69,125
3258,70,125
3258,71,510
3258,72,125
3258,73,94
3258,74,575
3258,75,248
3258,76,377
3258,77,185
3258,78,313
3258,79,593
3258,80,409
3259,41,633
3259,42,269
3259,43,626
3259,44,533
3259,45,562
3259,46,473
3259,47,474
3259,48,505
3259,49,477
3259,50,256
3259,51,477
3259,52,480
3259,53,475
3259,54,507
3259,55,539
3259,56,474
3259,57,509
3259,58,411
3259,59,411
3259,60,472
3259,61,461
3259,62,144
3259,63,879
3259,64,942
3259,65,692
3259,66,786
3259,67,842
3259,68,972
3259,69,1002
3259,70,1004
3259,71,756
3259,72,782
3259,73,475
3259,74,590
3259,75,834
3259,76,965
3259,77,412
3259,78,439
3259,79,444
3259,80,434
3260,41,847
3260,42,433
3260,43,99
3260,44,35
3260,45,35
3260,46,68
3260,47,168
3260,48,132
3260,49,131
3260,50,67
3260,51,99
3260,52,385
3260,53,386
3260,54,513
3260,55,291
3260,56,137
3260,57,139
3260,58,443
3260,59,142
3260,60,110
3260,61,772
3260,62,1003
3260,63,35
3260,64,99
3260,65,99
3260,66,119
3260,67,131
3260,68,491
3260,69,291
3260,70,163
3260,71,227
3260,72,291
3260,73,259
3260,74,305
3260,75,199
3260,76,595
3260,77,168
3260,78,166
3260,79,199
3260,80,199
3261,41,725
3261,42,109
3261,43,928
3261,44,475
3261,45,478
3261,46,477
3261,47,478
3261,48,443
3261,49,411
3261,50,474
3261,51,304
3261,52,637
3261,53,637
3261,54,606
3261,55,477
3261,56,640
3261,57,399
3261,58,638
3261,59,542
3261,60,410
3261,61,843
3261,62,75
3261,63,366
3261,64,639
3261,65,732
3261,66,795
3261,67,862
3261,68,895
3261,69,768
3261,70,376
3261,71,601
3261,72,602
3261,73,48
3261,74,474
3261,75,403
3261,76,664
3261,77,181
3261,78,181
3261,79,562
3261,80,51
3262,41,832
3262,42,774
3262,43,393
3262,44,273
3262,45,210
3262,46,208
3262,47,240
3262,48,612
3262,49,273
3262,50,275
3262,51,176
3262,52,336
3262,53,365
3262,54,276
3262,55,411
3262,56,310
3262,57,214
3262,58,184
3262,59,29
3262,60,93
3262,61,782
3262,62,900
3262,63,334
3262,64,842
3262,65,396
3262,66,367
3262,67,528
3262,68,428
3262,69,456
3262,70,561
3262,71,926
3262,72,652
3262,73,487
3262,74,616
3262,75,617
3262,76,222
3262,77,150
3262,78,323
3262,79,391
3262,80,264
3263,41,610
3263,42,197
3263,43,862
3263,44,65
3263,45,706
3263,46,888
3263,47,706
3263,48,103
3263,49,649
3263,50,611
3263,51,611
3263,52,646
3263,53,679
3263,54,706
3263,55,676
3263,56,769
3263,57,676
3263,58,678
3263,59,678
3263,60,509
3263,61,888
3263,62,104
3263,63,456
3263,64,616
3263,65,616
3263,66,575
3263,67,589
3263,68,592
3263,69,530
3263,70,618
3263,71,488
3263,72,325
3263,73,522
3263,74,431
3263,75,470
3263,76,468
3263,77,334
3263,78,394
3263,79,618
3263,80,525
3264,41,27
3264,42,342
3264,43,958
3264,44,438
3264,45,660
3264,46,688
3264,47,561
3264,48,561
3264,49,558
3264,50,556
3264,51,556
3264,52,556
3264,53,556
3264,54,862
3264,55,557
3264,56,439
3264,57,97
3264,58,938
3264,59,501
3264,60,669
3264,61,507
3264,62,997
3264,63,312
3264,64,865
3264,65,277
3264,66,277
3264,67,244
3264,68,8
3264,69,471
3264,70,374
3264,71,503
3264,72,346
3264,73,346
3264,74,535
3264,75,375
3264,76,966
3264,77,306
3264,78,490
3264,79,472
3264,80,827
3265,41,206
3265,42,23
3265,43,724
3265,44,848
3265,45,847
3265,46,847
3265,47,786
3265,48,662
3265,49,662
3265,50,662
3265,51,569
3265,52,630
3265,53,849
3265,54,755
3265,55,789
3265,56,886
3265,57,1016
3265,58,920
3265,59,952
3265,60,952
3265,61,295
3265,62,1021
3265,63,755
3265,64,756
3265,65,786
3265,66,501
3265,67,848
3265,68,343
3265,69,847
3265,70,879
3265,71,941
3265,72,942
3265,73,973
3265,74,1002
3265,75,849
3265,76,849
3265,77,785
3265,78,911
3265,79,879
3265,80,566
3266,41,734
3266,42,134
3266,43,838
3266,44,870
3266,45,840
3266,46,936
3266,47,837
3266,48,840
3266,49,809
3266,50,887
3266,51,577
3266,52,449
3266,53,449
3266,54,999
3266,55,449
3266,56,452
3266,57,481
3266,58,545
3266,59,417
3266,60,549
3266,61,281
3266,62,1000
3266,63,557
3266,64,650
3266,65,556
3266,66,231
3266,67,557
3266,68,431
3266,69,434
3266,70,497
3266,71,595
3266,72,755
3266,73,132
3266,74,756
3266,75,787
3266,76,818
3266,77,472
3266,78,76
3266,79,852
3266,80,818
3267,41,759
3267,42,310
3267,43,841
3267,44,840
3267,45,936
3267,46,842
3267,47,841
3267,48,626
3267,49,687
3267,50,45
3267,51,566
3267,52,638
3267,53,904
3267,54,935
3267,55,816
3267,56,809
3267,57,841
3267,58,843
3267,59,841
3267,60,841
3267,61,799
3267,62,271
3267,63,936
3267,64,810
3267,65,267
3267,66,76
3267,67,748
3267,68,748
3267,69,748
3267,70,28
3267,71,748
3267,72,748
3267,73,748
3267,74,461
3267,75,748
3267,76,748
3267,77,748
3267,78,748
3267,79,748
3267,80,748
3268,41,356
3268,42,280
3268,43,849
3268,44,191
3268,45,662
3268,46,820
3268,47,682
3268,48,485
3268,49,688
3268,50,562
3268,51,782
3268,52,781
3268,53,562
3268,54,628
3268,55,625
3268,56,760
3268,57,595
3268,58,566
3268,59,171
3268,60,567
3268,61,237
3268,62,440
3268,63,580
3268,64,803
3268,65,761
3268,66,1013
3268,67,657
3268,68,757
3268,69,598
3268,70,603
3268,71,608
3268,72,575
3268,73,544
3268,74,512
3268,75,543
3268,76,477
3268,77,280
3268,78,158
3268,79,565
3268,80,700
3269,41,186
3269,42,664
3269,43,600
3269,44,663
3269,45,598
3269,46,196
3269,47,688
3269,48,20
3269,49,599
3269,50,571
3269,51,558
3269,52,557
3269,53,559
3269,54,557
3269,55,620
3269,56,648
3269,57,864
3269,58,699
3269,59,620
3269,60,620
3269,61,650
3269,62,492
3269,63,537
3269,64,537
3269,65,537
3269,66,667
3269,67,798
3269,68,570
3269,69,570
3269,70,477
3269,71,352
3269,72,477
3269,73,477
3269,74,479
3269,75,444
3269,76,933
3269,77,506
3269,78,4
3269,79,475
3269,80,409
3270,41,790
3270,42,662
3270,43,455
3270,44,454
3270,45,206
3270,46,334
3270,47,962
3270,48,14
3270,49,334
3270,50,331
3270,51,424
3270,52,470
3270,53,198
3270,54,433
3270,55,431
3270,56,427
3270,57,398
3270,58,44
3270,59,653
3270,60,429
3270,61,878
3270,62,42
3270,63,764
3270,64,394
3270,65,394
3270,66,423
3270,67,466
3270,68,470
3270,69,470
3270,70,544
3270,71,460
3270,72,428
3270,73,461
3270,74,681
3270,75,473
3270,76,570
3270,77,797
3270,78,833
3270,79,475
3270,80,470
3271,41,567
3271,42,177
3271,43,726
3271,44,749
3271,45,725
3271,46,786
3271,47,725
3271,48,754
3271,49,1007
3271,50,630
3271,51,630
3271,52,308
3271,53,294
3271,54,880
3271,55,875
3271,56,941
3271,57,941
3271,58,1004
3271,59,543
3271,60,40
3271,61,258
3271,62,861
3271,63,563
3271,64,464
3271,65,429
3271,66,428
3271,67,426
3271,68,421
3271,69,57
3271,70,451
3271,71,451
3271,72,677
3271,73,836
3271,74,706
3271,75,677
3271,76,648
3271,77,679
3271,78,885
3271,79,679
3271,80,679
3272,41,633
3272,42,906
3272,43,16
3272,44,874
3272,45,843
3272,46,941
3272,47,941
3272,48,16
3272,49,966
3272,50,998
3272,51,966
3272,52,874
3272,53,840
3272,54,130
3272,55,676
3272,56,841
3272,57,1011
3272,58,842
3272,59,782
3272,60,955
3272,61,884
3272,62,755
3272,63,937
3272,64,29
3272,65,810
3272,66,959
3272,67,656
3272,68,626
3272,69,653
3272,70,976
3272,71,351
3272,72,576
3272,73,543
3272,74,542
3272,75,607
3272,76,600
3272,77,565
3272,78,565
3272,79,603
3272,80,574
3273,41,657
3273,42,208
3273,43,31
3273,44,295
3273,45,553
3273,46,184
3273,47,22
3273,48,454
3273,49,82
3273,50,184
3273,51,153
3273,52,84
3273,53,950
3273,54,651
3273,55,91
3273,56,59
3273,57,26
3273,58,59
3273,59,59
3273,60,59
3273,61,447
3273,62,606
3273,63,93
3273,64,93
3273,65,60
3273,66,122
3273,67,60
3273,68,22
3273,69,153
3273,70,138
3273,71,276
3273,72,526
3273,73,50
3273,74,49
3273,75,636
3273,76,16
3273,77,110
3273,78,107
3273,79,74
3273,80,75
3274,41,106
3274,42,299
3274,43,95
3274,44,63
3274,45,784
3274,46,95
3274,47,91
3274,48,118
3274,49,151
3274,50,182
3274,51,280
3274,52,884
3274,53,93
3274,54,892
3274,55,64
3274,56,717
3274,57,311
3274,58,405
3274,59,280
3274,60,215
3274,61,703
3274,62,150
3274,63,514
3274,64,96
3274,65,29
3274,66,153
3274,67,248
3274,68,436
3274,69,405
3274,70,439
3274,71,343
3274,72,40
3274,73,342
3274,74,480
3274,75,323
3274,76,311
3274,77,438
3274,78,436
3274,79,501
3274,80,310
3275,41,327
3275,42,750
3275,43,385
3275,44,289
3275,45,364
3275,46,390
3275,47,357
3275,48,8
3275,49,517
3275,50,485
3275,51,48
3275,52,454
3275,53,358
3275,54,421
3275,55,356
3275,56,358
3275,57,47
3275,58,450
3275,59,422
3275,60,328
3275,61,758
3275,62,904
3275,63,473
3275,64,499
3275,65,432
3275,66,427
3275,67,497
3275,68,599
3275,69,634
3275,70,22
3275,71,632
3275,72,533
3275,73,503
3275,74,440
3275,75,719
3275,76,438
3275,77,401
3275,78,468
3275,79,467
3275,80,441
3276,41,710
3276,42,922
3276,43,504
3276,44,695
3276,45,694
3276,46,137
3276,47,220
3276,48,694
3276,49,694
3276,50,694
3276,51,890
3276,52,694
3276,53,535
3276,54,504
3276,55,504
3276,56,568
3276,57,567
3276,58,681
3276,59,594
3276,60,504
3276,61,56
3276,62,325
3276,63,504
3276,64,504
3276,65,70
3276,66,695
3276,67,633
3276,68,600
3276,69,598
3276,70,600
3276,71,600
3276,72,600
3276,73,633
3276,74,894
3276,75,695
3276,76,598
3276,77,662
3276,78,504
3276,79,504
3276,80,504
3277,41,797
3277,42,659
3277,43,992
3277,44,895
3277,45,840
3277,46,248
3277,47,215
3277,48,884
3277,49,844
3277,50,473
3277,51,409
3277,52,995
3277,53,409
3277,54,377
3277,55,344
3277,56,344
3277,57,346
3277,58,410
3277,59,75
3277,60,470
3277,61,345
3277,62,357
3277,63,138
3277,64,570
3277,65,295
3277,66,1024
3277,67,435
3277,68,1009
3277,69,477
3277,70,475
3277,71,473
3277,72,489
3277,73,444
3277,74,543
3277,75,539
3277,76,313
3277,77,479
3277,78,479
3277,79,473
3277,80,182
3278,41,204
3278,42,206
3278,43,179
3278,44,243
3278,45,176
3278,46,76
3278,47,640
3278,48,243
3278,49,370
3278,50,250
3278,51,210
3278,52,272
3278,53,334
3278,54,303
3278,55,956
3278,56,138
3278,57,303
3278,58,302
3278,59,334
3278,60,303
3278,61,973
3278,62,832
3278,63,323
3278,64,394
3278,65,394
3278,66,394
3278,67,503
3278,68,503
3278,69,503
3278,70,432
3278,71,525
3278,72,399
3278,73,333
3278,74,430
3278,75,432
3278,76,503
3278,77,407
3278,78,471
3278,79,473
3278,80,473
3279,41,807
3279,42,372
3279,43,115
3279,44,358
3279,45,13
3279,46,295
3279,47,946
3279,48,326
3279,49,232
3279,50,389
3279,51,289
3279,52,1012
3279,53,289
3279,54,289
3279,55,84
3279,56,322
3279,57,389
3279,58,356
3279,59,627
3279,60,646
3279,61,440
3279,62,122
3279,63,261
3279,64,355
3279,65,520
3279,66,837
3279,67,323
3279,68,385
3279,69,513
3279,70,769
3279,71,458
3279,72,543
3279,73,323
3279,74,444
3279,75,357
3279,76,326
3279,77,358
3279,78,421
3279,79,727
3279,80,326
3280,41,459
3280,42,206
3280,43,435
3280,44,1001
3280,45,375
3280,46,278
3280,47,310
3280,48,471
3280,49,471
3280,50,433
3280,51,499
3280,52,532
3280,53,399
3280,54,504
3280,55,97
3280,56,628
3280,57,782
3280,58,657
3280,59,782
3280,60,564
3280,61,427
3280,62,20
3280,63,620
3280,64,652
3280,65,656
3280,66,968
3280,67,139
3280,68,558
3280,69,531
3280,70,406
3280,71,310
3280,72,434
3280,73,470
3280,74,370
3280,75,468
3280,76,469
3280,77,437
3280,78,596
3280,79,500
3280,80,531
3281,41,255
3281,42,418
3281,43,165
3281,44,227
3281,45,427
3281,46,410
3281,47,343
3281,48,375
3281,49,309
3281,50,306
3281,51,71
3281,52,36
3281,53,508
3281,54,3
3281,55,2
3281,56,101
3281,57,103
3281,58,170
3281,59,139
3281,60,356
3281,61,75
3281,62,819
3281,63,198
3281,64,168
3281,65,164
3281,66,98
3281,67,356
3281,68,428
3281,69,35
3281,70,395
3281,71,422
3281,72,451
3281,73,816
3281,74,122
3281,75,740
3281,76,488
3281,77,739
3281,78,769
3281,79,806
3281,80,769
3282,41,495
3282,42,265
3282,43,510
3282,44,640
3282,45,413
3282,46,413
3282,47,445
3282,48,475
3282,49,443
3282,50,602
3282,51,541
3282,52,574
3282,53,540
3282,54,538
3282,55,309
3282,56,443
3282,57,286
3282,58,475
3282,59,509
3282,60,542
3282,61,372
3282,62,724
3282,63,480
3282,64,512
3282,65,932
3282,66,544
3282,67,444
3282,68,540
3282,69,523
3282,70,537
3282,71,430
3282,72,611
3282,73,539
3282,74,410
3282,75,57
3282,76,476
3282,77,828
3282,78,509
3282,79,512
3282,80,542
3283,41,218
3283,42,543
3283,43,918
3283,44,920
3283,45,921
3283,46,888
3283,47,729
3283,48,825
3283,49,822
3283,50,885
3283,51,918
3283,52,200
3283,53,920
3283,54,952
3283,55,984
3283,56,888
3283,57,888
3283,58,981
3283,59,1012
3283,60,1012
3283,61,275
3283,62,484
3283,63,194
3283,64,1016
3283,65,606
3283,66,919
3283,67,918
3283,68,1011
3283,69,1012
3283,70,950
3283,71,752
3283,72,818
3283,73,763
3283,74,577
3283,75,863
3283,76,830
3283,77,832
3283,78,949
3283,79,863
3283,80,699
3284,41,81
3284,42,303
3284,43,30
3284,44,7
3284,45,71
3284,46,182
3284,47,241
3284,48,723
3284,49,267
3284,50,236
3284,51,137
3284,52,477
3284,53,209
3284,54,211
3284,55,211
3284,56,342
3284,57,374
3284,58,441
3284,59,1003
3284,60,439
3284,61,211
3284,62,43
3284,63,28
3284,64,59
3284,65,94
3284,66,218
3284,67,40
3284,68,218
3284,69,153
3284,70,293
3284,71,122
3284,72,185
3284,73,64
3284,74,28
3284,75,29
3284,76,29
3284,77,911
3284,78,6
3284,79,91
3284,80,123
3285,41,220
3285,42,296
3285,43,338
3285,44,91
3285,45,359
3285,46,893
3285,47,235
3285,48,137
3285,49,271
3285,50,271
3285,51,335
3285,52,338
3285,53,237
3285,54,229
3285,55,361
3285,56,426
3285,57,840
3285,58,848
3285,59,616
3285,60,561
3285,61,485
3285,62,193
3285,63,122
3285,64,733
3285,65,238
3285,66,304
3285,67,104
3285,68,628
3285,69,703
3285,70,195
3285,71,165
3285,72,68
3285,73,67
3285,74,227
3285,75,289
3285,76,227
3285,77,72
3285,78,656
3285,79,35
3285,80,67
3286,41,534
3286,42,48
3286,43,73
3286,44,40
3286,45,199
3286,46,264
3286,47,295
3286,48,390
3286,49,239
3286,50,426
3286,51,302
3286,52,134
3286,53,476
3286,54,135
3286,55,134
3286,56,200
3286,57,200
3286,58,264
3286,59,232
3286,60,552
3286,61,195
3286,62,518
3286,63,767
3286,64,394
3286,65,520
3286,66,456
3286,67,167
3286,68,40
3286,69,229
3286,70,211
3286,71,211
3286,72,27
3286,73,173
3286,74,331
3286,75,544
3286,76,104
3286,77,331
3286,78,427
3286,79,187
3286,80,199
3287,41,761
3287,42,739
3287,43,908
3287,44,835
3287,45,594
3287,46,1001
3287,47,910
3287,48,911
3287,49,628
3287,50,754
3287,51,314
3287,52,848
3287,53,630
3287,54,728
3287,55,762
3287,56,729
3287,57,733
3287,58,478
3287,59,170
3287,60,951
3287,61,39
3287,62,670
3287,63,374
3287,64,346
3287,65,174
3287,66,595
3287,67,306
3287,68,501
3287,69,304
3287,70,641
3287,71,295
3287,72,313
3287,73,215
3287,74,410
3287,75,311
3287,76,111
3287,77,141
3287,78,311
3287,79,636
3287,80,305
3288,41,288
3288,42,227
3288,43,274
3288,44,274
3288,45,238
3288,46,815
3288,47,405
3288,48,473
3288,49,745
3288,50,431
3288,51,466
3288,52,809
3288,53,961
3288,54,746
3288,55,473
3288,56,342
3288,57,306
3288,58,306
3288,59,306
3288,60,344
3288,61,925
3288,62,18
3288,63,237
3288,64,270
3288,65,203
3288,66,236
3288,67,809
3288,68,236
3288,69,71
3288,70,7
3288,71,7
3288,72,102
3288,73,267
3288,74,251
3288,75,307
3288,76,964
3288,77,974
3288,78,67
3288,79,36
3288,80,68
3289,41,973
3289,42,309
3289,43,872
3289,44,967
3289,45,813
3289,46,594
3289,47,530
3289,48,528
3289,49,502
3289,50,276
3289,51,844
3289,52,203
3289,53,70
3289,54,267
3289,55,511
3289,56,299
3289,57,236
3289,58,104
3289,59,39
3289,60,39
3289,61,148
3289,62,727
3289,63,589
3289,64,525
3289,65,692
3289,66,495
3289,67,695
3289,68,460
3289,69,460
3289,70,460
3289,71,237
3289,72,170
3289,73,104
3289,74,491
3289,75,270
3289,76,277
3289,77,334
3289,78,203
3289,79,267
3289,80,276
3290,41,366
3290,42,632
3290,43,244
3290,44,213
3290,45,406
3290,46,967
3290,47,169
3290,48,1015
3290,49,236
3290,50,430
3290,51,395
3290,52,338
3290,53,305
3290,54,276
3290,55,533
3290,56,533
3290,57,628
3290,58,628
3290,59,598
3290,60,662
3290,61,205
3290,62,749
3290,63,687
3290,64,109
3290,65,211
3290,66,114
3290,67,82
3290,68,80
3290,69,113
3290,70,111
3290,71,80
3290,72,868
3290,73,542
3290,74,334
3290,75,300
3290,76,3
3290,77,69
3290,78,4
3290,79,163
3290,80,2
3291,41,490
3291,42,946
3291,43,414
3291,44,340
3291,45,389
3291,46,390
3291,47,1014
3291,48,170
3291,49,139
3291,50,429
3291,51,469
3291,52,695
3291,53,344
3291,54,505
3291,55,634
3291,56,409
3291,57,444
3291,58,154
3291,59,857
3291,60,343
3291,61,688
3291,62,1010
3291,63,768
3291,64,427
3291,65,890
3291,66,467
3291,67,460
3291,68,440
3291,69,407
3291,70,398
3291,71,461
3291,72,593
3291,73,563
3291,74,595
3291,75,374
3291,76,222
3291,77,470
3291,78,426
3291,79,430
3291,80,429
3292,41,201
3292,42,30
3292,43,29
3292,44,122
3292,45,29
3292,46,184
3292,47,152
3292,48,64
3292,49,90
3292,50,95
3292,51,96
3292,52,137
3292,53,32
3292,54,32
3292,55,64
3292,56,521
3292,57,508
3292,58,86
3292,59,29
3292,60,944
3292,61,710
3292,62,456
3292,63,927
3292,64,647
3292,65,22
3292,66,152
3292,67,150
3292,68,267
3292,69,44
3292,70,153
3292,71,311
3292,72,311
3292,73,327
3292,74,687
3292,75,278
3292,76,278
3292,77,278
3292,78,791
3292,79,305
3292,80,275
3293,41,546
3293,42,427
3293,43,452
3293,44,707
3293,45,737
3293,46,707
3293,47,481
3293,48,460
3293,49,428
3293,50,331
3293,51,267
3293,52,474
3293,53,291
3293,54,395
3293,55,467
3293,56,432
3293,57,429
3293,58,395
3293,59,295
3293,60,395
3293,61,386
3293,62,629
3293,63,428
3293,64,429
3293,65,460
3293,66,100
3293,67,424
3293,68,424
3293,69,338
3293,70,402
3293,71,145
3293,72,395
3293,73,421
3293,74,460
3293,75,614
3293,76,470
3293,77,424
3293,78,464
3293,79,468
3293,80,427
3294,41,162
3294,42,737
3294,43,640
3294,44,603
3294,45,540
3294,46,401
3294,47,640
3294,48,540
3294,49,672
3294,50,699
3294,51,640
3294,52,603
3294,53,443
3294,54,411
3294,55,315
3294,56,533
3294,57,315
3294,58,354
3294,59,859
3294,60,60
3294,61,802
3294,62,153
3294,63,478
3294,64,932
3294,65,470
3294,66,471
3294,67,536
3294,68,474
3294,69,478
3294,70,507
3294,71,542
3294,72,806
3294,73,501
3294,74,441
3294,75,377
3294,76,315
3294,77,408
3294,78,505
3294,79,342
3294,80,439
3295,41,998
3295,42,17
3295,43,423
3295,44,517
3295,45,1015
3295,46,963
3295,47,165
3295,48,165
3295,49,168
3295,50,201
3295,51,575
3295,52,80
3295,53,1008
3295,54,35
3295,55,5
3295,56,36
3295,57,37
3295,58,37
3295,59,104
3295,60,71
3295,61,918
3295,62,929
3295,63,649
3295,64,520
3295,65,1017
3295,66,808
3295,67,649
3295,68,488
3295,69,10
3295,70,259
3295,71,966
3295,72,452
3295,73,166
3295,74,389
3295,75,421
3295,76,358
3295,77,577
3295,78,545
3295,79,711
3295,80,422
3296,41,393
3296,42,819
3296,43,306
3296,44,304
3296,45,271
3296,46,193
3296,47,102
3296,48,102
3296,49,592
3296,50,264
3296,51,295
3296,52,390
3296,53,446
3296,54,474
3296,55,815
3296,56,342
3296,57,237
3296,58,117
3296,59,136
3296,60,136
3296,61,977
3296,62,51
3296,63,203
3296,64,107
3296,65,243
3296,66,210
3296,67,249
3296,68,523
3296,69,185
3296,70,182
3296,71,216
3296,72,602
3296,73,606
3296,74,602
3296,75,600
3296,76,842
3296,77,750
3296,78,745
3296,79,584
3296,80,545
3297,41,397
3297,42,80
3297,43,569
3297,44,602
3297,45,697
3297,46,729
3297,47,795
3297,48,86
3297,49,655
3297,50,487
3297,51,952
3297,52,794
3297,53,794
3297,54,790
3297,55,787
3297,56,920
3297,57,890
3297,58,920
3297,59,731
3297,60,570
3297,61,642
3297,62,346
3297,63,474
3297,64,232
3297,65,755
3297,66,478
3297,67,176
3297,68,639
3297,69,638
3297,70,893
3297,71,667
3297,72,634
3297,73,347
3297,74,698
3297,75,890
3297,76,895
3297,77,619
3297,78,700
3297,79,667
3297,80,765
3298,41,946
3298,42,135
3298,43,574
3298,44,237
3298,45,916
3298,46,543
3298,47,697
3298,48,480
3298,49,444
3298,50,601
3298,51,664
3298,52,444
3298,53,817
3298,54,885
3298,55,759
3298,56,855
3298,57,762
3298,58,598
3298,59,662
3298,60,604
3298,61,544
3298,62,482
3298,63,848
3298,64,757
3298,65,691
3298,66,911
3298,67,630
3298,68,538
3298,69,505
3298,70,925
3298,71,378
3298,72,285
3298,73,406
3298,74,565
3298,75,688
3298,76,813
3298,77,874
3298,78,688
3298,79,841
3298,80,917
3299,41,842
3299,42,522
3299,43,756
3299,44,911
3299,45,1004
3299,46,329
3299,47,817
3299,48,821
3299,49,466
3299,50,851
3299,51,742
3299,52,373
3299,53,908
3299,54,842
3299,55,841
3299,56,1000
3299,57,740
3299,58,707
3299,59,439
3299,60,675
3299,61,67
3299,62,248
3299,63,805
3299,64,702
3299,65,873
3299,66,767
3299,67,659
3299,68,933
3299,69,513
3299,70,617
3299,71,609
3299,72,612
3299,73,614
3299,74,646
3299,75,647
3299,76,769
3299,77,675
3299,78,647
3299,79,953
3299,80,612
3300,41,148
3300,42,230
3300,43,331
3300,44,461
3300,45,1014
3300,46,6
3300,47,557
3300,48,653
3300,49,456
3300,50,520
3300,51,365
3300,52,336
3300,53,566
3300,54,782
3300,55,392
3300,56,362
3300,57,394
3300,58,134
3300,59,217
3300,60,232
3300,61,662
3300,62,776
3300,63,366
3300,64,394
3300,65,366
3300,66,390
3300,67,327
3300,68,1004
3300,69,520
3300,70,160
3300,71,552
3300,72,129
3300,73,391
3300,74,389
3300,75,123
3300,76,429
3300,77,17
3300,78,361
3300,79,712
3300,80,744
3301,41,187
3301,42,786
3301,43,598
3301,44,536
3301,45,522
3301,46,600
3301,47,602
3301,48,528
3301,49,598
3301,50,633
3301,51,665
3301,52,665
3301,53,625
3301,54,664
3301,55,535
3301,56,473
3301,57,520
3301,58,227
3301,59,162
3301,60,942
3301,61,1017
3301,62,367
3301,63,537
3301,64,504
3301,65,879
3301,66,505
3301,67,567
3301,68,566
3301,69,998
3301,70,504
3301,71,535
3301,72,977
3301,73,152
3301,74,312
3301,75,378
3301,76,249
3301,77,583
3301,78,280
3301,79,312
3301,80,182
3302,41,34
3302,42,758
3302,43,412
3302,44,154
3302,45,89
3302,46,759
3302,47,95
3302,48,628
3302,49,63
3302,50,122
3302,51,29
3302,52,29
3302,53,645
3302,54,27
3302,55,122
3302,56,215
3302,57,830
3302,58,247
3302,59,406
3302,60,278
3302,61,995
3302,62,538
3302,63,315
3302,64,283
3302,65,473
3302,66,543
3302,67,872
3302,68,954
3302,69,320
3302,70,421
3302,71,280
3302,72,911
3302,73,255
3302,74,255
3302,75,223
3302,76,224
3302,77,255
3302,78,255
3302,79,422
3302,80,992
3303,41,300
3303,42,1005
3303,43,531
3303,44,894
3303,45,67
3303,46,560
3303,47,531
3303,48,499
3303,49,530
3303,50,434
3303,51,472
3303,52,440
3303,53,537
3303,54,472
3303,55,505
3303,56,505
3303,57,506
3303,58,825
3303,59,590
3303,60,667
3303,61,850
3303,62,1002
3303,63,724
3303,64,504
3303,65,471
3303,66,432
3303,67,802
3303,68,501
3303,69,501
3303,70,501
3303,71,395
3303,72,470
3303,73,763
3303,74,450
3303,75,602
3303,76,1024
3303,77,1024
3303,78,41
3303,79,473
3303,80,473
3304,41,361
3304,42,705
3304,43,454
3304,44,454
3304,45,622
3304,46,860
3304,47,653
3304,48,654
3304,49,686
3304,50,654
3304,51,785
3304,52,785
3304,53,785
3304,54,751
3304,55,683
3304,56,716
3304,57,683
3304,58,683
3304,59,684
3304,60,686
3304,61,847
3304,62,35
3304,63,616
3304,64,488
3304,65,552
3304,66,552
3304,67,552
3304,68,616
3304,69,681
3304,70,616
3304,71,488
3304,72,428
3304,73,518
3304,74,486
3304,75,487
3304,76,808
3304,77,485
3304,78,450
3304,79,118
3304,80,386
3305,41,723
3305,42,390
3305,43,588
3305,44,622
3305,45,622
3305,46,779
3305,47,467
3305,48,841
3305,49,968
3305,50,750
3305,51,688
3305,52,752
3305,53,535
3305,54,719
3305,55,296
3305,56,595
3305,57,467
3305,58,628
3305,59,628
3305,60,628
3305,61,1003
3305,62,412
3305,63,594
3305,64,626
3305,65,562
3305,66,598
3305,67,628
3305,68,597
3305,69,843
3305,70,935
3305,71,773
3305,72,708
3305,73,609
3305,74,613
3305,75,528
3305,76,563
3305,77,469
3305,78,367
3305,79,334
3305,80,442
3306,41,854
3306,42,447
3306,43,493
3306,44,652
3306,45,46
3306,46,682
3306,47,718
3306,48,752
3306,49,785
3306,50,752
3306,51,692
3306,52,817
3306,53,628
3306,54,781
3306,55,688
3306,56,390
3306,57,752
3306,58,510
3306,59,784
3306,60,752
3306,61,371
3306,62,277
3306,63,428
3306,64,424
3306,65,1004
3306,66,363
3306,67,330
3306,68,299
3306,69,396
3306,70,552
3306,71,487
3306,72,487
3306,73,488
3306,74,488
3306,75,806
3306,76,769
3306,77,773
3306,78,840
3306,79,773
3306,80,740
3307,41,92
3307,42,891
3307,43,144
3307,44,574
3307,45,640
3307,46,444
3307,47,310
3307,48,431
3307,49,356
3307,50,449
3307,51,449
3307,52,481
3307,53,675
3307,54,36
3307,55,449
3307,56,40
3307,57,649
3307,58,456
3307,59,247
3307,60,796
3307,61,989
3307,62,455
3307,63,476
3307,64,480
3307,65,410
3307,66,277
3307,67,243
3307,68,243
3307,69,260
3307,70,308
3307,71,142
3307,72,111
3307,73,16
3307,74,112
3307,75,18
3307,76,179
3307,77,212
3307,78,209
3307,79,222
3307,80,50
3308,41,512
3308,42,250
3308,43,146
3308,44,495
3308,45,180
3308,46,369
3308,47,583
3308,48,320
3308,49,469
3308,50,688
3308,51,536
3308,52,417
3308,53,505
3308,54,505
3308,55,505
3308,56,223
3308,57,471
3308,58,478
3308,59,536
3308,60,794
3308,61,508
3308,62,683
3308,63,176
3308,64,143
3308,65,178
3308,66,50
3308,67,79
3308,68,535
3308,69,138
3308,70,77
3308,71,12
3308,72,12
3308,73,138
3308,74,173
3308,75,108
3308,76,243
3308,77,138
3308,78,367
3308,79,38
3308,80,391
3309,41,687
3309,42,25
3309,43,803
3309,44,362
3309,45,362
3309,46,297
3309,47,297
3309,48,330
3309,49,517
3309,50,264
3309,51,232
3309,52,863
3309,53,174
3309,54,777
3309,55,775
3309,56,776
3309,57,584
3309,58,520
3309,59,518
3309,60,305
3309,61,532
3309,62,927
3309,63,235
3309,64,376
3309,65,376
3309,66,305
3309,67,476
3309,68,787
3309,69,759
3309,70,380
3309,71,410
3309,72,733
3309,73,300
3309,74,473
3309,75,198
3309,76,471
3309,77,375
3309,78,375
3309,79,723
3309,80,790
3310,41,179
3310,42,484
3310,43,601
3310,44,635
3310,45,797
3310,46,700
3310,47,634
3310,48,605
3310,49,472
3310,50,472
3310,51,477
3310,52,378
3310,53,149
3310,54,116
3310,55,20
3310,56,85
3310,57,183
3310,58,183
3310,59,494
3310,60,20
3310,61,42
3310,62,407
3310,63,642
3310,64,601
3310,65,505
3310,66,505
3310,67,411
3310,68,451
3310,69,612
3310,70,313
3310,71,833
3310,72,182
3310,73,606
3310,74,22
3310,75,86
3310,76,152
3310,77,193
3310,78,198
3310,79,153
3310,80,182
3311,41,1013
3311,42,231
3311,43,48
3311,44,176
3311,45,266
3311,46,268
3311,47,277
3311,48,276
3311,49,304
3311,50,344
3311,51,307
3311,52,17
3311,53,408
3311,54,438
3311,55,443
3311,56,756
3311,57,719
3311,58,788
3311,59,973
3311,60,1007
3311,61,952
3311,62,828
3311,63,73
3311,64,73
3311,65,531
3311,66,988
3311,67,327
3311,68,72
3311,69,109
3311,70,75
3311,71,72
3311,72,271
3311,73,209
3311,74,243
3311,75,168
3311,76,169
3311,77,104
3311,78,623
3311,79,365
3311,80,432
3312,41,705
3312,42,892
3312,43,153
3312,44,54
3312,45,86
3312,46,182
3312,47,149
3312,48,248
3312,49,255
3312,50,222
3312,51,344
3312,52,377
3312,53,280
3312,54,17
3312,55,311
3312,56,246
3312,57,374
3312,58,309
3312,59,432
3312,60,433
3312,61,445
3312,62,5
3312,63,86
3312,64,118
3312,65,215
3312,66,215
3312,67,117
3312,68,562
3312,69,22
3312,70,151
3312,71,153
3312,72,92
3312,73,745
3312,74,29
3312,75,64
3312,76,123
3312,77,184
3312,78,215
3312,79,52
3312,80,51
3313,41,786
3313,42,170
3313,43,873
3313,44,532
3313,45,587
3313,46,499
3313,47,499
3313,48,500
3313,49,505
3313,50,505
3313,51,407
3313,52,305
3313,53,615
3313,54,223
3313,55,161
3313,56,165
3313,57,275
3313,58,137
3313,59,304
3313,60,247
3313,61,553
3313,62,698
3313,63,396
3313,64,483
3313,65,336
3313,66,338
3313,67,255
3313,68,307
3313,69,275
3313,70,439
3313,71,364
3313,72,344
3313,73,306
3313,74,338
3313,75,369
3313,76,336
3313,77,290
3313,78,277
3313,79,277
3313,80,275
3314,41,159
3314,42,618
3314,43,523
3314,44,998
3314,45,626
3314,46,976
3314,47,709
3314,48,203
3314,49,920
3314,50,808
3314,51,456
3314,52,681
3314,53,617
3314,54,391
3314,55,326
3314,56,359
3314,57,424
3314,58,552
3314,59,743
3314,60,520
3314,61,98
3314,62,721
3314,63,923
3314,64,841
3314,65,811
3314,66,810
3314,67,842
3314,68,908
3314,69,811
3314,70,596
3314,71,626
3314,72,501
3314,73,529
3314,74,688
3314,75,562
3314,76,119
3314,77,951
3314,78,852
3314,79,653
3314,80,782
3315,41,401
3315,42,517
3315,43,549
3315,44,86
3315,45,769
3315,46,279
3315,47,738
3315,48,769
3315,49,738
3315,50,737
3315,51,557
3315,52,805
3315,53,707
3315,54,610
3315,55,609
3315,56,36
3315,57,407
3315,58,675
3315,59,675
3315,60,675
3315,61,526
3315,62,203
3315,63,642
3315,64,742
3315,65,709
3315,66,742
3315,67,814
3315,68,647
3315,69,657
3315,70,530
3315,71,618
3315,72,717
3315,73,648
3315,74,677
3315,75,806
3315,76,808
3315,77,808
3315,78,912
3315,79,707
3315,80,675
3316,41,333
3316,42,196
3316,43,310
3316,44,271
3316,45,674
3316,46,203
3316,47,381
3316,48,539
3316,49,170
3316,50,300
3316,51,300
3316,52,412
3316,53,1022
3316,54,267
3316,55,203
3316,56,166
3316,57,242
3316,58,112
3316,59,48
3316,60,110
3316,61,984
3316,62,713
3316,63,103
3316,64,376
3316,65,304
3316,66,275
3316,67,174
3316,68,376
3316,69,242
3316,70,275
3316,71,237
3316,72,438
3316,73,343
3316,74,277
3316,75,903
3316,76,310
3316,77,343
3316,78,759
3316,79,742
3316,80,406
3317,41,1016
3317,42,396
3317,43,259
3317,44,292
3317,45,758
3317,46,440
3317,47,292
3317,48,292
3317,49,355
3317,50,387
3317,51,388
3317,52,455
3317,53,323
3317,54,853
3317,55,290
3317,56,289
3317,57,289
3317,58,324
3317,59,289
3317,60,677
3317,61,999
3317,62,441
3317,63,322
3317,64,33
3317,65,290
3317,66,99
3317,67,259
3317,68,385
3317,69,460
3317,70,290
3317,71,352
3317,72,356
3317,73,423
3317,74,290
3317,75,426
3317,76,432
3317,77,423
3317,78,425
3317,79,430
3317,80,430
3318,41,442
3318,42,835
3318,43,215
3318,44,707
3318,45,609
3318,46,612
3318,47,609
3318,48,66
3318,49,508
3318,50,484
3318,51,675
3318,52,450
3318,53,707
3318,54,739
3318,55,706
3318,56,706
3318,57,452
3318,58,577
3318,59,577
3318,60,577
3318,61,843
3318,62,486
3318,63,421
3318,64,452
3318,65,700
3318,66,485
3318,67,675
3318,68,707
3318,69,385
3318,70,387
3318,71,450
3318,72,452
3318,73,545
3318,74,582
3318,75,545
3318,76,417
3318,77,675
3318,78,242
3318,79,577
3318,80,761
3319,41,288
3319,42,1009
3319,43,638
3319,44,509
3319,45,574
3319,46,608
3319,47,544
3319,48,539
3319,49,520
3319,50,475
3319,51,640
3319,52,637
3319,53,670
3319,54,975
3319,55,574
3319,56,671
3319,57,672
3319,58,607
3319,59,671
3319,60,639
3319,61,1002
3319,62,671
3319,63,731
3319,64,111
3319,65,731
3319,66,728
3319,67,828
3319,68,887
3319,69,233
3319,70,882
3319,71,883
3319,72,883
3319,73,946
3319,74,883
3319,75,883
3319,76,883
3319,77,883
3319,78,946
3319,79,883
3319,80,698
3320,41,299
3320,42,327
3320,43,190
3320,44,541
3320,45,287
3320,46,286
3320,47,286
3320,48,224
3320,49,224
3320,50,223
3320,51,222
3320,52,255
3320,53,190
3320,54,222
3320,55,189
3320,56,190
3320,57,255
3320,58,254
3320,59,255
3320,60,224
3320,61,625
3320,62,1003
3320,63,354
3320,64,222
3320,65,157
3320,66,157
3320,67,94
3320,68,125
3320,69,125
3320,70,127
3320,71,94
3320,72,123
3320,73,125
3320,74,125
3320,75,94
3320,76,125
3320,77,94
3320,78,224
3320,79,224
3320,80,697
3321,41,81
3321,42,552
3321,43,103
3321,44,304
3321,45,232
3321,46,168
3321,47,879
3321,48,320
3321,49,168
3321,50,932
3321,51,267
3321,52,514
3321,53,299
3321,54,337
3321,55,202
3321,56,267
3321,57,103
3321,58,101
3321,59,70
3321,60,70
3321,61,724
3321,62,386
3321,63,258
3321,64,104
3321,65,137
3321,66,8
3321,67,69
3321,68,652
3321,69,168
3321,70,71
3321,71,344
3321,72,676
3321,73,344
3321,74,71
3321,75,103
3321,76,101
3321,77,101
3321,78,5
3321,79,820
3321,80,101
3322,41,472
3322,42,719
3322,43,231
3322,44,648
3322,45,301
3322,46,384
3322,47,172
3322,48,236
3322,49,168
3322,50,235
3322,51,301
3322,52,235
3322,53,140
3322,54,139
3322,55,166
3322,56,199
3322,57,233
3322,58,263
3322,59,792
3322,60,296
3322,61,715
3322,62,480
3322,63,674
3322,64,432
3322,65,430
3322,66,389
3322,67,323
3322,68,389
3322,69,388
3322,70,387
3322,71,30
3322,72,451
3322,73,417
3322,74,354
3322,75,513
3322,76,740
3322,77,914
3322,78,773
3322,79,806
3322,80,740
3323,41,198
3323,42,364
3323,43,574
3323,44,344
3323,45,924
3323,46,379
3323,47,983
3323,48,544
3323,49,471
3323,50,477
3323,51,542
3323,52,540
3323,53,931
3323,54,477
3323,55,475
3323,56,475
3323,57,763
3323,58,206
3323,59,505
3323,60,505
3323,61,999
3323,62,728
3323,63,701
3323,64,640
3323,65,476
3323,66,536
3323,67,307
3323,68,505
3323,69,33
3323,70,506
3323,71,542
3323,72,366
3323,73,542
3323,74,22
3323,75,542
3323,76,699
3323,77,542
3323,78,607
3323,79,640
3323,80,474
3324,41,819
3324,42,642
3324,43,439
3324,44,712
3324,45,616
3324,46,561
3324,47,745
3324,48,738
3324,49,738
3324,50,618
3324,51,497
3324,52,595
3324,53,597
3324,54,566
3324,55,562
3324,56,520
3324,57,464
3324,58,425
3324,59,366
3324,60,394
3324,61,374
3324,62,870
3324,63,647
3324,64,616
3324,65,35
3324,66,679
3324,67,616
3324,68,394
3324,69,794
3324,70,355
3324,71,540
3324,72,456
3324,73,615
3324,74,583
3324,75,583
3324,76,583
3324,77,519
3324,78,518
3324,79,552
3324,80,552
3325,41,552
3325,42,758
3325,43,391
3325,44,689
3325,45,584
3325,46,616
3325,47,647
3325,48,647
3325,49,616
3325,50,488
3325,51,713
3325,52,520
3325,53,745
3325,54,842
3325,55,786
3325,56,327
3325,57,134
3325,58,264
3325,59,263
3325,60,200
3325,61,761
3325,62,581
3325,63,645
3325,64,163
3325,65,68
3325,66,99
3325,67,99
3325,68,133
3325,69,99
3325,70,162
3325,71,130
3325,72,331
3325,73,321
3325,74,130
3325,75,99
3325,76,99
3325,77,99
3325,78,135
3325,79,164
3325,80,132
3326,41,156
3326,42,101
3326,43,73
3326,44,875
3326,45,1005
3326,46,908
3326,47,1004
3326,48,1002
3326,49,231
3326,50,875
3326,51,908
3326,52,908
3326,53,908
3326,54,817
3326,55,756
3326,56,631
3326,57,378
3326,58,306
3326,59,374
3326,60,54
3326,61,698
3326,62,941
3326,63,778
3326,64,598
3326,65,361
3326,66,533
3326,67,375
3326,68,179
3326,69,242
3326,70,32
3326,71,375
3326,72,375
3326,73,1015
3326,74,905
3326,75,222
3326,76,284
3326,77,216
3326,78,252
3326,79,117
3326,80,122
3327,41,741
3327,42,318
3327,43,117
3327,44,107
3327,45,280
3327,46,280
3327,47,84
3327,48,84
3327,49,117
3327,50,152
3327,51,940
3327,52,59
3327,53,90
3327,54,733
3327,55,214
3327,56,710
3327,57,742
3327,58,281
3327,59,52
3327,60,338
3327,61,95
3327,62,505
3327,63,187
3327,64,190
3327,65,218
3327,66,218
3327,67,991
3327,68,182
3327,69,502
3327,70,280
3327,71,823
3327,72,116
3327,73,666
3327,74,183
3327,75,182
3327,76,117
3327,77,682
3327,78,813
3327,79,154
3327,80,93
3328,41,518
3328,42,256
3328,43,195
3328,44,195
3328,45,372
3328,46,195
3328,47,195
3328,48,552
3328,49,195
3328,50,195
3328,51,259
3328,52,859
3328,53,259
3328,54,722
3328,55,259
3328,56,259
3328,57,259
3328,58,259
3328,59,259
3328,60,24
3328,61,654
3328,62,733
3328,63,195
3328,64,259
3328,65,259
3328,66,259
3328,67,259
3328,68,259
3328,69,259
3328,70,259
3328,71,259
3328,72,259
3328,73,259
3328,74,323
3328,75,647
3328,76,323
3328,77,36
3328,78,422
3328,79,440
3328,80,187
3329,41,696
3329,42,130
3329,43,736
3329,44,366
3329,45,548
3329,46,276
3329,47,212
3329,48,404
3329,49,501
3329,50,307
3329,51,412
3329,52,278
3329,53,313
3329,54,84
3329,55,374
3329,56,404
3329,57,471
3329,58,776
3329,59,477
3329,60,480
3329,61,1007
3329,62,940
3329,63,425
3329,64,395
3329,65,1016
3329,66,301
3329,67,739
3329,68,365
3329,69,81
3329,70,275
3329,71,361
3329,72,337
3329,73,202
3329,74,403
3329,75,429
3329,76,427
3329,77,389
3329,78,389
3329,79,389
3329,80,822
3330,41,178
3330,42,682
3330,43,315
3330,44,378
3330,45,224
3330,46,362
3330,47,382
3330,48,381
3330,49,381
3330,50,351
3330,51,801
3330,52,242
3330,53,350
3330,54,317
3330,55,535
3330,56,156
3330,57,92
3330,58,690
3330,59,122
3330,60,20
3330,61,227
3330,62,237
3330,63,375
3330,64,311
3330,65,311
3330,66,215
3330,67,997
3330,68,118
3330,69,251
3330,70,183
3330,71,216
3330,72,122
3330,73,63
3330,74,60
3330,75,28
3330,76,185
3330,77,187
3330,78,346
3330,79,705
3330,80,217
3331,41,518
3331,42,111
3331,43,481
3331,44,577
3331,45,990
3331,46,481
3331,47,513
3331,48,422
3331,49,422
3331,50,240
3331,51,102
3331,52,37
3331,53,37
3331,54,37
3331,55,145
3331,56,37
3331,57,37
3331,58,102
3331,59,166
3331,60,102
3331,61,399
3331,62,120
3331,63,159
3331,64,430
3331,65,430
3331,66,427
3331,67,427
3331,68,142
3331,69,971
3331,70,423
3331,71,423
3331,72,421
3331,73,420
3331,74,420
3331,75,452
3331,76,642
3331,77,642
3331,78,642
3331,79,513
3331,80,513
3332,41,466
3332,42,167
3332,43,262
3332,44,616
3332,45,488
3332,46,681
3332,47,757
3332,48,875
3332,49,941
3332,50,941
3332,51,840
3332,52,718
3332,53,300
3332,54,810
3332,55,649
3332,56,810
3332,57,295
3332,58,232
3332,59,327
3332,60,358
3332,61,854
3332,62,992
3332,63,778
3332,64,810
3332,65,649
3332,66,683
3332,67,362
3332,68,904
3332,69,905
3332,70,809
3332,71,140
3332,72,715
3332,73,809
3332,74,713
3332,75,974
3332,76,940
3332,77,644
3332,78,777
3332,79,681
3332,80,456
3333,41,202
3333,42,460
3333,43,713
3333,44,733
3333,45,579
3333,46,467
3333,47,488
3333,48,776
3333,49,743
3333,50,552
3333,51,391
3333,52,456
3333,53,745
3333,54,200
3333,55,71
3333,56,564
3333,57,161
3333,58,193
3333,59,261
3333,60,580
3333,61,466
3333,62,604
3333,63,93
3333,64,422
3333,65,323
3333,66,163
3333,67,323
3333,68,832
3333,69,161
3333,70,163
3333,71,291
3333,72,362
3333,73,727
3333,74,326
3333,75,507
3333,76,521
3333,77,960
3333,78,162
3333,79,132
3333,80,165
3334,41,698
3334,42,574
3334,43,810
3334,44,520
3334,45,810
3334,46,810
3334,47,810
3334,48,810
3334,49,675
3334,50,728
3334,51,551
3334,52,941
3334,53,1006
3334,54,1006
3334,55,1006
3334,56,1006
3334,57,627
3334,58,1006
3334,59,1006
3334,60,373
3334,61,29
3334,62,739
3334,63,622
3334,64,589
3334,65,520
3334,66,557
3334,67,703
3334,68,492
3334,69,493
3334,70,501
3334,71,469
3334,72,921
3334,73,246
3334,74,337
3334,75,334
3334,76,919
3334,77,299
3334,78,236
3334,79,268
3334,80,612
3335,41,883
3335,42,172
3335,43,306
3335,44,624
3335,45,276
3335,46,242
3335,47,168
3335,48,251
3335,49,238
3335,50,380
3335,51,134
3335,52,365
3335,53,337
3335,54,393
3335,55,361
3335,56,253
3335,57,361
3335,58,391
3335,59,361
3335,60,362
3335,61,176
3335,62,630
3335,63,537
3335,64,537
3335,65,194
3335,66,537
3335,67,625
3335,68,537
3335,69,537
3335,70,140
3335,71,600
3335,72,664
3335,73,664
3335,74,819
3335,75,25
3335,76,729
3335,77,1020
3335,78,759
3335,79,378
3335,80,760
3336,41,153
3336,42,921
3336,43,133
3336,44,701
3336,45,700
3336,46,538
3336,47,700
3336,48,634
3336,49,18
3336,50,619
3336,51,635
3336,52,538
3336,53,20
3336,54,293
3336,55,541
3336,56,477
3336,57,602
3336,58,730
3336,59,602
3336,60,602
3336,61,883
3336,62,203
3336,63,843
3336,64,602
3336,65,863
3336,66,895
3336,67,338
3336,68,212
3336,69,569
3336,70,570
3336,71,667
3336,72,700
3336,73,703
3336,74,930
3336,75,602
3336,76,603
3336,77,602
3336,78,602
3336,79,602
3336,80,602
3337,41,1002
3337,42,641
3337,43,259
3337,44,290
3337,45,388
3337,46,536
3337,47,198
3337,48,702
3337,49,101
3337,50,71
3337,51,36
3337,52,104
3337,53,37
3337,54,69
3337,55,109
3337,56,79
3337,57,48
3337,58,78
3337,59,327
3337,60,196
3337,61,429
3337,62,712
3337,63,368
3337,64,12
3337,65,75
3337,66,108
3337,67,140
3337,68,299
3337,69,258
3337,70,164
3337,71,422
3337,72,102
3337,73,163
3337,74,165
3337,75,291
3337,76,101
3337,77,502
3337,78,101
3337,79,195
3337,80,195
3338,41,58
3338,42,66
3338,43,782
3338,44,781
3338,45,769
3338,46,782
3338,47,782
3338,48,874
3338,49,888
3338,50,813
3338,51,782
3338,52,4
3338,53,813
3338,54,809
3338,55,840
3338,56,936
3338,57,811
3338,58,997
3338,59,998
3338,60,842
3338,61,470
3338,62,633
3338,63,781
3338,64,782
3338,65,578
3338,66,811
3338,67,807
3338,68,840
3338,69,245
3338,70,966
3338,71,873
3338,72,935
3338,73,773
3338,74,838
3338,75,840
3338,76,809
3338,77,968
3338,78,903
3338,79,805
3338,80,1000
3339,41,559
3339,42,97
3339,43,38
3339,44,38
3339,45,131
3339,46,131
3339,47,163
3339,48,291
3339,49,259
3339,50,323
3339,51,389
3339,52,420
3339,53,389
3339,54,517
3339,55,860
3339,56,338
3339,57,962
3339,58,146
3339,59,170
3339,60,270
3339,61,971
3339,62,971
3339,63,111
3339,64,341
3339,65,66
3339,66,5
3339,67,67
3339,68,137
3339,69,577
3339,70,37
3339,71,3
3339,72,104
3339,73,136
3339,74,666
3339,75,202
3339,76,169
3339,77,271
3339,78,168
3339,79,431
3339,80,203
3340,41,356
3340,42,845
3340,43,313
3340,44,743
3340,45,375
3340,46,221
3340,47,710
3340,48,607
3340,49,608
3340,50,608
3340,51,320
3340,52,640
3340,53,542
3340,54,608
3340,55,235
3340,56,474
3340,57,602
3340,58,608
3340,59,479
3340,60,719
3340,61,48
3340,62,536
3340,63,376
3340,64,146
3340,65,111
3340,66,143
3340,67,142
3340,68,107
3340,69,176
3340,70,112
3340,71,946
3340,72,314
3340,73,182
3340,74,313
3340,75,182
3340,76,182
3340,77,215
3340,78,150
3340,79,220
3340,80,117
3341,41,378
3341,42,343
3341,43,452
3341,44,577
3341,45,769
3341,46,740
3341,47,740
3341,48,706
3341,49,769
3341,50,740
3341,51,837
3341,52,868
3341,53,868
3341,54,898
3341,55,5
3341,56,898
3341,57,929
3341,58,929
3341,59,930
3341,60,929
3341,61,102
3341,62,616
3341,63,988
3341,64,380
3341,65,24
3341,66,203
3341,67,237
3341,68,541
3341,69,642
3341,70,211
3341,71,244
3341,72,241
3341,73,181
3341,74,181
3341,75,212
3341,76,82
3341,77,115
3341,78,81
3341,79,18
3341,80,112
3342,41,557
3342,42,339
3342,43,586
3342,44,777
3342,45,764
3342,46,456
3342,47,617
3342,48,68
3342,49,555
3342,50,592
3342,51,593
3342,52,603
3342,53,719
3342,54,175
3342,55,627
3342,56,919
3342,57,812
3342,58,628
3342,59,688
3342,60,108
3342,61,176
3342,62,462
3342,63,558
3342,64,754
3342,65,535
3342,66,595
3342,67,594
3342,68,760
3342,69,536
3342,70,441
3342,71,344
3342,72,222
3342,73,189
3342,74,90
3342,75,287
3342,76,224
3342,77,381
3342,78,34
3342,79,938
3342,80,350
3343,41,309
3343,42,210
3343,43,601
3343,44,699
3343,45,666
3343,46,418
3343,47,755
3343,48,632
3343,49,632
3343,50,632
3343,51,569
3343,52,569
3343,53,513
3343,54,569
3343,55,602
3343,56,120
3343,57,602
3343,58,386
3343,59,646
3343,60,666
3343,61,287
3343,62,1016
3343,63,599
3343,64,600
3343,65,600
3343,66,174
3343,67,603
3343,68,858
3343,69,600
3343,70,599
3343,71,634
3343,72,296
3343,73,83
3343,74,873
3343,75,920
3343,76,781
3343,77,657
3343,78,600
3343,79,634
3343,80,666
3344,41,238
3344,42,493
3344,43,666
3344,44,92
3344,45,153
3344,46,153
3344,47,91
3344,48,153
3344,49,819
3344,50,921
3344,51,122
3344,52,63
3344,53,94
3344,54,63
3344,55,64
3344,56,63
3344,57,94
3344,58,247
3344,59,94
3344,60,76
3344,61,862
3344,62,311
3344,63,63
3344,64,64
3344,65,64
3344,66,60
3344,67,153
3344,68,835
3344,69,91
3344,70,29
3344,71,92
3344,72,60
3344,73,28
3344,74,122
3344,75,924
3344,76,603
3344,77,60
3344,78,93
3344,79,917
3344,80,63
3345,41,223
3345,42,845
3345,43,295
3345,44,231
3345,45,994
3345,46,152
3345,47,163
3345,48,168
3345,49,132
3345,50,134
3345,51,552
3345,52,427
3345,53,422
3345,54,422
3345,55,390
3345,56,19
3345,57,423
3345,58,681
3345,59,584
3345,60,427
3345,61,713
3345,62,108
3345,63,500
3345,64,129
3345,65,3
3345,66,161
3345,67,161
3345,68,278
3345,69,34
3345,70,137
3345,71,259
3345,72,385
3345,73,195
3345,74,162
3345,75,67
3345,76,2
3345,77,70
3345,78,34
3345,79,2
3345,80,102
3346,41,951
3346,42,932
3346,43,370
3346,44,410
3346,45,635
3346,46,635
3346,47,671
3346,48,675
3346,49,542
3346,50,640
3346,51,443
3346,52,249
3346,53,218
3346,54,906
3346,55,359
3346,56,250
3346,57,249
3346,58,285
3346,59,794
3346,60,763
3346,61,892
3346,62,117
3346,63,298
3346,64,108
3346,65,971
3346,66,299
3346,67,72
3346,68,70
3346,69,666
3346,70,170
3346,71,243
3346,72,243
3346,73,231
3346,74,530
3346,75,542
3346,76,592
3346,77,622
3346,78,779
3346,79,813
3346,80,941
3347,41,708
3347,42,156
3347,43,153
3347,44,121
3347,45,917
3347,46,520
3347,47,617
3347,48,556
3347,49,619
3347,50,622
3347,51,595
3347,52,690
3347,53,745
3347,54,936
3347,55,597
3347,56,967
3347,57,366
3347,58,874
3347,59,824
3347,60,867
3347,61,139
3347,62,601
3347,63,609
3347,64,513
3347,65,450
3347,66,54
3347,67,453
3347,68,72
3347,69,289
3347,70,724
3347,71,356
3347,72,356
3347,73,988
3347,74,620
3347,75,557
3347,76,649
3347,77,455
3347,78,484
3347,79,486
3347,80,488
3348,41,542
3348,42,763
3348,43,94
3348,44,93
3348,45,153
3348,46,215
3348,47,277
3348,48,874
3348,49,469
3348,50,467
3348,51,402
3348,52,315
3348,53,535
3348,54,535
3348,55,536
3348,56,505
3348,57,564
3348,58,565
3348,59,597
3348,60,597
3348,61,712
3348,62,19
3348,63,216
3348,64,249
3348,65,923
3348,66,469
3348,67,342
3348,68,501
3348,69,469
3348,70,431
3348,71,532
3348,72,279
3348,73,277
3348,74,377
3348,75,877
3348,76,504
3348,77,472
3348,78,407
3348,79,503
3348,80,439
3349,41,323
3349,42,827
3349,43,392
3349,44,420
3349,45,451
3349,46,208
3349,47,451
3349,48,451
3349,49,394
3349,50,365
3349,51,336
3349,52,365
3349,53,367
3349,54,385
3349,55,902
3349,56,391
3349,57,391
3349,58,290
3349,59,587
3349,60,394
3349,61,542
3349,62,387
3349,63,452
3349,64,335
3349,65,365
3349,66,361
3349,67,336
3349,68,795
3349,69,365
3349,70,687
3349,71,576
3349,72,454
3349,73,178
3349,74,211
3349,75,176
3349,76,208
3349,77,176
3349,78,783
3349,79,43
3349,80,596
3350,41,733
3350,42,891
3350,43,536
3350,44,601
3350,45,49
3350,46,300
3350,47,928
3350,48,700
3350,49,864
3350,50,733
3350,51,960
3350,52,831
3350,53,831
3350,54,393
3350,55,830
3350,56,570
3350,57,505
3350,58,505
3350,59,537
3350,60,505
3350,61,994
3350,62,921
3350,63,278
3350,64,429
3350,65,425
3350,66,472
3350,67,693
3350,68,983
3350,69,893
3350,70,536
3350,71,505
3350,72,505
3350,73,608
3350,74,509
3350,75,303
3350,76,410
3350,77,1004
3350,78,1007
3350,79,879
3350,80,879
3351,41,269
3351,42,910
3351,43,425
3351,44,946
3351,45,430
3351,46,300
3351,47,333
3351,48,334
3351,49,398
3351,50,333
3351,51,460
3351,52,429
3351,53,525
3351,54,890
3351,55,391
3351,56,472
3351,57,408
3351,58,791
3351,59,503
3351,60,430
3351,61,1022
3351,62,597
3351,63,427
3351,64,468
3351,65,720
3351,66,425
3351,67,969
3351,68,235
3351,69,139
3351,70,168
3351,71,108
3351,72,110
3351,73,1003
3351,74,18
3351,75,50
3351,76,179
3351,77,146
3351,78,81
3351,79,213
3351,80,214
3352,41,610
3352,42,558
3352,43,143
3352,44,213
3352,45,213
3352,46,302
3352,47,214
3352,48,213
3352,49,209
3352,50,277
3352,51,541
3352,52,305
3352,53,176
3352,54,112
3352,55,115
3352,56,81
3352,57,276
3352,58,230
3352,59,376
3352,60,505
3352,61,98
3352,62,668
3352,63,505
3352,64,147
3352,65,242
3352,66,177
3352,67,209
3352,68,244
3352,69,831
3352,70,211
3352,71,48
3352,72,143
3352,73,210
3352,74,143
3352,75,275
3352,76,342
3352,77,255
3352,78,374
3352,79,445
3352,80,234
3353,41,166
3353,42,20
3353,43,323
3353,44,604
3353,45,113
3353,46,389
3353,47,356
3353,48,259
3353,49,96
3353,50,387
3353,51,450
3353,52,391
3353,53,552
3353,54,647
3353,55,650
3353,56,913
3353,57,559
3353,58,949
3353,59,562
3353,60,529
3353,61,709
3353,62,56
3353,63,202
3353,64,203
3353,65,962
3353,66,632
3353,67,104
3353,68,34
3353,69,326
3353,70,295
3353,71,82
3353,72,814
3353,73,713
3353,74,936
3353,75,719
3353,76,410
3353,77,812
3353,78,683
3353,79,782
3353,80,781
3354,41,679
3354,42,19
3354,43,750
3354,44,885
3354,45,657
3354,46,597
3354,47,469
3354,48,107
3354,49,501
3354,50,672
3354,51,596
3354,52,276
3354,53,633
3354,54,662
3354,55,741
3354,56,436
3354,57,438
3354,58,435
3354,59,983
3354,60,599
3354,61,969
3354,62,373
3354,63,476
3354,64,607
3354,65,604
3354,66,604
3354,67,542
3354,68,575
3354,69,608
3354,70,640
3354,71,575
3354,72,606
3354,73,542
3354,74,672
3354,75,672
3354,76,509
3354,77,575
3354,78,606
3354,79,646
3354,80,604
3355,41,402
3355,42,207
3355,43,481
3355,44,451
3355,45,545
3355,46,454
3355,47,386
3355,48,418
3355,49,925
3355,50,227
3355,51,472
3355,52,419
3355,53,610
3355,54,513
3355,55,253
3355,56,727
3355,57,430
3355,58,469
3355,59,430
3355,60,391
3355,61,762
3355,62,55
3355,63,783
3355,64,484
3355,65,452
3355,66,322
3355,67,67
3355,68,132
3355,69,389
3355,70,837
3355,71,681
3355,72,649
3355,73,681
3355,74,423
3355,75,452
3355,76,421
3355,77,99
3355,78,227
3355,79,601
3355,80,291
3356,41,334
3356,42,660
3356,43,1002
3356,44,786
3356,45,850
3356,46,848
3356,47,660
3356,48,786
3356,49,894
3356,50,723
3356,51,123
3356,52,724
3356,53,791
3356,54,856
3356,55,678
3356,56,859
3356,57,856
3356,58,856
3356,59,511
3356,60,856
3356,61,851
3356,62,306
3356,63,985
3356,64,918
3356,65,982
3356,66,1016
3356,67,888
3356,68,763
3356,69,601
3356,70,668
3356,71,700
3356,72,825
3356,73,918
3356,74,499
3356,75,918
3356,76,951
3356,77,1013
3356,78,92
3356,79,611
3356,80,982
3357,41,535
3357,42,929
3357,43,435
3357,44,433
3357,45,469
3357,46,278
3357,47,215
3357,48,210
3357,49,83
3357,50,140
3357,51,207
3357,52,114
3357,53,145
3357,54,391
3357,55,147
3357,56,209
3357,57,48
3357,58,497
3357,59,76
3357,60,76
3357,61,1001
3357,62,520
3357,63,435
3357,64,243
3357,65,305
3357,66,203
3357,67,884
3357,68,199
3357,69,166
3357,70,198
3357,71,167
3357,72,771
3357,73,67
3357,74,676
3357,75,164
3357,76,422
3357,77,454
3357,78,486
3357,79,456
3357,80,777
3358,41,292
3358,42,160
3358,43,840
3358,44,955
3358,45,382
3358,46,318
3358,47,285
3358,48,378
3358,49,223
3358,50,315
3358,51,314
3358,52,425
3358,53,421
3358,54,323
3358,55,99
3358,56,651
3358,57,585
3358,58,390
3358,59,357
3358,60,325
3358,61,554
3358,62,447
3358,63,283
3358,64,569
3358,65,597
3358,66,998
3358,67,935
3358,68,28
3358,69,745
3358,70,745
3358,71,721
3358,72,810
3358,73,750
3358,74,718
3358,75,687
3358,76,687
3358,77,596
3358,78,874
3358,79,904
3358,80,599
3359,41,792
3359,42,859
3359,43,104
3359,44,169
3359,45,170
3359,46,276
3359,47,211
3359,48,319
3359,49,114
3359,50,82
3359,51,112
3359,52,113
3359,53,73
3359,54,108
3359,55,73
3359,56,73
3359,57,73
3359,58,107
3359,59,108
3359,60,109
3359,61,762
3359,62,879
3359,63,142
3359,64,9
3359,65,108
3359,66,407
3359,67,407
3359,68,244
3359,69,306
3359,70,472
3359,71,407
3359,72,471
3359,73,56
3359,74,230
3359,75,199
3359,76,195
3359,77,195
3359,78,227
3359,79,163
3359,80,199
3360,41,95
3360,42,580
3360,43,321
3360,44,814
3360,45,868
3360,46,593
3360,47,592
3360,48,597
3360,49,719
3360,50,270
3360,51,846
3360,52,846
3360,53,846
3360,54,114
3360,55,687
3360,56,846
3360,57,845
3360,58,812
3360,59,687
3360,60,598
3360,61,327
3360,62,29
3360,63,555
3360,64,650
3360,65,621
3360,66,491
3360,67,491
3360,68,522
3360,69,521
3360,70,522
3360,71,241
3360,72,493
3360,73,648
3360,74,584
3360,75,520
3360,76,520
3360,77,649
3360,78,683
3360,79,456
3360,80,456
3361,41,484
3361,42,892
3361,43,391
3361,44,389
3361,45,673
3361,46,440
3361,47,649
3361,48,327
3361,49,232
3361,50,73
3361,51,73
3361,52,107
3361,53,73
3361,54,73
3361,55,75
3361,56,1000
3361,57,75
3361,58,75
3361,59,107
3361,60,73
3361,61,577
3361,62,616
3361,63,358
3361,64,551
3361,65,327
3361,66,295
3361,67,167
3361,68,327
3361,69,167
3361,70,7
3361,71,167
3361,72,731
3361,73,263
3361,74,358
3361,75,391
3361,76,232
3361,77,391
3361,78,391
3361,79,390
3361,80,34
3362,41,938
3362,42,43
3362,43,811
3362,44,460
3362,45,750
3362,46,687
3362,47,812
3362,48,750
3362,49,781
3362,50,199
3362,51,628
3362,52,532
3362,53,781
3362,54,626
3362,55,830
3362,56,100
3362,57,102
3362,58,830
3362,59,923
3362,60,700
3362,61,897
3362,62,154
3362,63,193
3362,64,905
3362,65,591
3362,66,904
3362,67,843
3362,68,846
3362,69,846
3362,70,846
3362,71,843
3362,72,966
3362,73,598
3362,74,594
3362,75,406
3362,76,596
3362,77,487
3362,78,570
3362,79,928
3362,80,562
3363,41,181
3363,42,651
3363,43,302
3363,44,749
3363,45,896
3363,46,498
3363,47,170
3363,48,135
3363,49,71
3363,50,99
3363,51,202
3363,52,141
3363,53,107
3363,54,36
3363,55,716
3363,56,70
3363,57,239
3363,58,72
3363,59,9
3363,60,76
3363,61,396
3363,62,456
3363,63,417
3363,64,642
3363,65,677
3363,66,808
3363,67,715
3363,68,806
3363,69,805
3363,70,580
3363,71,611
3363,72,635
3363,73,651
3363,74,807
3363,75,518
3363,76,831
3363,77,936
3363,78,931
3363,79,870
3363,80,808
3364,41,409
3364,42,774
3364,43,807
3364,44,433
3364,45,773
3364,46,481
3364,47,497
3364,48,386
3364,49,358
3364,50,395
3364,51,428
3364,52,431
3364,53,428
3364,54,392
3364,55,914
3364,56,259
3364,57,131
3364,58,417
3364,59,481
3364,60,578
3364,61,228
3364,62,865
3364,63,610
3364,64,513
3364,65,642
3364,66,449
3364,67,227
3364,68,449
3364,69,386
3364,70,675
3364,71,790
3364,72,610
3364,73,545
3364,74,417
3364,75,191
3364,76,642
3364,77,722
3364,78,966
3364,79,10
3364,80,674
3365,41,748
3365,42,589
3365,43,169
3365,44,363
3365,45,106
3365,46,426
3365,47,362
3365,48,267
3365,49,298
3365,50,267
3365,51,237
3365,52,342
3365,53,173
3365,54,331
3365,55,76
3365,56,109
3365,57,232
3365,58,330
3365,59,122
3365,60,202
3365,61,513
3365,62,444
3365,63,493
3365,64,461
3365,65,472
3365,66,471
3365,67,474
3365,68,395
3365,69,395
3365,70,331
3365,71,994
3365,72,233
3365,73,297
3365,74,749
3365,75,142
3365,76,205
3365,77,363
3365,78,363
3365,79,895
3365,80,741
3366,41,760
3366,42,807
3366,43,598
3366,44,597
3366,45,625
3366,46,627
3366,47,473
3366,48,467
3366,49,337
3366,50,1019
3366,51,918
3366,52,427
3366,53,616
3366,54,642
3366,55,454
3366,56,776
3366,57,712
3366,58,743
3366,59,394
3366,60,338
3366,61,524
3366,62,361
3366,63,956
3366,64,564
3366,65,595
3366,66,535
3366,67,471
3366,68,479
3366,69,546
3366,70,501
3366,71,625
3366,72,438
3366,73,439
3366,74,276
3366,75,321
3366,76,278
3366,77,374
3366,78,346
3366,79,215
3366,80,366
3367,41,978
3367,42,572
3367,43,422
3367,44,422
3367,45,390
3367,46,290
3367,47,421
3367,48,389
3367,49,391
3367,50,776
3367,51,713
3367,52,809
3367,53,872
3367,54,997
3367,55,156
3367,56,1006
3367,57,905
3367,58,777
3367,59,941
3367,60,1006
3367,61,435
3367,62,766
3367,63,619
3367,64,969
3367,65,425
3367,66,424
3367,67,428
3367,68,525
3367,69,621
3367,70,460
3367,71,558
3367,72,663
3367,73,621
3367,74,557
3367,75,964
3367,76,820
3367,77,493
3367,78,648
3367,79,584
3367,80,530
3368,41,842
3368,42,134
3368,43,49
3368,44,80
3368,45,913
3368,46,111
3368,47,142
3368,48,82
3368,49,210
3368,50,375
3368,51,150
3368,52,313
3368,53,533
3368,54,504
3368,55,504
3368,56,506
3368,57,634
3368,58,345
3368,59,442
3368,60,914
3368,61,588
3368,62,917
3368,63,587
3368,64,185
3368,65,6
3368,66,183
3368,67,248
3368,68,812
3368,69,1019
3368,70,311
3368,71,311
3368,72,311
3368,73,182
3368,74,409
3368,75,84
3368,76,844
3368,77,473
3368,78,312
3368,79,304
3368,80,311
3369,41,277
3369,42,918
3369,43,1020
3369,44,955
3369,45,859
3369,46,859
3369,47,923
3369,48,890
3369,49,988
3369,50,1020
3369,51,810
3369,52,955
3369,53,998
3369,54,791
3369,55,791
3369,56,823
3369,57,888
3369,58,917
3369,59,16
3369,60,573
3369,61,1018
3369,62,229
3369,63,823
3369,64,785
3369,65,471
3369,66,779
3369,67,967
3369,68,997
3369,69,750
3369,70,160
3369,71,122
3369,72,536
3369,73,657
3369,74,843
3369,75,750
3369,76,808
3369,77,756
3369,78,374
3369,79,475
3369,80,426
3370,41,1021
3370,42,792
3370,43,376
3370,44,884
3370,45,342
3370,46,343
3370,47,132
3370,48,187
3370,49,85
3370,50,215
3370,51,726
3370,52,511
3370,53,279
3370,54,278
3370,55,345
3370,56,708
3370,57,724
3370,58,662
3370,59,566
3370,60,693
3370,61,916
3370,62,679
3370,63,163
3370,64,131
3370,65,104
3370,66,5
3370,67,34
3370,68,34
3370,69,326
3370,70,358
3370,71,291
3370,72,321
3370,73,513
3370,74,227
3370,75,354
3370,76,322
3370,77,423
3370,78,484
3370,79,331
3370,80,428
3371,41,529
3371,42,556
3371,43,397
3371,44,863
3371,45,596
3371,46,594
3371,47,464
3371,48,464
3371,49,528
3371,50,616
3371,51,617
3371,52,614
3371,53,611
3371,54,769
3371,55,679
3371,56,737
3371,57,737
3371,58,738
3371,59,808
3371,60,805
3371,61,1010
3371,62,6
3371,63,583
3371,64,390
3371,65,821
3371,66,911
3371,67,941
3371,68,1004
3371,69,762
3371,70,1007
3371,71,939
3371,72,939
3371,73,971
3371,74,1004
3371,75,1007
3371,76,908
3371,77,738
3371,78,973
3371,79,973
3371,80,973
3372,41,255
3372,42,915
3372,43,342
3372,44,246
3372,45,184
3372,46,433
3372,47,979
3372,48,360
3372,49,309
3372,50,376
3372,51,102
3372,52,295
3372,53,263
3372,54,203
3372,55,170
3372,56,168
3372,57,165
3372,58,161
3372,59,199
3372,60,137
3372,61,76
3372,62,638
3372,63,187
3372,64,189
3372,65,593
3372,66,249
3372,67,422
3372,68,856
3372,69,284
3372,70,248
3372,71,281
3372,72,120
3372,73,829
3372,74,662
3372,75,215
3372,76,836
3372,77,424
3372,78,182
3372,79,149
3372,80,183
3373,41,906
3373,42,21
3373,43,354
3373,44,355
3373,45,633
3373,46,424
3373,47,745
3373,48,777
3373,49,546
3373,50,959
3373,51,763
3373,52,299
3373,53,299
3373,54,954
3373,55,336
3373,56,336
3373,57,367
3373,58,336
3373,59,335
3373,60,433
3373,61,398
3373,62,707
3373,63,557
3373,64,422
3373,65,621
3373,66,616
3373,67,617
3373,68,952
3373,69,520
3373,70,842
3373,71,805
3373,72,773
3373,73,353
3373,74,738
3373,75,674
3373,76,738
3373,77,808
3373,78,138
3373,79,675
3373,80,777
3374,41,1022
3374,42,789
3374,43,535
3374,44,693
3374,45,535
3374,46,274
3374,47,989
3374,48,598
3374,49,567
3374,50,660
3374,51,818
3374,52,942
3374,53,1004
3374,54,661
3374,55,662
3374,56,162
3374,57,974
3374,58,941
3374,59,875
3374,60,811
3374,61,362
3374,62,444
3374,63,787
3374,64,630
3374,65,536
3374,66,509
3374,67,542
3374,68,509
3374,69,608
3374,70,640
3374,71,182
3374,72,313
3374,73,150
3374,74,183
3374,75,52
3374,76,49
3374,77,143
3374,78,111
3374,79,138
3374,80,142
3375,41,824
3375,42,531
3375,43,45
3375,44,413
3375,45,415
3375,46,350
3375,47,441
3375,48,345
3375,49,107
3375,50,477
3375,51,568
3375,52,444
3375,53,479
3375,54,474
3375,55,561
3375,56,595
3375,57,530
3375,58,499
3375,59,499
3375,60,427
3375,61,398
3375,62,931
3375,63,924
3375,64,1010
3375,65,284
3375,66,254
3375,67,708
3375,68,224
3375,69,760
3375,70,346
3375,71,84
3375,72,409
3375,73,476
3375,74,503
3375,75,472
3375,76,456
3375,77,596
3375,78,599
3375,79,600
3375,80,273
3376,41,957
3376,42,105
3376,43,713
3376,44,841
3376,45,681
3376,46,295
3376,47,392
3376,48,172
3376,49,816
3376,50,390
3376,51,289
3376,52,257
3376,53,259
3376,54,35
3376,55,35
3376,56,195
3376,57,259
3376,58,391
3376,59,391
3376,60,361
3376,61,774
3376,62,28
3376,63,232
3376,64,296
3376,65,297
3376,66,297
3376,67,298
3376,68,205
3376,69,171
3376,70,857
3376,71,200
3376,72,363
3376,73,980
3376,74,201
3376,75,233
3376,76,363
3376,77,296
3376,78,296
3376,79,456
3376,80,297
3377,41,617
3377,42,993
3377,43,587
3377,44,650
3377,45,555
3377,46,585
3377,47,360
3377,48,555
3377,49,528
3377,50,563
3377,51,563
3377,52,563
3377,53,563
3377,54,563
3377,55,888
3377,56,535
3377,57,462
3377,58,504
3377,59,733
3377,60,504
3377,61,353
3377,62,203
3377,63,857
3377,64,507
3377,65,507
3377,66,630
3377,67,508
3377,68,509
3377,69,271
3377,70,139
3377,71,168
3377,72,482
3377,73,306
3377,74,104
3377,75,633
3377,76,242
3377,77,82
3377,78,177
3377,79,303
3377,80,241
3378,41,493
3378,42,670
3378,43,1008
3378,44,939
3378,45,1007
3378,46,787
3378,47,817
3378,48,630
3378,49,693
3378,50,817
3378,51,1002
3378,52,911
3378,53,811
3378,54,810
3378,55,544
3378,56,904
3378,57,2
3378,58,874
3378,59,810
3378,60,777
3378,61,259
3378,62,95
3378,63,1007
3378,64,1002
3378,65,875
3378,66,584
3378,67,558
3378,68,593
3378,69,497
3378,70,595
3378,71,812
3378,72,372
3378,73,841
3378,74,580
3378,75,874
3378,76,810
3378,77,520
3378,78,584
3378,79,618
3378,80,649
3379,41,482
3379,42,964
3379,43,813
3379,44,993
3379,45,657
3379,46,812
3379,47,781
3379,48,841
3379,49,501
3379,50,564
3379,51,7
3379,52,536
3379,53,634
3379,54,505
3379,55,472
3379,56,536
3379,57,504
3379,58,67
3379,59,724
3379,60,633
3379,61,747
3379,62,710
3379,63,997
3379,64,701
3379,65,998
3379,66,324
3379,67,998
3379,68,935
3379,69,809
3379,70,809
3379,71,809
3379,72,809
3379,73,809
3379,74,412
3379,75,1020
3379,76,967
3379,77,975
3379,78,750
3379,79,719
3379,80,750
3380,41,694
3380,42,456
3380,43,62
3380,44,416
3380,45,775
3380,46,607
3380,47,210
3380,48,144
3380,49,496
3380,50,584
3380,51,77
3380,52,143
3380,53,468
3380,54,212
3380,55,183
3380,56,280
3380,57,146
3380,58,893
3380,59,146
3380,60,421
3380,61,656
3380,62,490
3380,63,210
3380,64,532
3380,65,50
3380,66,147
3380,67,213
3380,68,443
3380,69,33
3380,70,72
3380,71,443
3380,72,476
3380,73,476
3380,74,476
3380,75,500
3380,76,499
3380,77,407
3380,78,341
3380,79,406
3380,80,437
3381,41,609
3381,42,287
3381,43,236
3381,44,71
3381,45,103
3381,46,36
3381,47,888
3381,48,278
3381,49,248
3381,50,315
3381,51,316
3381,52,317
3381,53,317
3381,54,346
3381,55,901
3381,56,409
3381,57,247
3381,58,85
3381,59,152
3381,60,54
3381,61,305
3381,62,839
3381,63,101
3381,64,389
3381,65,101
3381,66,70
3381,67,33
3381,68,66
3381,69,1011
3381,70,40
3381,71,75
3381,72,102
3381,73,69
3381,74,520
3381,75,5
3381,76,2
3381,77,836
3381,78,36
3381,79,37
3381,80,216
3382,41,717
3382,42,822
3382,43,648
3382,44,648
3382,45,648
3382,46,648
3382,47,620
3382,48,591
3382,49,605
3382,50,592
3382,51,593
3382,52,469
3382,53,914
3382,54,619
3382,55,648
3382,56,559
3382,57,623
3382,58,640
3382,59,856
3382,60,622
3382,61,313
3382,62,104
3382,63,589
3382,64,623
3382,65,593
3382,66,679
3382,67,754
3382,68,679
3382,69,108
3382,70,131
3382,71,528
3382,72,865
3382,73,863
3382,74,618
3382,75,580
3382,76,618
3382,77,969
3382,78,617
3382,79,372
3382,80,555
3383,41,201
3383,42,313
3383,43,431
3383,44,428
3383,45,315
3383,46,431
3383,47,461
3383,48,493
3383,49,557
3383,50,339
3383,51,557
3383,52,622
3383,53,622
3383,54,622
3383,55,520
3383,56,597
3383,57,712
3383,58,468
3383,59,426
3383,60,428
3383,61,444
3383,62,772
3383,63,620
3383,64,830
3383,65,186
3383,66,978
3383,67,648
3383,68,939
3383,69,622
3383,70,593
3383,71,621
3383,72,468
3383,73,563
3383,74,801
3383,75,848
3383,76,723
3383,77,480
3383,78,812
3383,79,819
3383,80,564
3384,41,796
3384,42,906
3384,43,343
3384,44,248
3384,45,149
3384,46,474
3384,47,476
3384,48,540
3384,49,475
3384,50,607
3384,51,575
3384,52,473
3384,53,441
3384,54,378
3384,55,883
3384,56,315
3384,57,258
3384,58,85
3384,59,84
3384,60,52
3384,61,799
3384,62,611
3384,63,344
3384,64,505
3384,65,410
3384,66,612
3384,67,477
3384,68,480
3384,69,472
3384,70,1012
3384,71,345
3384,72,834
3384,73,149
3384,74,346
3384,75,280
3384,76,602
3384,77,501
3384,78,480
3384,79,480
3384,80,474
3385,41,175
3385,42,478
3385,43,212
3385,44,381
3385,45,82
3385,46,112
3385,47,511
3385,48,264
3385,49,280
3385,50,48
3385,51,16
3385,52,571
3385,53,81
3385,54,287
3385,55,142
3385,56,205
3385,57,629
3385,58,174
3385,59,111
3385,60,112
3385,61,1016
3385,62,46
3385,63,210
3385,64,210
3385,65,210
3385,66,273
3385,67,272
3385,68,300
3385,69,334
3385,70,272
3385,71,911
3385,72,272
3385,73,273
3385,74,516
3385,75,272
3385,76,334
3385,77,334
3385,78,334
3385,79,302
3385,80,334
3386,41,98
3386,42,628
3386,43,68
3386,44,742
3386,45,67
3386,46,68
3386,47,101
3386,48,133
3386,49,133
3386,50,67
3386,51,67
3386,52,34
3386,53,36
3386,54,34
3386,55,130
3386,56,4
3386,57,164
3386,58,164
3386,59,195
3386,60,99
3386,61,573
3386,62,420
3386,63,99
3386,64,36
3386,65,72
3386,66,7
3386,67,39
3386,68,8
3386,69,702
3386,70,8
3386,71,8
3386,72,7
3386,73,8
3386,74,7
3386,75,860
3386,76,8
3386,77,36
3386,78,67
3386,79,2
3386,80,162
3387,41,40
3387,42,600
3387,43,842
3387,44,583
3387,45,813
3387,46,713
3387,47,684
3387,48,682
3387,49,650
3387,50,428
3387,51,452
3387,52,431
3387,53,362
3387,54,330
3387,55,297
3387,56,297
3387,57,392
3387,58,363
3387,59,671
3387,60,363
3387,61,392
3387,62,351
3387,63,363
3387,64,335
3387,65,392
3387,66,429
3387,67,374
3387,68,564
3387,69,562
3387,70,751
3387,71,750
3387,72,809
3387,73,900
3387,74,739
3387,75,807
3387,76,805
3387,77,740
3387,78,740
3387,79,742
3387,80,642
3388,41,777
3388,42,687
3388,43,375
3388,44,436
3388,45,344
3388,46,344
3388,47,344
3388,48,443
3388,49,376
3388,50,345
3388,51,345
3388,52,307
3388,53,336
3388,54,392
3388,55,295
3388,56,232
3388,57,295
3388,58,263
3388,59,326
3388,60,359
3388,61,310
3388,62,852
3388,63,344
3388,64,374
3388,65,343
3388,66,532
3388,67,118
3388,68,405
3388,69,293
3388,70,347
3388,71,348
3388,72,348
3388,73,382
3388,74,136
3388,75,348
3388,76,16
3388,77,382
3388,78,352
3388,79,416
3388,80,416
3389,41,70
3389,42,553
3389,43,132
3389,44,162
3389,45,132
3389,46,377
3389,47,162
3389,48,195
3389,49,597
3389,50,750
3389,51,163
3389,52,99
3389,53,887
3389,54,35
3389,55,131
3389,56,131
3389,57,389
3389,58,354
3389,59,227
3389,60,167
3389,61,736
3389,62,953
3389,63,487
3389,64,454
3389,65,733
3389,66,400
3389,67,552
3389,68,63
3389,69,450
3389,70,420
3389,71,713
3389,72,713
3389,73,809
3389,74,578
3389,75,629
3389,76,520
3389,77,423
3389,78,356
3389,79,762
3389,80,681
3390,41,1000
3390,42,524
3390,43,112
3390,44,467
3390,45,100
3390,46,992
3390,47,402
3390,48,466
3390,49,395
3390,50,322
3390,51,178
3390,52,428
3390,53,433
3390,54,502
3390,55,761
3390,56,823
3390,57,506
3390,58,748
3390,59,300
3390,60,409
3390,61,570
3390,62,951
3390,63,85
3390,64,378
3390,65,439
3390,66,370
3390,67,335
3390,68,523
3390,69,428
3390,70,687
3390,71,966
3390,72,598
3390,73,537
3390,74,670
3390,75,551
3390,76,634
3390,77,568
3390,78,506
3390,79,928
3390,80,892
3391,41,381
3391,42,365
3391,43,147
3391,44,80
3391,45,51
3391,46,241
3391,47,52
3391,48,310
3391,49,85
3391,50,52
3391,51,85
3391,52,287
3391,53,52
3391,54,52
3391,55,150
3391,56,150
3391,57,68
3391,58,378
3391,59,378
3391,60,924
3391,61,617
3391,62,152
3391,63,18
3391,64,85
3391,65,215
3391,66,51
3391,67,51
3391,68,52
3391,69,215
3391,70,215
3391,71,117
3391,72,310
3391,73,580
3391,74,436
3391,75,436
3391,76,436
3391,77,436
3391,78,405
3391,79,405
3391,80,672
3392,41,761
3392,42,512
3392,43,203
3392,44,306
3392,45,973
3392,46,278
3392,47,785
3392,48,271
3392,49,273
3392,50,272
3392,51,205
3392,52,331
3392,53,238
3392,54,743
3392,55,98
3392,56,167
3392,57,139
3392,58,163
3392,59,99
3392,60,962
3392,61,760
3392,62,104
3392,63,8
3392,64,323
3392,65,136
3392,66,71
3392,67,70
3392,68,878
3392,69,168
3392,70,313
3392,71,394
3392,72,610
3392,73,339
3392,74,613
3392,75,762
3392,76,695
3392,77,488
3392,78,619
3392,79,916
3392,80,450
3393,41,795
3393,42,14
3393,43,645
3393,44,645
3393,45,670
3393,46,806
3393,47,1012
3393,48,743
3393,49,740
3393,50,742
3393,51,737
3393,52,805
3393,53,738
3393,54,739
3393,55,738
3393,56,742
3393,57,439
3393,58,578
3393,59,82
3393,60,936
3393,61,946
3393,62,150
3393,63,647
3393,64,281
3393,65,611
3393,66,609
3393,67,613
3393,68,612
3393,69,646
3393,70,613
3393,71,609
3393,72,610
3393,73,769
3393,74,675
3393,75,642
3393,76,748
3393,77,580
3393,78,609
3393,79,52
3393,80,613
3394,41,816
3394,42,487
3394,43,754
3394,44,754
3394,45,299
3394,46,31
3394,47,911
3394,48,717
3394,49,875
3394,50,842
3394,51,330
3394,52,840
3394,53,809
3394,54,840
3394,55,307
3394,56,809
3394,57,840
3394,58,809
3394,59,842
3394,60,842
3394,61,583
3394,62,4
3394,63,706
3394,64,706
3394,65,577
3394,66,706
3394,67,610
3394,68,578
3394,69,577
3394,70,449
3394,71,481
3394,72,427
3394,73,433
3394,74,536
3394,75,536
3394,76,311
3394,77,343
3394,78,122
3394,79,278
3394,80,342
3395,41,350
3395,42,501
3395,43,493
3395,44,92
3395,45,528
3395,46,894
3395,47,493
3395,48,993
3395,49,431
3395,50,425
3395,51,425
3395,52,460
3395,53,460
3395,54,460
3395,55,460
3395,56,513
3395,57,525
3395,58,622
3395,59,798
3395,60,652
3395,61,973
3395,62,602
3395,63,735
3395,64,527
3395,65,527
3395,66,493
3395,67,660
3395,68,523
3395,69,44
3395,70,558
3395,71,561
3395,72,561
3395,73,569
3395,74,622
3395,75,525
3395,76,493
3395,77,492
3395,78,492
3395,79,523
3395,80,495
3396,41,93
3396,42,962
3396,43,708
3396,44,738
3396,45,610
3396,46,577
3396,47,449
3396,48,452
3396,49,450
3396,50,450
3396,51,577
3396,52,677
3396,53,105
3396,54,454
3396,55,619
3396,56,616
3396,57,316
3396,58,681
3396,59,487
3396,60,454
3396,61,851
3396,62,821
3396,63,679
3396,64,647
3396,65,617
3396,66,776
3396,67,743
3396,68,742
3396,69,739
3396,70,512
3396,71,840
3396,72,968
3396,73,805
3396,74,208
3396,75,968
3396,76,170
3396,77,430
3396,78,968
3396,79,871
3396,80,709
3397,41,212
3397,42,787
3397,43,389
3397,44,481
3397,45,385
3397,46,451
3397,47,385
3397,48,290
3397,49,616
3397,50,227
3397,51,430
3397,52,768
3397,53,778
3397,54,777
3397,55,998
3397,56,966
3397,57,808
3397,58,776
3397,59,741
3397,60,554
3397,61,250
3397,62,379
3397,63,361
3397,64,392
3397,65,493
3397,66,493
3397,67,557
3397,68,423
3397,69,683
3397,70,894
3397,71,552
3397,72,563
3397,73,389
3397,74,389
3397,75,481
3397,76,642
3397,77,769
3397,78,769
3397,79,713
3397,80,743
3398,41,644
3398,42,810
3398,43,323
3398,44,323
3398,45,389
3398,46,389
3398,47,552
3398,48,584
3398,49,780
3398,50,707
3398,51,295
3398,52,134
3398,53,264
3398,54,232
3398,55,294
3398,56,231
3398,57,264
3398,58,724
3398,59,747
3398,60,439
3398,61,796
3398,62,364
3398,63,617
3398,64,433
3398,65,454
3398,66,375
3398,67,798
3398,68,312
3398,69,759
3398,70,57
3398,71,384
3398,72,349
3398,73,224
3398,74,315
3398,75,286
3398,76,316
3398,77,409
3398,78,374
3398,79,712
3398,80,558
3399,41,48
3399,42,434
3399,43,535
3399,44,535
3399,45,619
3399,46,406
3399,47,153
3399,48,153
3399,49,143
3399,50,775
3399,51,184
3399,52,438
3399,53,23
3399,54,374
3399,55,343
3399,56,698
3399,57,533
3399,58,343
3399,59,278
3399,60,432
3399,61,155
3399,62,654
3399,63,904
3399,64,159
3399,65,471
3399,66,275
3399,67,346
3399,68,476
3399,69,480
3399,70,470
3399,71,301
3399,72,398
3399,73,429
3399,74,404
3399,75,246
3399,76,343
3399,77,505
3399,78,374
3399,79,153
3399,80,316
3400,41,336
3400,42,638
3400,43,306
3400,44,962
3400,45,304
3400,46,150
3400,47,306
3400,48,306
3400,49,370
3400,50,370
3400,51,306
3400,52,988
3400,53,153
3400,54,93
3400,55,95
3400,56,64
3400,57,403
3400,58,216
3400,59,247
3400,60,410
3400,61,891
3400,62,459
3400,63,236
3400,64,270
3400,65,707
3400,66,338
3400,67,702
3400,68,203
3400,69,203
3400,70,133
3400,71,167
3400,72,161
3400,73,167
3400,74,408
3400,75,195
3400,76,356
3400,77,356
3400,78,370
3400,79,461
3400,80,162
3401,41,281
3401,42,140
3401,43,550
3401,44,518
3401,45,616
3401,46,817
3401,47,647
3401,48,647
3401,49,312
3401,50,552
3401,51,20
3401,52,447
3401,53,697
3401,54,647
3401,55,610
3401,56,610
3401,57,451
3401,58,675
3401,59,417
3401,60,513
3401,61,16
3401,62,410
3401,63,367
3401,64,545
3401,65,356
3401,66,356
3401,67,389
3401,68,357
3401,69,131
3401,70,2
3401,71,68
3401,72,859
3401,73,2
3401,74,4
3401,75,67
3401,76,6
3401,77,226
3401,78,6
3401,79,7
3401,80,960
3402,41,229
3402,42,845
3402,43,72
3402,44,72
3402,45,140
3402,46,141
3402,47,304
3402,48,278
3402,49,269
3402,50,391
3402,51,322
3402,52,647
3402,53,905
3402,54,390
3402,55,448
3402,56,135
3402,57,263
3402,58,295
3402,59,296
3402,60,327
3402,61,680
3402,62,46
3402,63,165
3402,64,202
3402,65,70
3402,66,135
3402,67,295
3402,68,199
3402,69,167
3402,70,161
3402,71,161
3402,72,200
3402,73,948
3402,74,5
3402,75,36
3402,76,70
3402,77,262
3402,78,9
3402,79,108
3402,80,740
3403,41,170
3403,42,186
3403,43,381
3403,44,707
3403,45,380
3403,46,350
3403,47,348
3403,48,381
3403,49,455
3403,50,441
3403,51,351
3403,52,316
3403,53,378
3403,54,93
3403,55,791
3403,56,20
3403,57,84
3403,58,248
3403,59,626
3403,60,245
3403,61,220
3403,62,463
3403,63,348
3403,64,472
3403,65,275
3403,66,181
3403,67,209
3403,68,441
3403,69,345
3403,70,606
3403,71,473
3403,72,84
3403,73,442
3403,74,443
3403,75,425
3403,76,335
3403,77,396
3403,78,337
3403,79,654
3403,80,342
3404,41,398
3404,42,527
3404,43,681
3404,44,591
3404,45,664
3404,46,745
3404,47,874
3404,48,874
3404,49,905
3404,50,840
3404,51,322
3404,52,773
3404,53,837
3404,54,773
3404,55,53
3404,56,773
3404,57,875
3404,58,185
3404,59,843
3404,60,875
3404,61,739
3404,62,307
3404,63,486
3404,64,518
3404,65,486
3404,66,486
3404,67,382
3404,68,224
3404,69,486
3404,70,745
3404,71,423
3404,72,100
3404,73,988
3404,74,875
3404,75,900
3404,76,875
3404,77,1000
3404,78,903
3404,79,805
3404,80,807
3405,41,677
3405,42,277
3405,43,1
3405,44,2
3405,45,33
3405,46,66
3405,47,34
3405,48,33
3405,49,33
3405,50,33
3405,51,34
3405,52,33
3405,53,35
3405,54,137
3405,55,140
3405,56,331
3405,57,967
3405,58,141
3405,59,258
3405,60,141
3405,61,152
3405,62,476
3405,63,514
3405,64,511
3405,65,2
3405,66,131
3405,67,130
3405,68,77
3405,69,99
3405,70,35
3405,71,35
3405,72,530
3405,73,163
3405,74,173
3405,75,206
3405,76,175
3405,77,75
3405,78,240
3405,79,240
3405,80,594
3406,41,1021
3406,42,504
3406,43,966
3406,44,904
3406,45,997
3406,46,905
3406,47,612
3406,48,870
3406,49,805
3406,50,707
3406,51,773
3406,52,998
3406,53,904
3406,54,810
3406,55,811
3406,56,997
3406,57,935
3406,58,535
3406,59,338
3406,60,777
3406,61,950
3406,62,448
3406,63,778
3406,64,977
3406,65,713
3406,66,439
3406,67,627
3406,68,811
3406,69,541
3406,70,843
3406,71,812
3406,72,719
3406,73,874
3406,74,842
3406,75,202
3406,76,360
3406,77,80
3406,78,880
3406,79,973
3406,80,974
3407,41,619
3407,42,216
3407,43,137
3407,44,173
3407,45,141
3407,46,237
3407,47,170
3407,48,170
3407,49,138
3407,50,138
3407,51,899
3407,52,267
3407,53,370
3407,54,236
3407,55,103
3407,56,36
3407,57,37
3407,58,134
3407,59,103
3407,60,104
3407,61,601
3407,62,606
3407,63,169
3407,64,411
3407,65,271
3407,66,555
3407,67,234
3407,68,236
3407,69,268
3407,70,331
3407,71,173
3407,72,140
3407,73,298
3407,74,76
3407,75,109
3407,76,141
3407,77,236
3407,78,236
3407,79,299
3407,80,898
3408,41,516
3408,42,452
3408,43,497
3408,44,624
3408,45,468
3408,46,402
3408,47,475
3408,48,476
3408,49,500
3408,50,846
3408,51,437
3408,52,472
3408,53,643
3408,54,537
3408,55,440
3408,56,474
3408,57,470
3408,58,539
3408,59,536
3408,60,536
3408,61,605
3408,62,814
3408,63,653
3408,64,430
3408,65,427
3408,66,473
3408,67,469
3408,68,469
3408,69,470
3408,70,470
3408,71,471
3408,72,432
3408,73,960
3408,74,472
3408,75,466
3408,76,433
3408,77,777
3408,78,423
3408,79,470
3408,80,598
3409,41,426
3409,42,935
3409,43,429
3409,44,57
3409,45,878
3409,46,581
3409,47,411
3409,48,361
3409,49,918
3409,50,392
3409,51,367
3409,52,366
3409,53,275
3409,54,274
3409,55,276
3409,56,277
3409,57,243
3409,58,352
3409,59,211
3409,60,304
3409,61,107
3409,62,1024
3409,63,337
3409,64,376
3409,65,487
3409,66,214
3409,67,638
3409,68,815
3409,69,475
3409,70,479
3409,71,469
3409,72,504
3409,73,473
3409,74,432
3409,75,337
3409,76,428
3409,77,398
3409,78,464
3409,79,429
3409,80,88
3410,41,836
3410,42,339
3410,43,584
3410,44,487
3410,45,486
3410,46,421
3410,47,422
3410,48,385
3410,49,449
3410,50,484
3410,51,488
3410,52,649
3410,53,805
3410,54,805
3410,55,146
3410,56,431
3410,57,631
3410,58,586
3410,59,432
3410,60,627
3410,61,380
3410,62,1021
3410,63,692
3410,64,742
3410,65,740
3410,66,610
3410,67,580
3410,68,648
3410,69,905
3410,70,808
3410,71,72
3410,72,413
3410,73,874
3410,74,997
3410,75,874
3410,76,372
3410,77,843
3410,78,616
3410,79,616
3410,80,616
3411,41,376
3411,42,797
3411,43,539
3411,44,537
3411,45,66
3411,46,608
3411,47,309
3411,48,490
3411,49,537
3411,50,634
3411,51,798
3411,52,703
3411,53,765
3411,54,634
3411,55,465
3411,56,634
3411,57,505
3411,58,505
3411,59,505
3411,60,505
3411,61,825
3411,62,207
3411,63,442
3411,64,442
3411,65,442
3411,66,442
3411,67,442
3411,68,313
3411,69,9
3411,70,588
3411,71,20
3411,72,474
3411,73,536
3411,74,506
3411,75,506
3411,76,505
3411,77,478
3411,78,640
3411,79,476
3411,80,536
3412,41,738
3412,42,737
3412,43,132
3412,44,166
3412,45,132
3412,46,356
3412,47,67
3412,48,322
3412,49,198
3412,50,161
3412,51,67
3412,52,163
3412,53,161
3412,54,165
3412,55,168
3412,56,132
3412,57,707
3412,58,132
3412,59,290
3412,60,356
3412,61,307
3412,62,195
3412,63,199
3412,64,165
3412,65,416
3412,66,164
3412,67,328
3412,68,132
3412,69,162
3412,70,165
3412,71,161
3412,72,80
3412,73,132
3412,74,100
3412,75,536
3412,76,5
3412,77,161
3412,78,68
3412,79,163
3412,80,183
3413,41,775
3413,42,76
3413,43,563
3413,44,565
3413,45,408
3413,46,499
3413,47,197
3413,48,499
3413,49,498
3413,50,561
3413,51,537
3413,52,587
3413,53,620
3413,54,289
3413,55,589
3413,56,621
3413,57,620
3413,58,618
3413,59,585
3413,60,646
3413,61,838
3413,62,924
3413,63,968
3413,64,903
3413,65,596
3413,66,904
3413,67,842
3413,68,809
3413,69,936
3413,70,870
3413,71,870
3413,72,843
3413,73,908
3413,74,936
3413,75,875
3413,76,811
3413,77,874
3413,78,414
3413,79,842
3413,80,966
3414,41,904
3414,42,886
3414,43,622
3414,44,955
3414,45,593
3414,46,531
3414,47,621
3414,48,619
3414,49,587
3414,50,618
3414,51,649
3414,52,777
3414,53,584
3414,54,743
3414,55,681
3414,56,842
3414,57,908
3414,58,204
3414,59,203
3414,60,1004
3414,61,1018
3414,62,312
3414,63,935
3414,64,842
3414,65,596
3414,66,910
3414,67,1006
3414,68,1007
3414,69,908
3414,70,911
3414,71,911
3414,72,942
3414,73,862
3414,74,1002
3414,75,1001
3414,76,1002
3414,77,1002
3414,78,1004
3414,79,950
3414,80,649
3415,41,129
3415,42,366
3415,43,316
3415,44,286
3415,45,956
3415,46,255
3415,47,390
3415,48,628
3415,49,628
3415,50,564
3415,51,566
3415,52,49
3415,53,595
3415,54,761
3415,55,564
3415,56,661
3415,57,695
3415,58,581
3415,59,786
3415,60,723
3415,61,493
3415,62,362
3415,63,1
3415,64,477
3415,65,406
3415,66,406
3415,67,406
3415,68,182
3415,69,280
3415,70,377
3415,71,313
3415,72,255
3415,73,346
3415,74,82
3415,75,315
3415,76,448
3415,77,416
3415,78,382
3415,79,382
3415,80,382
3416,41,69
3416,42,409
3416,43,40
3416,44,334
3416,45,522
3416,46,240
3416,47,173
3416,48,250
3416,49,176
3416,50,510
3416,51,108
3416,52,305
3416,53,140
3416,54,169
3416,55,166
3416,56,101
3416,57,905
3416,58,460
3416,59,164
3416,60,99
3416,61,81
3416,62,307
3416,63,497
3416,64,467
3416,65,402
3416,66,401
3416,67,467
3416,68,398
3416,69,432
3416,70,427
3416,71,851
3416,72,353
3416,73,179
3416,74,405
3416,75,340
3416,76,215
3416,77,84
3416,78,84
3416,79,219
3416,80,54
3417,41,482
3417,42,785
3417,43,535
3417,44,150
3417,45,501
3417,46,501
3417,47,309
3417,48,181
3417,49,490
3417,50,87
3417,51,20
3417,52,312
3417,53,7
3417,54,8
3417,55,39
3417,56,9
3417,57,79
3417,58,112
3417,59,19
3417,60,19
3417,61,897
3417,62,83
3417,63,146
3417,64,244
3417,65,212
3417,66,82
3417,67,82
3417,68,180
3417,69,180
3417,70,253
3417,71,212
3417,72,21
3417,73,81
3417,74,146
3417,75,84
3417,76,150
3417,77,310
3417,78,346
3417,79,471
3417,80,171
3418,41,893
3418,42,651
3418,43,833
3418,44,744
3418,45,709
3418,46,737
3418,47,737
3418,48,742
3418,49,836
3418,50,737
3418,51,737
3418,52,214
3418,53,58
3418,54,706
3418,55,580
3418,56,611
3418,57,374
3418,58,616
3418,59,584
3418,60,262
3418,61,702
3418,62,877
3418,63,656
3418,64,719
3418,65,564
3418,66,818
3418,67,718
3418,68,751
3418,69,718
3418,70,812
3418,71,688
3418,72,687
3418,73,517
3418,74,719
3418,75,782
3418,76,596
3418,77,688
3418,78,566
3418,79,724
3418,80,628
3419,41,364
3419,42,936
3419,43,870
3419,44,837
3419,45,838
3419,46,838
3419,47,537
3419,48,452
3419,49,356
3419,50,425
3419,51,421
3419,52,468
3419,53,525
3419,54,622
3419,55,589
3419,56,621
3419,57,525
3419,58,558
3419,59,525
3419,60,622
3419,61,718
3419,62,244
3419,63,856
3419,64,55
3419,65,506
3419,66,505
3419,67,374
3419,68,596
3419,69,311
3419,70,280
3419,71,659
3419,72,304
3419,73,181
3419,74,777
3419,75,189
3419,76,219
3419,77,283
3419,78,684
3419,79,157
3419,80,185
3420,41,175
3420,42,203
3420,43,782
3420,44,596
3420,45,438
3420,46,501
3420,47,382
3420,48,565
3420,49,571
3420,50,151
3420,51,181
3420,52,214
3420,53,248
3420,54,247
3420,55,539
3420,56,156
3420,57,444
3420,58,538
3420,59,542
3420,60,539
3420,61,808
3420,62,505
3420,63,841
3420,64,874
3420,65,703
3420,66,59
3420,67,959
3420,68,966
3420,69,598
3420,70,598
3420,71,564
3420,72,501
3420,73,992
3420,74,481
3420,75,904
3420,76,597
3420,77,936
3420,78,997
3420,79,843
3420,80,932
3421,41,157
3421,42,162
3421,43,810
3421,44,418
3421,45,596
3421,46,598
3421,47,535
3421,48,625
3421,49,562
3421,50,563
3421,51,388
3421,52,596
3421,53,598
3421,54,602
3421,55,251
3421,56,405
3421,57,342
3421,58,84
3421,59,216
3421,60,857
3421,61,728
3421,62,157
3421,63,342
3421,64,406
3421,65,970
3421,66,923
3421,67,246
3421,68,1007
3421,69,149
3421,70,675
3421,71,597
3421,72,96
3421,73,599
3421,74,457
3421,75,731
3421,76,116
3421,77,20
3421,78,506
3421,79,536
3421,80,407
3422,41,260
3422,42,275
3422,43,370
3422,44,209
3422,45,439
3422,46,277
3422,47,469
3422,48,421
3422,49,681
3422,50,552
3422,51,520
3422,52,395
3422,53,238
3422,54,275
3422,55,309
3422,56,472
3422,57,304
3422,58,169
3422,59,203
3422,60,243
3422,61,850
3422,62,873
3422,63,275
3422,64,176
3422,65,143
3422,66,110
3422,67,204
3422,68,236
3422,69,496
3422,70,101
3422,71,273
3422,72,76
3422,73,122
3422,74,109
3422,75,142
3422,76,331
3422,77,370
3422,78,244
3422,79,242
3422,80,897
3423,41,375
3423,42,467
3423,43,409
3423,44,280
3423,45,336
3423,46,304
3423,47,170
3423,48,718
3423,49,242
3423,50,238
3423,51,304
3423,52,409
3423,53,442
3423,54,215
3423,55,346
3423,56,608
3423,57,540
3423,58,542
3423,59,541
3423,60,541
3423,61,8
3423,62,141
3423,63,568
3423,64,505
3423,65,505
3423,66,505
3423,67,377
3423,68,346
3423,69,667
3423,70,314
3423,71,316
3423,72,348
3423,73,247
3423,74,212
3423,75,181
3423,76,30
3423,77,719
3423,78,811
3423,79,904
3423,80,531
3424,41,230
3424,42,965
3424,43,99
3424,44,3
3424,45,259
3424,46,290
3424,47,424
3424,48,433
3424,49,499
3424,50,322
3424,51,649
3424,52,305
3424,53,366
3424,54,376
3424,55,351
3424,56,430
3424,57,439
3424,58,375
3424,59,439
3424,60,315
3424,61,192
3424,62,183
3424,63,99
3424,64,2
3424,65,235
3424,66,235
3424,67,46
3424,68,139
3424,69,139
3424,70,140
3424,71,108
3424,72,139
3424,73,635
3424,74,663
3424,75,103
3424,76,103
3424,77,482
3424,78,657
3424,79,15
3424,80,309
3425,41,103
3425,42,75
3425,43,403
3425,44,246
3425,45,533
3425,46,490
3425,47,659
3425,48,659
3425,49,535
3425,50,566
3425,51,630
3425,52,626
3425,53,903
3425,54,642
3425,55,642
3425,56,642
3425,57,674
3425,58,489
3425,59,513
3425,60,420
3425,61,927
3425,62,616
3425,63,277
3425,64,215
3425,65,280
3425,66,343
3425,67,374
3425,68,783
3425,69,343
3425,70,341
3425,71,501
3425,72,896
3425,73,692
3425,74,380
3425,75,356
3425,76,598
3425,77,693
3425,78,322
3425,79,752
3425,80,752
3426,41,34
3426,42,175
3426,43,207
3426,44,589
3426,45,563
3426,46,562
3426,47,647
3426,48,592
3426,49,561
3426,50,531
3426,51,562
3426,52,70
3426,53,532
3426,54,534
3426,55,535
3426,56,535
3426,57,598
3426,58,567
3426,59,536
3426,60,442
3426,61,851
3426,62,458
3426,63,560
3426,64,592
3426,65,561
3426,66,560
3426,67,559
3426,68,528
3426,69,532
3426,70,649
3426,71,649
3426,72,556
3426,73,556
3426,74,556
3426,75,555
3426,76,586
3426,77,556
3426,78,650
3426,79,619
3426,80,556
3427,41,967
3427,42,929
3427,43,1001
3427,44,446
3427,45,241
3427,46,723
3427,47,849
3427,48,878
3427,49,215
3427,50,817
3427,51,756
3427,52,849
3427,53,786
3427,54,848
3427,55,537
3427,56,942
3427,57,764
3427,58,1003
3427,59,809
3427,60,745
3427,61,102
3427,62,701
3427,63,187
3427,64,937
3427,65,39
3427,66,578
3427,67,60
3427,68,154
3427,69,281
3427,70,216
3427,71,252
3427,72,316
3427,73,255
3427,74,255
3427,75,4
3427,76,255
3427,77,696
3427,78,252
3427,79,466
3427,80,154
3428,41,119
3428,42,934
3428,43,185
3428,44,477
3428,45,183
3428,46,216
3428,47,185
3428,48,758
3428,49,152
3428,50,60
3428,51,60
3428,52,739
3428,53,91
3428,54,185
3428,55,1013
3428,56,835
3428,57,70
3428,58,218
3428,59,189
3428,60,315
3428,61,987
3428,62,962
3428,63,300
3428,64,281
3428,65,538
3428,66,506
3428,67,473
3428,68,395
3428,69,289
3428,70,785
3428,71,885
3428,72,552
3428,73,390
3428,74,390
3428,75,289
3428,76,391
3428,77,428
3428,78,434
3428,79,425
3428,80,428
3429,41,699
3429,42,928
3429,43,596
3429,44,504
3429,45,1003
3429,46,247
3429,47,972
3429,48,1007
3429,49,908
3429,50,1007
3429,51,875
3429,52,941
3429,53,755
3429,54,693
3429,55,849
3429,56,817
3429,57,64
3429,58,932
3429,59,1001
3429,60,226
3429,61,857
3429,62,11
3429,63,535
3429,64,890
3429,65,693
3429,66,630
3429,67,156
3429,68,895
3429,69,19
3429,70,637
3429,71,639
3429,72,941
3429,73,670
3429,74,640
3429,75,667
3429,76,146
3429,77,602
3429,78,474
3429,79,599
3429,80,798
3430,41,582
3430,42,954
3430,43,935
3430,44,813
3430,45,905
3430,46,584
3430,47,932
3430,48,810
3430,49,597
3430,50,812
3430,51,813
3430,52,843
3430,53,967
3430,54,874
3430,55,777
3430,56,713
3430,57,456
3430,58,1000
3430,59,966
3430,60,966
3430,61,66
3430,62,133
3430,63,842
3430,64,537
3430,65,840
3430,66,752
3430,67,841
3430,68,967
3430,69,669
3430,70,905
3430,71,936
3430,72,842
3430,73,836
3430,74,782
3430,75,687
3430,76,777
3430,77,777
3430,78,904
3430,79,936
3430,80,936
3431,41,318
3431,42,770
3431,43,621
3431,44,262
3431,45,616
3431,46,3
3431,47,520
3431,48,713
3431,49,649
3431,50,712
3431,51,649
3431,52,456
3431,53,518
3431,54,617
3431,55,617
3431,56,619
3431,57,958
3431,58,323
3431,59,1022
3431,60,322
3431,61,814
3431,62,58
3431,63,424
3431,64,647
3431,65,648
3431,66,680
3431,67,678
3431,68,646
3431,69,649
3431,70,743
3431,71,713
3431,72,649
3431,73,620
3431,74,519
3431,75,81
3431,76,841
3431,77,649
3431,78,356
3431,79,322
3431,80,323
3432,41,778
3432,42,26
3432,43,596
3432,44,692
3432,45,756
3432,46,289
3432,47,908
3432,48,617
3432,49,52
3432,50,649
3432,51,314
3432,52,195
3432,53,419
3432,54,502
3432,55,467
3432,56,432
3432,57,504
3432,58,570
3432,59,472
3432,60,470
3432,61,1019
3432,62,494
3432,63,535
3432,64,566
3432,65,716
3432,66,638
3432,67,808
3432,68,808
3432,69,17
3432,70,953
3432,71,646
3432,72,678
3432,73,676
3432,74,675
3432,75,807
3432,76,128
3432,77,941
3432,78,911
3432,79,786
3432,80,754
3433,41,569
3433,42,839
3433,43,216
3433,44,248
3433,45,548
3433,46,20
3433,47,214
3433,48,214
3433,49,280
3433,50,280
3433,51,280
3433,52,137
3433,53,85
3433,54,49
3433,55,49
3433,56,51
3433,57,906
3433,58,52
3433,59,52
3433,60,248
3433,61,603
3433,62,387
3433,63,95
3433,64,187
3433,65,93
3433,66,93
3433,67,181
3433,68,96
3433,69,32
3433,70,64
3433,71,91
3433,72,743
3433,73,57
3433,74,122
3433,75,429
3433,76,215
3433,77,149
3433,78,153
3433,79,29
3433,80,64
3434,41,169
3434,42,203
3434,43,480
3434,44,441
3434,45,542
3434,46,539
3434,47,542
3434,48,474
3434,49,790
3434,50,402
3434,51,435
3434,52,402
3434,53,470
3434,54,26
3434,55,410
3434,56,281
3434,57,315
3434,58,280
3434,59,963
3434,60,346
3434,61,732
3434,62,72
3434,63,118
3434,64,472
3434,65,215
3434,66,215
3434,67,1022
3434,68,479
3434,69,152
3434,70,473
3434,71,468
3434,72,472
3434,73,474
3434,74,549
3434,75,276
3434,76,304
3434,77,104
3434,78,170
3434,79,616
3434,80,164
3435,41,1015
3435,42,652
3435,43,268
3435,44,267
3435,45,106
3435,46,200
3435,47,392
3435,48,461
3435,49,1024
3435,50,130
3435,51,888
3435,52,713
3435,53,713
3435,54,618
3435,55,372
3435,56,499
3435,57,745
3435,58,110
3435,59,559
3435,60,626
3435,61,995
3435,62,166
3435,63,168
3435,64,521
3435,65,520
3435,66,295
3435,67,359
3435,68,582
3435,69,780
3435,70,51
3435,71,259
3435,72,337
3435,73,418
3435,74,488
3435,75,264
3435,76,167
3435,77,36
3435,78,170
3435,79,114
3435,80,280
3436,41,683
3436,42,852
3436,43,153
3436,44,94
3436,45,157
3436,46,125
3436,47,987
3436,48,184
3436,49,277
3436,50,281
3436,51,246
3436,52,715
3436,53,122
3436,54,91
3436,55,247
3436,56,20
3436,57,433
3436,58,182
3436,59,84
3436,60,182
3436,61,307
3436,62,283
3436,63,276
3436,64,442
3436,65,182
3436,66,84
3436,67,183
3436,68,385
3436,69,183
3436,70,212
3436,71,41
3436,72,117
3436,73,372
3436,74,1000
3436,75,276
3436,76,957
3436,77,203
3436,78,170
3436,79,233
3436,80,358
3437,41,921
3437,42,909
3437,43,439
3437,44,242
3437,45,534
3437,46,472
3437,47,597
3437,48,566
3437,49,360
3437,50,823
3437,51,766
3437,52,762
3437,53,762
3437,54,797
3437,55,798
3437,56,777
3437,57,825
3437,58,928
3437,59,992
3437,60,896
3437,61,789
3437,62,64
3437,63,585
3437,64,874
3437,65,120
3437,66,966
3437,67,935
3437,68,410
3437,69,702
3437,70,172
3437,71,750
3437,72,843
3437,73,968
3437,74,740
3437,75,740
3437,76,161
3437,77,806
3437,78,741
3437,79,739
3437,80,739
3438,41,551
3438,42,326
3438,43,215
3438,44,310
3438,45,271
3438,46,271
3438,47,204
3438,48,205
3438,49,204
3438,50,108
3438,51,447
3438,52,773
3438,53,143
3438,54,295
3438,55,778
3438,56,359
3438,57,296
3438,58,721
3438,59,203
3438,60,109
3438,61,964
3438,62,769
3438,63,423
3438,64,389
3438,65,734
3438,66,259
3438,67,893
3438,68,338
3438,69,144
3438,70,637
3438,71,41
3438,72,74
3438,73,64
3438,74,625
3438,75,327
3438,76,366
3438,77,392
3438,78,390
3438,79,776
3438,80,776
3439,41,1005
3439,42,402
3439,43,909
3439,44,156
3439,45,156
3439,46,156
3439,47,189
3439,48,189
3439,49,223
3439,50,223
3439,51,223
3439,52,223
3439,53,190
3439,54,190
3439,55,189
3439,56,157
3439,57,189
3439,58,189
3439,59,157
3439,60,190
3439,61,310
3439,62,293
3439,63,219
3439,64,1007
3439,65,219
3439,66,219
3439,67,187
3439,68,251
3439,69,249
3439,70,249
3439,71,249
3439,72,249
3439,73,250
3439,74,252
3439,75,252
3439,76,250
3439,77,250
3439,78,153
3439,79,250
3439,80,250
3440,41,40
3440,42,250
3440,43,172
3440,44,110
3440,45,176
3440,46,176
3440,47,375
3440,48,176
3440,49,176
3440,50,179
3440,51,112
3440,52,142
3440,53,176
3440,54,176
3440,55,110
3440,56,108
3440,57,79
3440,58,110
3440,59,115
3440,60,114
3440,61,655
3440,62,338
3440,63,473
3440,64,928
3440,65,475
3440,66,360
3440,67,510
3440,68,480
3440,69,448
3440,70,476
3440,71,471
3440,72,316
3440,73,371
3440,74,179
3440,75,82
3440,76,147
3440,77,82
3440,78,18
3440,79,82
3440,80,147
3441,41,371
3441,42,851
3441,43,40
3441,44,90
3441,45,586
3441,46,543
3441,47,622
3441,48,39
3441,49,619
3441,50,745
3441,51,735
3441,52,393
3441,53,546
3441,54,528
3441,55,534
3441,56,657
3441,57,781
3441,58,562
3441,59,533
3441,60,334
3441,61,592
3441,62,398
3441,63,618
3441,64,459
3441,65,619
3441,66,679
3441,67,822
3441,68,677
3441,69,612
3441,70,53
3441,71,708
3441,72,677
3441,73,737
3441,74,707
3441,75,769
3441,76,773
3441,77,1000
3441,78,903
3441,79,905
3441,80,842
3442,41,855
3442,42,158
3442,43,203
3442,44,104
3442,45,204
3442,46,363
3442,47,299
3442,48,488
3442,49,431
3442,50,430
3442,51,430
3442,52,497
3442,53,497
3442,54,375
3442,55,530
3442,56,561
3442,57,530
3442,58,561
3442,59,528
3442,60,678
3442,61,533
3442,62,700
3442,63,343
3442,64,505
3442,65,505
3442,66,343
3442,67,345
3442,68,306
3442,69,275
3442,70,304
3442,71,335
3442,72,103
3442,73,202
3442,74,307
3442,75,277
3442,76,242
3442,77,335
3442,78,301
3442,79,104
3442,80,169
3443,41,526
3443,42,204
3443,43,714
3443,44,66
3443,45,742
3443,46,742
3443,47,769
3443,48,610
3443,49,481
3443,50,450
3443,51,450
3443,52,450
3443,53,452
3443,54,513
3443,55,815
3443,56,614
3443,57,409
3443,58,559
3443,59,587
3443,60,617
3443,61,118
3443,62,494
3443,63,777
3443,64,487
3443,65,485
3443,66,1010
3443,67,524
3443,68,612
3443,69,612
3443,70,517
3443,71,490
3443,72,490
3443,73,493
3443,74,556
3443,75,556
3443,76,557
3443,77,621
3443,78,530
3443,79,527
3443,80,527
3444,41,566
3444,42,390
3444,43,750
3444,44,684
3444,45,684
3444,46,684
3444,47,684
3444,48,454
3444,49,719
3444,50,752
3444,51,752
3444,52,785
3444,53,813
3444,54,657
3444,55,628
3444,56,627
3444,57,626
3444,58,798
3444,59,750
3444,60,750
3444,61,146
3444,62,685
3444,63,813
3444,64,37
3444,65,782
3444,66,811
3444,67,874
3444,68,967
3444,69,781
3444,70,731
3444,71,537
3444,72,504
3444,73,473
3444,74,467
3444,75,403
3444,76,466
3444,77,434
3444,78,386
3444,79,262
3444,80,408
3445,41,446
3445,42,254
3445,43,343
3445,44,307
3445,45,276
3445,46,275
3445,47,279
3445,48,279
3445,49,310
3445,50,277
3445,51,277
3445,52,519
3445,53,305
3445,54,307
3445,55,40
3445,56,102
3445,57,40
3445,58,141
3445,59,204
3445,60,331
3445,61,528
3445,62,711
3445,63,243
3445,64,180
3445,65,973
3445,66,406
3445,67,501
3445,68,279
3445,69,245
3445,70,245
3445,71,410
3445,72,273
3445,73,217
3445,74,245
3445,75,202
3445,76,473
3445,77,242
3445,78,82
3445,79,18
3445,80,18
3446,41,103
3446,42,309
3446,43,423
3446,44,683
3446,45,520
3446,46,488
3446,47,841
3446,48,650
3446,49,1014
3446,50,587
3446,51,552
3446,52,616
3446,53,618
3446,54,428
3446,55,466
3446,56,468
3446,57,528
3446,58,532
3446,59,566
3446,60,600
3446,61,952
3446,62,578
3446,63,322
3446,64,355
3446,65,290
3446,66,390
3446,67,591
3446,68,688
3446,69,594
3446,70,532
3446,71,611
3446,72,647
3446,73,982
3446,74,559
3446,75,782
3446,76,438
3446,77,668
3446,78,473
3446,79,657
3446,80,475
3447,41,835
3447,42,996
3447,43,485
3447,44,502
3447,45,791
3447,46,743
3447,47,740
3447,48,152
3447,49,769
3447,50,545
3447,51,451
3447,52,450
3447,53,450
3447,54,904
3447,55,545
3447,56,609
3447,57,609
3447,58,649
3447,59,647
3447,60,609
3447,61,27
3447,62,109
3447,63,710
3447,64,481
3447,65,578
3447,66,745
3447,67,809
3447,68,967
3447,69,997
3447,70,788
3447,71,806
3447,72,737
3447,73,743
3447,74,744
3447,75,62
3447,76,870
3447,77,610
3447,78,610
3447,79,850
3447,80,678
3448,41,999
3448,42,303
3448,43,440
3448,44,725
3448,45,759
3448,46,600
3448,47,598
3448,48,567
3448,49,598
3448,50,596
3448,51,598
3448,52,594
3448,53,873
3448,54,692
3448,55,997
3448,56,935
3448,57,1
3448,58,626
3448,59,64
3448,60,746
3448,61,67
3448,62,915
3448,63,773
3448,64,740
3448,65,739
3448,66,737
3448,67,642
3448,68,738
3448,69,481
3448,70,417
3448,71,481
3448,72,700
3448,73,610
3448,74,354
3448,75,449
3448,76,178
3448,77,577
3448,78,452
3448,79,426
3448,80,451
3449,41,517
3449,42,999
3449,43,271
3449,44,309
3449,45,399
3449,46,824
3449,47,406
3449,48,309
3449,49,276
3449,50,322
3449,51,236
3449,52,104
3449,53,267
3449,54,305
3449,55,306
3449,56,237
3449,57,36
3449,58,37
3449,59,306
3449,60,276
3449,61,123
3449,62,338
3449,63,36
3449,64,71
3449,65,304
3449,66,204
3449,67,236
3449,68,729
3449,69,103
3449,70,166
3449,71,271
3449,72,273
3449,73,165
3449,74,198
3449,75,139
3449,76,202
3449,77,139
3449,78,165
3449,79,168
3449,80,237
3450,41,24
3450,42,389
3450,43,688
3450,44,779
3450,45,224
3450,46,714
3450,47,714
3450,48,716
3450,49,683
3450,50,563
3450,51,530
3450,52,495
3450,53,559
3450,54,470
3450,55,503
3450,56,504
3450,57,345
3450,58,572
3450,59,20
3450,60,182
3450,61,27
3450,62,425
3450,63,992
3450,64,570
3450,65,473
3450,66,627
3450,67,931
3450,68,562
3450,69,927
3450,70,568
3450,71,870
3450,72,535
3450,73,414
3450,74,654
3450,75,695
3450,76,473
3450,77,728
3450,78,699
3450,79,731
3450,80,442
3451,41,629
3451,42,684
3451,43,471
3451,44,343
3451,45,504
3451,46,426
3451,47,488
3451,48,99
3451,49,777
3451,50,875
3451,51,730
3451,52,425
3451,53,842
3451,54,777
3451,55,936
3451,56,964
3451,57,964
3451,58,880
3451,59,964
3451,60,883
3451,61,428
3451,62,556
3451,63,71
3451,64,134
3451,65,253
3451,66,18
3451,67,872
3451,68,356
3451,69,227
3451,70,803
3451,71,388
3451,72,411
3451,73,200
3451,74,326
3451,75,295
3451,76,783
3451,77,755
3451,78,502
3451,79,366
3451,80,390
3452,41,793
3452,42,446
3452,43,806
3452,44,313
3452,45,835
3452,46,80
3452,47,575
3452,48,286
3452,49,316
3452,50,405
3452,51,403
3452,52,246
3452,53,277
3452,54,304
3452,55,246
3452,56,279
3452,57,668
3452,58,247
3452,59,528
3452,60,248
3452,61,473
3452,62,248
3452,63,377
3452,64,283
3452,65,283
3452,66,285
3452,67,285
3452,68,285
3452,69,315
3452,70,315
3452,71,416
3452,72,416
3452,73,416
3452,74,352
3452,75,352
3452,76,382
3452,77,352
3452,78,939
3452,79,374
3452,80,246
3453,41,368
3453,42,600
3453,43,469
3453,44,750
3453,45,843
3453,46,536
3453,47,609
3453,48,473
3453,49,471
3453,50,479
3453,51,540
3453,52,276
3453,53,509
3453,54,878
3453,55,540
3453,56,961
3453,57,189
3453,58,477
3453,59,542
3453,60,473
3453,61,388
3453,62,805
3453,63,173
3453,64,140
3453,65,237
3453,66,138
3453,67,136
3453,68,104
3453,69,163
3453,70,419
3453,71,420
3453,72,420
3453,73,166
3453,74,420
3453,75,425
3453,76,140
3453,77,464
3453,78,557
3453,79,216
3453,80,158
3454,41,783
3454,42,498
3454,43,309
3454,44,246
3454,45,276
3454,46,338
3454,47,916
3454,48,246
3454,49,184
3454,50,91
3454,51,90
3454,52,89
3454,53,830
3454,54,60
3454,55,60
3454,56,840
3454,57,153
3454,58,153
3454,59,247
3454,60,510
3454,61,877
3454,62,496
3454,63,471
3454,64,470
3454,65,474
3454,66,429
3454,67,810
3454,68,468
3454,69,467
3454,70,475
3454,71,471
3454,72,938
3454,73,601
3454,74,632
3454,75,537
3454,76,429
3454,77,727
3454,78,468
3454,79,467
3454,80,475
3455,41,830
3455,42,210
3455,43,182
3455,44,453
3455,45,313
3455,46,509
3455,47,344
3455,48,375
3455,49,170
3455,50,272
3455,51,237
3455,52,270
3455,53,69
3455,54,71
3455,55,199
3455,56,309
3455,57,275
3455,58,344
3455,59,344
3455,60,571
3455,61,724
3455,62,865
3455,63,277
3455,64,143
3455,65,288
3455,66,76
3455,67,111
3455,68,48
3455,69,16
3455,70,172
3455,71,395
3455,72,362
3455,73,447
3455,74,396
3455,75,426
3455,76,392
3455,77,362
3455,78,362
3455,79,70
3455,80,204
3456,41,614
3456,42,203
3456,43,325
3456,44,823
3456,45,82
3456,46,293
3456,47,293
3456,48,293
3456,49,293
3456,50,325
3456,51,325
3456,52,325
3456,53,672
3456,54,325
3456,55,476
3456,56,325
3456,57,325
3456,58,325
3456,59,325
3456,60,912
3456,61,1018
3456,62,904
3456,63,455
3456,64,455
3456,65,455
3456,66,584
3456,67,453
3456,68,848
3456,69,485
3456,70,687
3456,71,390
3456,72,335
3456,73,366
3456,74,361
3456,75,361
3456,76,366
3456,77,265
3456,78,238
3456,79,626
3456,80,661
3457,41,224
3457,42,288
3457,43,163
3457,44,385
3457,45,259
3457,46,355
3457,47,259
3457,48,163
3457,49,354
3457,50,355
3457,51,22
3457,52,322
3457,53,356
3457,54,323
3457,55,35
3457,56,35
3457,57,35
3457,58,36
3457,59,6
3457,60,6
3457,61,301
3457,62,696
3457,63,604
3457,64,246
3457,65,460
3457,66,436
3457,67,186
3457,68,67
3457,69,841
3457,70,597
3457,71,247
3457,72,841
3457,73,751
3457,74,187
3457,75,593
3457,76,594
3457,77,537
3457,78,537
3457,79,537
3457,80,537
3458,41,978
3458,42,858
3458,43,557
3458,44,488
3458,45,241
3458,46,700
3458,47,481
3458,48,545
3458,49,481
3458,50,518
3458,51,609
3458,52,611
3458,53,545
3458,54,279
3458,55,545
3458,56,481
3458,57,737
3458,58,675
3458,59,902
3458,60,740
3458,61,725
3458,62,79
3458,63,619
3458,64,557
3458,65,152
3458,66,763
3458,67,212
3458,68,594
3458,69,39
3458,70,525
3458,71,527
3458,72,527
3458,73,527
3458,74,493
3458,75,456
3458,76,456
3458,77,906
3458,78,646
3458,79,613
3458,80,707
3459,41,202
3459,42,443
3459,43,410
3459,44,478
3459,45,410
3459,46,533
3459,47,598
3459,48,336
3459,49,309
3459,50,338
3459,51,335
3459,52,490
3459,53,310
3459,54,374
3459,55,438
3459,56,309
3459,57,806
3459,58,239
3459,59,239
3459,60,239
3459,61,628
3459,62,386
3459,63,640
3459,64,608
3459,65,36
3459,66,928
3459,67,102
3459,68,411
3459,69,79
3459,70,394
3459,71,489
3459,72,489
3459,73,738
3459,74,488
3459,75,488
3459,76,428
3459,77,426
3459,78,424
3459,79,424
3459,80,388
3460,41,184
3460,42,53
3460,43,972
3460,44,610
3460,45,481
3460,46,545
3460,47,610
3460,48,640
3460,49,481
3460,50,227
3460,51,322
3460,52,290
3460,53,324
3460,54,356
3460,55,290
3460,56,389
3460,57,291
3460,58,417
3460,59,227
3460,60,356
3460,61,187
3460,62,37
3460,63,838
3460,64,354
3460,65,353
3460,66,323
3460,67,194
3460,68,356
3460,69,322
3460,70,163
3460,71,163
3460,72,915
3460,73,131
3460,74,890
3460,75,241
3460,76,351
3460,77,831
3460,78,99
3460,79,385
3460,80,610
3461,41,334
3461,42,60
3461,43,276
3461,44,954
3461,45,375
3461,46,248
3461,47,149
3461,48,150
3461,49,215
3461,50,85
3461,51,83
3461,52,84
3461,53,345
3461,54,215
3461,55,84
3461,56,182
3461,57,117
3461,58,84
3461,59,84
3461,60,215
3461,61,961
3461,62,296
3461,63,912
3461,64,299
3461,65,396
3461,66,394
3461,67,392
3461,68,392
3461,69,392
3461,70,338
3461,71,270
3461,72,271
3461,73,203
3461,74,275
3461,75,504
3461,76,276
3461,77,137
3461,78,343
3461,79,374
3461,80,377
3462,41,718
3462,42,430
3462,43,454
3462,44,518
3462,45,120
3462,46,485
3462,47,455
3462,48,875
3462,49,154
3462,50,422
3462,51,390
3462,52,426
3462,53,422
3462,54,513
3462,55,986
3462,56,769
3462,57,706
3462,58,374
3462,59,610
3462,60,611
3462,61,895
3462,62,16
3462,63,485
3462,64,455
3462,65,335
3462,66,423
3462,67,289
3462,68,357
3462,69,356
3462,70,290
3462,71,290
3462,72,714
3462,73,290
3462,74,97
3462,75,322
3462,76,650
3462,77,356
3462,78,257
3462,79,385
3462,80,163
3463,41,143
3463,42,444
3463,43,101
3463,44,764
3463,45,69
3463,46,71
3463,47,1011
3463,48,8
3463,49,425
3463,50,8
3463,51,39
3463,52,136
3463,53,102
3463,54,102
3463,55,648
3463,56,356
3463,57,488
3463,58,488
3463,59,452
3463,60,356
3463,61,441
3463,62,432
3463,63,132
3463,64,69
3463,65,69
3463,66,101
3463,67,69
3463,68,101
3463,69,845
3463,70,167
3463,71,102
3463,72,160
3463,73,389
3463,74,486
3463,75,519
3463,76,520
3463,77,423
3463,78,290
3463,79,993
3463,80,389
3464,41,877
3464,42,157
3464,43,848
3464,44,692
3464,45,841
3464,46,750
3464,47,841
3464,48,626
3464,49,597
3464,50,345
3464,51,595
3464,52,7
3464,53,533
3464,54,723
3464,55,786
3464,56,451
3464,57,371
3464,58,567
3464,59,567
3464,60,567
3464,61,976
3464,62,433
3464,63,723
3464,64,970
3464,65,187
3464,66,596
3464,67,597
3464,68,622
3464,69,627
3464,70,659
3464,71,891
3464,72,659
3464,73,659
3464,74,1
3464,75,659
3464,76,659
3464,77,660
3464,78,723
3464,79,628
3464,80,532
3465,41,826
3465,42,497
3465,43,591
3465,44,526
3465,45,531
3465,46,561
3465,47,545
3465,48,437
3465,49,406
3465,50,499
3465,51,601
3465,52,536
3465,53,600
3465,54,220
3465,55,565
3465,56,533
3465,57,562
3465,58,656
3465,59,593
3465,60,102
3465,61,997
3465,62,33
3465,63,540
3465,64,539
3465,65,541
3465,66,167
3465,67,506
3465,68,471
3465,69,474
3465,70,248
3465,71,718
3465,72,719
3465,73,473
3465,74,640
3465,75,567
3465,76,771
3465,77,601
3465,78,601
3465,79,601
3465,80,60
3466,41,899
3466,42,662
3466,43,437
3466,44,469
3466,45,964
3466,46,242
3466,47,342
3466,48,275
3466,49,275
3466,50,212
3466,51,242
3466,52,342
3466,53,115
3466,54,244
3466,55,744
3466,56,437
3466,57,639
3466,58,415
3466,59,316
3466,60,285
3466,61,608
3466,62,414
3466,63,285
3466,64,224
3466,65,223
3466,66,285
3466,67,775
3466,68,320
3466,69,255
3466,70,280
3466,71,250
3466,72,427
3466,73,533
3466,74,436
3466,75,375
3466,76,404
3466,77,632
3466,78,467
3466,79,466
3466,80,439
3467,41,59
3467,42,936
3467,43,609
3467,44,467
3467,45,432
3467,46,759
3467,47,390
3467,48,354
3467,49,466
3467,50,908
3467,51,466
3467,52,453
3467,53,420
3467,54,420
3467,55,388
3467,56,385
3467,57,484
3467,58,450
3467,59,419
3467,60,382
3467,61,748
3467,62,999
3467,63,525
3467,64,525
3467,65,461
3467,66,962
3467,67,331
3467,68,201
3467,69,331
3467,70,331
3467,71,331
3467,72,331
3467,73,424
3467,74,404
3467,75,437
3467,76,370
3467,77,433
3467,78,342
3467,79,342
3467,80,407
3468,41,988
3468,42,823
3468,43,35
3468,44,102
3468,45,67
3468,46,102
3468,47,40
3468,48,40
3468,49,102
3468,50,104
3468,51,304
3468,52,336
3468,53,305
3468,54,69
3468,55,195
3468,56,70
3468,57,137
3468,58,162
3468,59,517
3468,60,133
3468,61,192
3468,62,221
3468,63,781
3468,64,166
3468,65,163
3468,66,36
3468,67,2
3468,68,36
3468,69,38
3468,70,148
3468,71,40
3468,72,363
3468,73,135
3468,74,102
3468,75,102
3468,76,71
3468,77,532
3468,78,271
3468,79,307
3468,80,275
3469,41,345
3469,42,929
3469,43,5
3469,44,8
3469,45,40
3469,46,7
3469,47,40
3469,48,204
3469,49,107
3469,50,1014
3469,51,109
3469,52,167
3469,53,299
3469,54,8
3469,55,256
3469,56,849
3469,57,73
3469,58,700
3469,59,775
3469,60,327
3469,61,237
3469,62,572
3469,63,121
3469,64,291
3469,65,107
3469,66,73
3469,67,107
3469,68,678
3469,69,73
3469,70,107
3469,71,234
3469,72,76
3469,73,134
3469,74,167
3469,75,681
3469,76,617
3469,77,61
3469,78,707
3469,79,908
3469,80,973
3470,41,201
3470,42,743
3470,43,105
3470,44,422
3470,45,430
3470,46,431
3470,47,497
3470,48,648
3470,49,139
3470,50,454
3470,51,485
3470,52,389
3470,53,423
3470,54,427
3470,55,741
3470,56,562
3470,57,694
3470,58,537
3470,59,537
3470,60,120
3470,61,369
3470,62,731
3470,63,394
3470,64,659
3470,65,179
3470,66,279
3470,67,860
3470,68,91
3470,69,350
3470,70,151
3470,71,22
3470,72,118
3470,73,151
3470,74,59
3470,75,91
3470,76,93
3470,77,973
3470,78,93
3470,79,60
3470,80,91
3471,41,274
3471,42,534
3471,43,18
3471,44,50
3471,45,571
3471,46,456
3471,47,16
3471,48,79
3471,49,50
3471,50,110
3471,51,180
3471,52,180
3471,53,179
3471,54,223
3471,55,18
3471,56,383
3471,57,82
3471,58,181
3471,59,117
3471,60,52
3471,61,854
3471,62,736
3471,63,147
3471,64,115
3471,65,50
3471,66,432
3471,67,110
3471,68,109
3471,69,80
3471,70,80
3471,71,865
3471,72,256
3471,73,284
3471,74,81
3471,75,442
3471,76,80
3471,77,78
3471,78,754
3471,79,16
3471,80,80
3472,41,533
3472,42,253
3472,43,54
3472,44,22
3472,45,118
3472,46,151
3472,47,246
3472,48,276
3472,49,700
3472,50,247
3472,51,1012
3472,52,766
3472,53,242
3472,54,141
3472,55,107
3472,56,138
3472,57,304
3472,58,173
3472,59,173
3472,60,718
3472,61,115
3472,62,530
3472,63,304
3472,64,309
3472,65,104
3472,66,137
3472,67,37
3472,68,170
3472,69,264
3472,70,532
3472,71,744
3472,72,584
3472,73,396
3472,74,365
3472,75,398
3472,76,241
3472,77,357
3472,78,290
3472,79,227
3472,80,176
3473,41,854
3473,42,551
3473,43,48
3473,44,140
3473,45,170
3473,46,483
3473,47,271
3473,48,137
3473,49,77
3473,50,108
3473,51,140
3473,52,74
3473,53,107
3473,54,70
3473,55,1
3473,56,36
3473,57,170
3473,58,7
3473,59,7
3473,60,36
3473,61,468
3473,62,966
3473,63,581
3473,64,988
3473,65,39
3473,66,39
3473,67,69
3473,68,69
3473,69,69
3473,70,137
3473,71,138
3473,72,14
3473,73,7
3473,74,305
3473,75,811
3473,76,74
3473,77,289
3473,78,8
3473,79,83
3473,80,276
3474,41,935
3474,42,998
3474,43,135
3474,44,102
3474,45,132
3474,46,102
3474,47,102
3474,48,102
3474,49,102
3474,50,102
3474,51,102
3474,52,102
3474,53,102
3474,54,135
3474,55,166
3474,56,161
3474,57,792
3474,58,162
3474,59,162
3474,60,164
3474,61,68
3474,62,1007
3474,63,168
3474,64,161
3474,65,161
3474,66,161
3474,67,162
3474,68,168
3474,69,777
3474,70,169
3474,71,540
3474,72,432
3474,73,31
3474,74,161
3474,75,102
3474,76,102
3474,77,246
3474,78,162
3474,79,929
3474,80,162
3475,41,708
3475,42,604
3475,43,345
3475,44,378
3475,45,157
3475,46,824
3475,47,190
3475,48,94
3475,49,94
3475,50,91
3475,51,157
3475,52,125
3475,53,637
3475,54,60
3475,55,123
3475,56,905
3475,57,389
3475,58,52
3475,59,150
3475,60,20
3475,61,143
3475,62,698
3475,63,520
3475,64,244
3475,65,562
3475,66,922
3475,67,599
3475,68,625
3475,69,688
3475,70,733
3475,71,420
3475,72,310
3475,73,389
3475,74,289
3475,75,323
3475,76,422
3475,77,425
3475,78,391
3475,79,454
3475,80,428
3476,41,100
3476,42,620
3476,43,469
3476,44,438
3476,45,470
3476,46,425
3476,47,395
3476,48,426
3476,49,468
3476,50,434
3476,51,432
3476,52,504
3476,53,562
3476,54,594
3476,55,812
3476,56,873
3476,57,840
3476,58,936
3476,59,905
3476,60,997
3476,61,82
3476,62,535
3476,63,847
3476,64,470
3476,65,383
3476,66,431
3476,67,821
3476,68,730
3476,69,431
3476,70,470
3476,71,789
3476,72,432
3476,73,432
3476,74,470
3476,75,57
3476,76,216
3476,77,390
3476,78,291
3476,79,290
3476,80,395
3477,41,456
3477,42,536
3477,43,162
3477,44,34
3477,45,67
3477,46,67
3477,47,134
3477,48,102
3477,49,296
3477,50,265
3477,51,233
3477,52,295
3477,53,359
3477,54,330
3477,55,423
3477,56,454
3477,57,51
3477,58,841
3477,59,750
3477,60,719
3477,61,5
3477,62,592
3477,63,449
3477,64,481
3477,65,550
3477,66,545
3477,67,1006
3477,68,366
3477,69,768
3477,70,361
3477,71,391
3477,72,450
3477,73,271
3477,74,577
3477,75,642
3477,76,452
3477,77,394
3477,78,552
3477,79,745
3477,80,741
3478,41,902
3478,42,462
3478,43,346
3478,44,827
3478,45,203
3478,46,992
3478,47,70
3478,48,739
3478,49,273
3478,50,268
3478,51,307
3478,52,305
3478,53,277
3478,54,374
3478,55,509
3478,56,405
3478,57,248
3478,58,183
3478,59,810
3478,60,297
3478,61,652
3478,62,992
3478,63,362
3478,64,299
3478,65,236
3478,66,176
3478,67,69
3478,68,104
3478,69,242
3478,70,586
3478,71,375
3478,72,376
3478,73,439
3478,74,304
3478,75,402
3478,76,280
3478,77,435
3478,78,400
3478,79,370
3478,80,345
3479,41,54
3479,42,593
3479,43,665
3479,44,905
3479,45,625
3479,46,681
3479,47,131
3479,48,656
3479,49,656
3479,50,688
3479,51,879
3479,52,470
3479,53,496
3479,54,433
3479,55,427
3479,56,369
3479,57,337
3479,58,247
3479,59,775
3479,60,215
3479,61,476
3479,62,4
3479,63,1007
3479,64,503
3479,65,849
3479,66,474
3479,67,537
3479,68,504
3479,69,471
3479,70,200
3479,71,333
3479,72,467
3479,73,429
3479,74,306
3479,75,1008
3479,76,236
3479,77,298
3479,78,424
3479,79,620
3479,80,481
3480,41,788
3480,42,615
3480,43,4
3480,44,98
3480,45,99
3480,46,164
3480,47,168
3480,48,163
3480,49,355
3480,50,357
3480,51,390
3480,52,67
3480,53,5
3480,54,36
3480,55,233
3480,56,264
3480,57,308
3480,58,36
3480,59,70
3480,60,240
3480,61,604
3480,62,807
3480,63,2
3480,64,2
3480,65,131
3480,66,67
3480,67,624
3480,68,163
3480,69,323
3480,70,323
3480,71,354
3480,72,323
3480,73,390
3480,74,322
3480,75,323
3480,76,259
3480,77,227
3480,78,99
3480,79,33
3480,80,736
3481,41,328
3481,42,213
3481,43,693
3481,44,160
3481,45,352
3481,46,566
3481,47,566
3481,48,601
3481,49,598
3481,50,455
3481,51,505
3481,52,505
3481,53,505
3481,54,505
3481,55,505
3481,56,224
3481,57,315
3481,58,312
3481,59,193
3481,60,312
3481,61,678
3481,62,937
3481,63,754
3481,64,41
3481,65,723
3481,66,723
3481,67,723
3481,68,755
3481,69,861
3481,70,660
3481,71,568
3481,72,563
3481,73,285
3481,74,534
3481,75,535
3481,76,792
3481,77,973
3481,78,505
3481,79,505
3481,80,566
3482,41,127
3482,42,246
3482,43,663
3482,44,616
3482,45,460
3482,46,460
3482,47,392
3482,48,356
3482,49,390
3482,50,424
3482,51,331
3482,52,493
3482,53,428
3482,54,681
3482,55,904
3482,56,716
3482,57,747
3482,58,716
3482,59,812
3482,60,232
3482,61,697
3482,62,1016
3482,63,502
3482,64,487
3482,65,454
3482,66,456
3482,67,552
3482,68,75
3482,69,356
3482,70,130
3482,71,173
3482,72,130
3482,73,67
3482,74,63
3482,75,70
3482,76,276
3482,77,337
3482,78,364
3482,79,274
3482,80,306
3483,41,831
3483,42,929
3483,43,163
3483,44,513
3483,45,5
3483,46,38
3483,47,203
3483,48,366
3483,49,306
3483,50,211
3483,51,699
3483,52,378
3483,53,379
3483,54,342
3483,55,215
3483,56,20
3483,57,185
3483,58,218
3483,59,616
3483,60,84
3483,61,416
3483,62,921
3483,63,322
3483,64,417
3483,65,421
3483,66,417
3483,67,481
3483,68,481
3483,69,354
3483,70,421
3483,71,431
3483,72,469
3483,73,277
3483,74,91
3483,75,60
3483,76,125
3483,77,124
3483,78,1006
3483,79,60
3483,80,128
3484,41,461
3484,42,911
3484,43,402
3484,44,104
3484,45,102
3484,46,102
3484,47,102
3484,48,102
3484,49,669
3484,50,233
3484,51,453
3484,52,102
3484,53,69
3484,54,102
3484,55,12
3484,56,292
3484,57,381
3484,58,762
3484,59,430
3484,60,556
3484,61,164
3484,62,325
3484,63,641
3484,64,488
3484,65,842
3484,66,997
3484,67,1000
3484,68,811
3484,69,810
3484,70,841
3484,71,887
3484,72,740
3484,73,782
3484,74,936
3484,75,777
3484,76,745
3484,77,809
3484,78,745
3484,79,613
3484,80,609
3485,41,279
3485,42,946
3485,43,91
3485,44,150
3485,45,852
3485,46,560
3485,47,311
3485,48,246
3485,49,184
3485,50,182
3485,51,86
3485,52,181
3485,53,215
3485,54,630
3485,55,642
3485,56,215
3485,57,185
3485,58,93
3485,59,95
3485,60,153
3485,61,901
3485,62,943
3485,63,1012
3485,64,64
3485,65,122
3485,66,122
3485,67,22
3485,68,152
3485,69,183
3485,70,153
3485,71,93
3485,72,92
3485,73,152
3485,74,953
3485,75,25
3485,76,286
3485,77,185
3485,78,116
3485,79,248
3485,80,67
3486,41,943
3486,42,115
3486,43,281
3486,44,248
3486,45,313
3486,46,182
3486,47,182
3486,48,410
3486,49,667
3486,50,1004
3486,51,1002
3486,52,896
3486,53,10
3486,54,634
3486,55,98
3486,56,569
3486,57,633
3486,58,729
3486,59,762
3486,60,570
3486,61,981
3486,62,59
3486,63,150
3486,64,250
3486,65,886
3486,66,311
3486,67,311
3486,68,379
3486,69,96
3486,70,91
3486,71,95
3486,72,95
3486,73,952
3486,74,378
3486,75,442
3486,76,311
3486,77,311
3486,78,206
3486,79,278
3486,80,20
3487,41,209
3487,42,239
3487,43,82
3487,44,18
3487,45,82
3487,46,17
3487,47,339
3487,48,713
3487,49,167
3487,50,479
3487,51,474
3487,52,895
3487,53,1024
3487,54,863
3487,55,763
3487,56,830
3487,57,869
3487,58,1023
3487,59,1024
3487,60,51
3487,61,35
3487,62,663
3487,63,115
3487,64,115
3487,65,82
3487,66,115
3487,67,147
3487,68,81
3487,69,718
3487,70,841
3487,71,113
3487,72,48
3487,73,50
3487,74,84
3487,75,377
3487,76,377
3487,77,344
3487,78,52
3487,79,215
3487,80,20
3488,41,682
3488,42,88
3488,43,488
3488,44,489
3488,45,253
3488,46,866
3488,47,358
3488,48,326
3488,49,326
3488,50,326
3488,51,358
3488,52,451
3488,53,934
3488,54,450
3488,55,552
3488,56,488
3488,57,745
3488,58,843
3488,59,842
3488,60,935
3488,61,96
3488,62,136
3488,63,392
3488,64,161
3488,65,392
3488,66,392
3488,67,392
3488,68,782
3488,69,88
3488,70,309
3488,71,438
3488,72,407
3488,73,307
3488,74,157
3488,75,244
3488,76,926
3488,77,342
3488,78,719
3488,79,212
3488,80,831
3489,41,167
3489,42,579
3489,43,432
3489,44,505
3489,45,634
3489,46,568
3489,47,528
3489,48,557
3489,49,525
3489,50,586
3489,51,522
3489,52,547
3489,53,491
3489,54,907
3489,55,875
3489,56,488
3489,57,681
3489,58,808
3489,59,806
3489,60,898
3489,61,24
3489,62,233
3489,63,467
3489,64,560
3489,65,557
3489,66,334
3489,67,325
3489,68,660
3489,69,535
3489,70,504
3489,71,740
3489,72,726
3489,73,695
3489,74,728
3489,75,601
3489,76,600
3489,77,750
3489,78,327
3489,79,536
3489,80,626
3490,41,567
3490,42,524
3490,43,187
3490,44,116
3490,45,189
3490,46,189
3490,47,123
3490,48,154
3490,49,251
3490,50,281
3490,51,473
3490,52,506
3490,53,444
3490,54,254
3490,55,255
3490,56,286
3490,57,284
3490,58,208
3490,59,438
3490,60,215
3490,61,835
3490,62,661
3490,63,218
3490,64,285
3490,65,184
3490,66,67
3490,67,215
3490,68,422
3490,69,331
3490,70,153
3490,71,312
3490,72,345
3490,73,381
3490,74,415
3490,75,374
3490,76,381
3490,77,381
3490,78,61
3490,79,348
3490,80,348
3491,41,258
3491,42,41
3491,43,72
3491,44,39
3491,45,39
3491,46,293
3491,47,108
3491,48,139
3491,49,139
3491,50,140
3491,51,140
3491,52,166
3491,53,161
3491,54,199
3491,55,168
3491,56,588
3491,57,618
3491,58,679
3491,59,620
3491,60,622
3491,61,910
3491,62,735
3491,63,454
3491,64,162
3491,65,166
3491,66,162
3491,67,195
3491,68,199
3491,69,102
3491,70,102
3491,71,164
3491,72,193
3491,73,497
3491,74,161
3491,75,133
3491,76,782
3491,77,120
3491,78,5
3491,79,67
3491,80,182
3492,41,891
3492,42,338
3492,43,313
3492,44,313
3492,45,215
3492,46,91
3492,47,91
3492,48,29
3492,49,997
3492,50,94
3492,51,60
3492,52,60
3492,53,91
3492,54,91
3492,55,94
3492,56,93
3492,57,473
3492,58,825
3492,59,794
3492,60,794
3492,61,875
3492,62,979
3492,63,220
3492,64,250
3492,65,409
3492,66,601
3492,67,439
3492,68,570
3492,69,536
3492,70,309
3492,71,376
3492,72,439
3492,73,343
3492,74,343
3492,75,417
3492,76,259
3492,77,375
3492,78,403
3492,79,402
3492,80,380
3493,41,239
3493,42,791
3493,43,207
3493,44,173
3493,45,305
3493,46,433
3493,47,475
3493,48,640
3493,49,640
3493,50,603
3493,51,603
3493,52,438
3493,53,574
3493,54,990
3493,55,645
3493,56,477
3493,57,479
3493,58,206
3493,59,536
3493,60,630
3493,61,1010
3493,62,992
3493,63,174
3493,64,298
3493,65,411
3493,66,171
3493,67,141
3493,68,140
3493,69,204
3493,70,732
3493,71,199
3493,72,1015
3493,73,359
3493,74,264
3493,75,163
3493,76,390
3493,77,322
3493,78,354
3493,79,392
3493,80,362
3494,41,44
3494,42,894
3494,43,366
3494,44,564
3494,45,361
3494,46,951
3494,47,374
3494,48,378
3494,49,441
3494,50,346
3494,51,378
3494,52,375
3494,53,209
3494,54,139
3494,55,106
3494,56,42
3494,57,794
3494,58,442
3494,59,37
3494,60,132
3494,61,857
3494,62,901
3494,63,410
3494,64,309
3494,65,79
3494,66,350
3494,67,404
3494,68,309
3494,69,152
3494,70,104
3494,71,101
3494,72,163
3494,73,545
3494,74,1006
3494,75,227
3494,76,163
3494,77,6
3494,78,377
3494,79,69
3494,80,3
3495,41,287
3495,42,353
3495,43,1002
3495,44,845
3495,45,635
3495,46,794
3495,47,825
3495,48,825
3495,49,791
3495,50,727
3495,51,698
3495,52,825
3495,53,827
3495,54,763
3495,55,695
3495,56,791
3495,57,732
3495,58,246
3495,59,562
3495,60,765
3495,61,190
3495,62,682
3495,63,742
3495,64,259
3495,65,20
3495,66,20
3495,67,150
3495,68,585
3495,69,32
3495,70,85
3495,71,313
3495,72,474
3495,73,425
3495,74,253
3495,75,327
3495,76,879
3495,77,232
3495,78,295
3495,79,263
3495,80,150
3496,41,115
3496,42,951
3496,43,108
3496,44,8
3496,45,9
3496,46,9
3496,47,448
3496,48,9
3496,49,9
3496,50,9
3496,51,9
3496,52,327
3496,53,69
3496,54,306
3496,55,146
3496,56,180
3496,57,178
3496,58,824
3496,59,144
3496,60,176
3496,61,835
3496,62,687
3496,63,564
3496,64,494
3496,65,929
3496,66,39
3496,67,143
3496,68,4
3496,69,947
3496,70,66
3496,71,497
3496,72,352
3496,73,35
3496,74,100
3496,75,131
3496,76,356
3496,77,425
3496,78,434
3496,79,402
3496,80,472
3497,41,130
3497,42,128
3497,43,567
3497,44,426
3497,45,426
3497,46,175
3497,47,408
3497,48,538
3497,49,473
3497,50,479
3497,51,479
3497,52,479
3497,53,990
3497,54,479
3497,55,181
3497,56,475
3497,57,456
3497,58,426
3497,59,469
3497,60,469
3497,61,869
3497,62,608
3497,63,908
3497,64,941
3497,65,1006
3497,66,849
3497,67,756
3497,68,756
3497,69,348
3497,70,810
3497,71,848
3497,72,434
3497,73,1006
3497,74,974
3497,75,301
3497,76,442
3497,77,480
3497,78,787
3497,79,662
3497,80,695
3498,41,260
3498,42,181
3498,43,538
3498,44,402
3498,45,564
3498,46,307
3498,47,426
3498,48,527
3498,49,534
3498,50,657
3498,51,376
3498,52,374
3498,53,377
3498,54,469
3498,55,439
3498,56,276
3498,57,408
3498,58,375
3498,59,305
3498,60,344
3498,61,562
3498,62,800
3498,63,513
3498,64,452
3498,65,450
3498,66,338
3498,67,244
3498,68,439
3498,69,306
3498,70,69
3498,71,988
3498,72,103
3498,73,103
3498,74,137
3498,75,103
3498,76,805
3498,77,378
3498,78,18
3498,79,40
3498,80,9
3499,41,441
3499,42,728
3499,43,366
3499,44,80
3499,45,396
3499,46,359
3499,47,233
3499,48,390
3499,49,391
3499,50,391
3499,51,393
3499,52,361
3499,53,391
3499,54,361
3499,55,423
3499,56,327
3499,57,369
3499,58,616
3499,59,334
3499,60,392
3499,61,620
3499,62,223
3499,63,584
3499,64,744
3499,65,781
3499,66,814
3499,67,814
3499,68,812
3499,69,781
3499,70,653
3499,71,351
3499,72,810
3499,73,718
3499,74,794
3499,75,782
3499,76,782
3499,77,782
3499,78,688
3499,79,718
3499,80,785
3500,41,626
3500,42,35
3500,43,359
3500,44,295
3500,45,423
3500,46,375
3500,47,476
3500,48,127
3500,49,430
3500,50,47
3500,51,434
3500,52,434
3500,53,298
3500,54,255
3500,55,262
3500,56,289
3500,57,232
3500,58,422
3500,59,421
3500,60,326
3500,61,125
3500,62,830
3500,63,1
3500,64,3
3500,65,869
3500,66,3
3500,67,7
3500,68,7
3500,69,167
3500,70,167
3500,71,7
3500,72,71
3500,73,232
3500,74,788
3500,75,452
3500,76,513
3500,77,449
3500,78,41
3500,79,150
3500,80,712
3501,41,255
3501,42,830
3501,43,385
3501,44,384
3501,45,951
3501,46,513
3501,47,426
3501,48,557
3501,49,552
3501,50,677
3501,51,49
3501,52,609
3501,53,614
3501,54,577
3501,55,545
3501,56,612
3501,57,876
3501,58,515
3501,59,514
3501,60,336
3501,61,699
3501,62,302
3501,63,259
3501,64,260
3501,65,645
3501,66,228
3501,67,260
3501,68,260
3501,69,228
3501,70,228
3501,71,228
3501,72,11
3501,73,228
3501,74,228
3501,75,228
3501,76,228
3501,77,228
3501,78,574
3501,79,228
3501,80,249
3502,41,744
3502,42,601
3502,43,358
3502,44,290
3502,45,361
3502,46,453
3502,47,485
3502,48,451
3502,49,450
3502,50,385
3502,51,536
3502,52,356
3502,53,707
3502,54,837
3502,55,839
3502,56,936
3502,57,874
3502,58,812
3502,59,8
3502,60,842
3502,61,347
3502,62,790
3502,63,71
3502,64,8
3502,65,439
3502,66,40
3502,67,8
3502,68,8
3502,69,682
3502,70,75
3502,71,681
3502,72,75
3502,73,75
3502,74,75
3502,75,75
3502,76,73
3502,77,75
3502,78,75
3502,79,75
3502,80,75
3503,41,453
3503,42,459
3503,43,299
3503,44,108
3503,45,173
3503,46,206
3503,47,268
3503,48,331
3503,49,207
3503,50,1000
3503,51,268
3503,52,172
3503,53,504
3503,54,298
3503,55,268
3503,56,363
3503,57,268
3503,58,268
3503,59,268
3503,60,268
3503,61,510
3503,62,156
3503,63,141
3503,64,12
3503,65,511
3503,66,140
3503,67,289
3503,68,79
3503,69,140
3503,70,110
3503,71,110
3503,72,207
3503,73,204
3503,74,672
3503,75,173
3503,76,173
3503,77,277
3503,78,323
3503,79,268
3503,80,841
3504,41,823
3504,42,22
3504,43,430
3504,44,520
3504,45,584
3504,46,681
3504,47,584
3504,48,200
3504,49,134
3504,50,168
3504,51,559
3504,52,34
3504,53,69
3504,54,150
3504,55,37
3504,56,270
3504,57,170
3504,58,402
3504,59,431
3504,60,390
3504,61,47
3504,62,87
3504,63,595
3504,64,422
3504,65,12
3504,66,406
3504,67,468
3504,68,564
3504,69,429
3504,70,427
3504,71,430
3504,72,422
3504,73,291
3504,74,326
3504,75,2
3504,76,810
3504,77,238
3504,78,204
3504,79,254
3504,80,204
3505,41,745
3505,42,358
3505,43,476
3505,44,505
3505,45,136
3505,46,544
3505,47,409
3505,48,444
3505,49,661
3505,50,941
3505,51,797
3505,52,306
3505,53,478
3505,54,635
3505,55,639
3505,56,640
3505,57,477
3505,58,477
3505,59,504
3505,60,634
3505,61,874
3505,62,799
3505,63,519
3505,64,604
3505,65,575
3505,66,473
3505,67,197
3505,68,377
3505,69,61
3505,70,443
3505,71,471
3505,72,576
3505,73,576
3505,74,635
3505,75,496
3505,76,686
3505,77,605
3505,78,602
3505,79,602
3505,80,287
3506,41,884
3506,42,530
3506,43,227
3506,44,342
3506,45,342
3506,46,305
3506,47,305
3506,48,696
3506,49,170
3506,50,103
3506,51,103
3506,52,103
3506,53,103
3506,54,103
3506,55,103
3506,56,8
3506,57,137
3506,58,625
3506,59,165
3506,60,165
3506,61,757
3506,62,92
3506,63,618
3506,64,202
3506,65,137
3506,66,754
3506,67,305
3506,68,304
3506,69,277
3506,70,275
3506,71,489
3506,72,305
3506,73,963
3506,74,32
3506,75,137
3506,76,168
3506,77,659
3506,78,1
3506,79,137
3506,80,168
3507,41,532
3507,42,679
3507,43,312
3507,44,276
3507,45,242
3507,46,11
3507,47,143
3507,48,153
3507,49,133
3507,50,444
3507,51,614
3507,52,345
3507,53,166
3507,54,52
3507,55,50
3507,56,733
3507,57,280
3507,58,215
3507,59,6
3507,60,247
3507,61,972
3507,62,349
3507,63,143
3507,64,305
3507,65,209
3507,66,209
3507,67,242
3507,68,237
3507,69,237
3507,70,70
3507,71,2
3507,72,295
3507,73,386
3507,74,545
3507,75,419
3507,76,422
3507,77,453
3507,78,453
3507,79,111
3507,80,1020
3508,41,970
3508,42,338
3508,43,479
3508,44,18
3508,45,661
3508,46,267
3508,47,108
3508,48,116
3508,49,842
3508,50,110
3508,51,272
3508,52,334
3508,53,365
3508,54,486
3508,55,241
3508,56,240
3508,57,208
3508,58,273
3508,59,272
3508,60,727
3508,61,148
3508,62,425
3508,63,274
3508,64,208
3508,65,272
3508,66,240
3508,67,210
3508,68,177
3508,69,870
3508,70,910
3508,71,247
3508,72,350
3508,73,646
3508,74,179
3508,75,517
3508,76,305
3508,77,89
3508,78,769
3508,79,535
3508,80,535
3509,41,905
3509,42,477
3509,43,462
3509,44,548
3509,45,548
3509,46,546
3509,47,517
3509,48,426
3509,49,548
3509,50,517
3509,51,517
3509,52,548
3509,53,292
3509,54,612
3509,55,644
3509,56,644
3509,57,647
3509,58,548
3509,59,612
3509,60,613
3509,61,792
3509,62,705
3509,63,706
3509,64,769
3509,65,769
3509,66,13
3509,67,769
3509,68,1008
3509,69,693
3509,70,390
3509,71,677
3509,72,679
3509,73,678
3509,74,678
3509,75,679
3509,76,677
3509,77,707
3509,78,707
3509,79,707
3509,80,707
3510,41,624
3510,42,212
3510,43,278
3510,44,337
3510,45,242
3510,46,143
3510,47,208
3510,48,240
3510,49,309
3510,50,374
3510,51,279
3510,52,155
3510,53,309
3510,54,211
3510,55,178
3510,56,242
3510,57,275
3510,58,365
3510,59,361
3510,60,362
3510,61,980
3510,62,433
3510,63,396
3510,64,771
3510,65,275
3510,66,137
3510,67,396
3510,68,361
3510,69,365
3510,70,392
3510,71,333
3510,72,366
3510,73,361
3510,74,362
3510,75,338
3510,76,391
3510,77,361
3510,78,538
3510,79,393
3510,80,356
3511,41,822
3511,42,299
3511,43,396
3511,44,309
3511,45,263
3511,46,236
3511,47,238
3511,48,238
3511,49,305
3511,50,335
3511,51,361
3511,52,356
3511,53,290
3511,54,390
3511,55,396
3511,56,275
3511,57,271
3511,58,341
3511,59,236
3511,60,297
3511,61,304
3511,62,970
3511,63,392
3511,64,743
3511,65,598
3511,66,626
3511,67,428
3511,68,766
3511,69,766
3511,70,766
3511,71,362
3511,72,960
3511,73,928
3511,74,830
3511,75,928
3511,76,830
3511,77,960
3511,78,895
3511,79,960
3511,80,733
3512,41,10
3512,42,951
3512,43,789
3512,44,505
3512,45,321
3512,46,505
3512,47,505
3512,48,505
3512,49,149
3512,50,277
3512,51,311
3512,52,311
3512,53,311
3512,54,311
3512,55,280
3512,56,60
3512,57,92
3512,58,857
3512,59,153
3512,60,248
3512,61,519
3512,62,826
3512,63,247
3512,64,215
3512,65,570
3512,66,906
3512,67,182
3512,68,149
3512,69,180
3512,70,182
3512,71,20
3512,72,587
3512,73,149
3512,74,674
3512,75,759
3512,76,493
3512,77,864
3512,78,22
3512,79,86
3512,80,1020
3513,41,637
3513,42,569
3513,43,276
3513,44,276
3513,45,338
3513,46,392
3513,47,643
3513,48,326
3513,49,468
3513,50,359
3513,51,359
3513,52,456
3513,53,321
3513,54,321
3513,55,474
3513,56,389
3513,57,389
3513,58,485
3513,59,1015
3513,60,118
3513,61,103
3513,62,684
3513,63,79
3513,64,16
3513,65,48
3513,66,567
3513,67,50
3513,68,18
3513,69,18
3513,70,491
3513,71,503
3513,72,18
3513,73,82
3513,74,79
3513,75,49
3513,76,113
3513,77,142
3513,78,207
3513,79,207
3513,80,332
3514,41,906
3514,42,430
3514,43,793
3514,44,301
3514,45,634
3514,46,632
3514,47,763
3514,48,1021
3514,49,891
3514,50,731
3514,51,763
3514,52,104
3514,53,667
3514,54,338
3514,55,601
3514,56,536
3514,57,504
3514,58,686
3514,59,600
3514,60,676
3514,61,257
3514,62,593
3514,63,791
3514,64,136
3514,65,518
3514,66,983
3514,67,983
3514,68,982
3514,69,920
3514,70,984
3514,71,732
3514,72,795
3514,73,856
3514,74,794
3514,75,794
3514,76,794
3514,77,732
3514,78,832
3514,79,635
3514,80,441
3515,41,175
3515,42,142
3515,43,532
3515,44,392
3515,45,392
3515,46,480
3515,47,392
3515,48,392
3515,49,205
3515,50,392
3515,51,392
3515,52,424
3515,53,422
3515,54,422
3515,55,422
3515,56,481
3515,57,421
3515,58,545
3515,59,426
3515,60,426
3515,61,513
3515,62,432
3515,63,422
3515,64,545
3515,65,180
3515,66,451
3515,67,418
3515,68,418
3515,69,385
3515,70,417
3515,71,930
3515,72,385
3515,73,343
3515,74,361
3515,75,422
3515,76,395
3515,77,422
3515,78,393
3515,79,393
3515,80,393
3516,41,26
3516,42,586
3516,43,145
3516,44,144
3516,45,718
3516,46,176
3516,47,621
3516,48,277
3516,49,341
3516,50,787
3516,51,237
3516,52,236
3516,53,300
3516,54,336
3516,55,366
3516,56,396
3516,57,866
3516,58,306
3516,59,336
3516,60,336
3516,61,249
3516,62,904
3516,63,363
3516,64,331
3516,65,204
3516,66,331
3516,67,128
3516,68,336
3516,69,336
3516,70,324
3516,71,295
3516,72,839
3516,73,421
3516,74,421
3516,75,389
3516,76,485
3516,77,485
3516,78,485
3516,79,548
3516,80,454
3517,41,39
3517,42,309
3517,43,68
3517,44,33
3517,45,69
3517,46,203
3517,47,299
3517,48,268
3517,49,394
3517,50,268
3517,51,309
3517,52,374
3517,53,406
3517,54,438
3517,55,201
3517,56,437
3517,57,438
3517,58,404
3517,59,595
3517,60,499
3517,61,695
3517,62,795
3517,63,519
3517,64,456
3517,65,518
3517,66,486
3517,67,518
3517,68,552
3517,69,745
3517,70,488
3517,71,486
3517,72,486
3517,73,760
3517,74,713
3517,75,682
3517,76,356
3517,77,776
3517,78,777
3517,79,776
3517,80,327
3518,41,747
3518,42,137
3518,43,213
3518,44,542
3518,45,586
3518,46,478
3518,47,480
3518,48,480
3518,49,644
3518,50,541
3518,51,604
3518,52,870
3518,53,604
3518,54,601
3518,55,410
3518,56,411
3518,57,480
3518,58,955
3518,59,352
3518,60,512
3518,61,413
3518,62,461
3518,63,596
3518,64,660
3518,65,848
3518,66,848
3518,67,773
3518,68,725
3518,69,600
3518,70,577
3518,71,696
3518,72,727
3518,73,758
3518,74,758
3518,75,756
3518,76,551
3518,77,449
3518,78,723
3518,79,102
3518,80,941
3519,41,28
3519,42,216
3519,43,394
3519,44,456
3519,45,520
3519,46,452
3519,47,920
3519,48,356
3519,49,323
3519,50,229
3519,51,367
3519,52,707
3519,53,389
3519,54,389
3519,55,307
3519,56,423
3519,57,552
3519,58,423
3519,59,424
3519,60,423
3519,61,806
3519,62,738
3519,63,200
3519,64,200
3519,65,264
3519,66,458
3519,67,422
3519,68,389
3519,69,968
3519,70,389
3519,71,290
3519,72,324
3519,73,355
3519,74,323
3519,75,225
3519,76,390
3519,77,391
3519,78,265
3519,79,200
3519,80,359
3520,41,246
3520,42,583
3520,43,8
3520,44,506
3520,45,667
3520,46,732
3520,47,601
3520,48,442
3520,49,506
3520,50,506
3520,51,542
3520,52,509
3520,53,220
3520,54,895
3520,55,634
3520,56,442
3520,57,770
3520,58,351
3520,59,536
3520,60,602
3520,61,1001
3520,62,733
3520,63,409
3520,64,215
3520,65,84
3520,66,311
3520,67,344
3520,68,344
3520,69,285
3520,70,378
3520,71,505
3520,72,830
3520,73,635
3520,74,607
3520,75,540
3520,76,73
3520,77,476
3520,78,238
3520,79,985
3520,80,570
3521,41,8
3521,42,98
3521,43,535
3521,44,536
3521,45,817
3521,46,848
3521,47,880
3521,48,933
3521,49,785
3521,50,898
3521,51,657
3521,52,812
3521,53,843
3521,54,115
3521,55,683
3521,56,653
3521,57,653
3521,58,622
3521,59,561
3521,60,528
3521,61,43
3521,62,428
3521,63,605
3521,64,600
3521,65,476
3521,66,672
3521,67,420
3521,68,600
3521,69,628
3521,70,688
3521,71,596
3521,72,596
3521,73,626
3521,74,750
3521,75,688
3521,76,656
3521,77,563
3521,78,533
3521,79,533
3521,80,535
3522,41,692
3522,42,998
3522,43,299
3522,44,396
3522,45,450
3522,46,450
3522,47,772
3522,48,375
3522,49,737
3522,50,451
3522,51,414
3522,52,690
3522,53,168
3522,54,692
3522,55,35
3522,56,4
3522,57,36
3522,58,110
3522,59,147
3522,60,247
3522,61,810
3522,62,837
3522,63,141
3522,64,76
3522,65,238
3522,66,12
3522,67,140
3522,68,172
3522,69,173
3522,70,206
3522,71,512
3522,72,44
3522,73,342
3522,74,505
3522,75,377
3522,76,409
3522,77,315
3522,78,422
3522,79,215
3522,80,346
3523,41,60
3523,42,758
3523,43,176
3523,44,176
3523,45,4
3523,46,784
3523,47,141
3523,48,949
3523,49,48
3523,50,112
3523,51,179
3523,52,211
3523,53,112
3523,54,48
3523,55,172
3523,56,137
3523,57,268
3523,58,299
3523,59,298
3523,60,298
3523,61,694
3523,62,149
3523,63,47
3523,64,378
3523,65,141
3523,66,205
3523,67,138
3523,68,138
3523,69,846
3523,70,298
3523,71,173
3523,72,331
3523,73,390
3523,74,390
3523,75,585
3523,76,323
3523,77,67
3523,78,2
3523,79,137
3523,80,67
3524,41,550
3524,42,385
3524,43,259
3524,44,501
3524,45,496
3524,46,470
3524,47,99
3524,48,277
3524,49,278
3524,50,277
3524,51,311
3524,52,311
3524,53,277
3524,54,338
3524,55,366
3524,56,199
3524,57,165
3524,58,504
3524,59,101
3524,60,35
3524,61,991
3524,62,844
3524,63,789
3524,64,754
3524,65,1004
3524,66,469
3524,67,309
3524,68,469
3524,69,430
3524,70,499
3524,71,762
3524,72,624
3524,73,431
3524,74,466
3524,75,227
3524,76,505
3524,77,568
3524,78,536
3524,79,434
3524,80,529
3525,41,626
3525,42,537
3525,43,552
3525,44,682
3525,45,718
3525,46,779
3525,47,230
3525,48,810
3525,49,954
3525,50,456
3525,51,486
3525,52,516
3525,53,516
3525,54,516
3525,55,516
3525,56,516
3525,57,809
3525,58,518
3525,59,520
3525,60,681
3525,61,729
3525,62,861
3525,63,1000
3525,64,812
3525,65,687
3525,66,968
3525,67,456
3525,68,456
3525,69,385
3525,70,928
3525,71,451
3525,72,200
3525,73,392
3525,74,51
3525,75,777
3525,76,1012
3525,77,781
3525,78,781
3525,79,708
3525,80,688
3526,41,943
3526,42,1022
3526,43,504
3526,44,504
3526,45,313
3526,46,183
3526,47,91
3526,48,157
3526,49,185
3526,50,310
3526,51,153
3526,52,153
3526,53,432
3526,54,150
3526,55,248
3526,56,84
3526,57,246
3526,58,311
3526,59,214
3526,60,255
3526,61,859
3526,62,74
3526,63,598
3526,64,597
3526,65,505
3526,66,542
3526,67,620
3526,68,791
3526,69,890
3526,70,355
3526,71,791
3526,72,758
3526,73,662
3526,74,280
3526,75,286
3526,76,478
3526,77,256
3526,78,567
3526,79,317
3526,80,317
3527,41,928
3527,42,36
3527,43,362
3527,44,392
3527,45,946
3527,46,367
3527,47,337
3527,48,306
3527,49,713
3527,50,434
3527,51,434
3527,52,403
3527,53,402
3527,54,271
3527,55,271
3527,56,244
3527,57,758
3527,58,277
3527,59,275
3527,60,143
3527,61,937
3527,62,881
3527,63,544
3527,64,236
3527,65,236
3527,66,238
3527,67,303
3527,68,239
3527,69,303
3527,70,302
3527,71,303
3527,72,303
3527,73,37
3527,74,302
3527,75,271
3527,76,275
3527,77,204
3527,78,267
3527,79,270
3527,80,304
3528,41,434
3528,42,735
3528,43,520
3528,44,650
3528,45,618
3528,46,530
3528,47,530
3528,48,558
3528,49,591
3528,50,761
3528,51,558
3528,52,530
3528,53,650
3528,54,650
3528,55,618
3528,56,520
3528,57,777
3528,58,808
3528,59,960
3528,60,431
3528,61,366
3528,62,930
3528,63,649
3528,64,525
3528,65,14
3528,66,622
3528,67,740
3528,68,367
3528,69,649
3528,70,835
3528,71,713
3528,72,520
3528,73,520
3528,74,520
3528,75,520
3528,76,520
3528,77,426
3528,78,421
3528,79,513
3528,80,948
3529,41,389
3529,42,664
3529,43,331
3529,44,338
3529,45,331
3529,46,140
3529,47,141
3529,48,779
3529,49,45
3529,50,168
3529,51,100
3529,52,163
3529,53,164
3529,54,133
3529,55,164
3529,56,163
3529,57,101
3529,58,68
3529,59,701
3529,60,554
3529,61,388
3529,62,326
3529,63,295
3529,64,1021
3529,65,621
3529,66,619
3529,67,557
3529,68,73
3529,69,556
3529,70,555
3529,71,585
3529,72,618
3529,73,617
3529,74,618
3529,75,558
3529,76,493
3529,77,236
3529,78,592
3529,79,623
3529,80,685
3530,41,373
3530,42,230
3530,43,410
3530,44,255
3530,45,400
3530,46,378
3530,47,315
3530,48,404
3530,49,673
3530,50,370
3530,51,467
3530,52,466
3530,53,432
3530,54,537
3530,55,450
3530,56,424
3530,57,501
3530,58,942
3530,59,472
3530,60,472
3530,61,916
3530,62,332
3530,63,576
3530,64,933
3530,65,268
3530,66,168
3530,67,298
3530,68,268
3530,69,299
3530,70,363
3530,71,131
3530,72,99
3530,73,99
3530,74,417
3530,75,99
3530,76,417
3530,77,385
3530,78,98
3530,79,788
3530,80,323
3531,41,717
3531,42,346
3531,43,505
3531,44,505
3531,45,724
3531,46,817
3531,47,789
3531,48,569
3531,49,756
3531,50,788
3531,51,789
3531,52,821
3531,53,481
3531,54,973
3531,55,849
3531,56,853
3531,57,918
3531,58,918
3531,59,918
3531,60,755
3531,61,953
3531,62,236
3531,63,532
3531,64,528
3531,65,562
3531,66,563
3531,67,532
3531,68,558
3531,69,558
3531,70,558
3531,71,423
3531,72,189
3531,73,464
3531,74,574
3531,75,494
3531,76,527
3531,77,492
3531,78,492
3531,79,494
3531,80,495
3532,41,694
3532,42,410
3532,43,54
3532,44,54
3532,45,152
3532,46,54
3532,47,419
3532,48,54
3532,49,118
3532,50,80
3532,51,544
3532,52,152
3532,53,118
3532,54,118
3532,55,152
3532,56,22
3532,57,152
3532,58,152
3532,59,152
3532,60,152
3532,61,583
3532,62,633
3532,63,487
3532,64,152
3532,65,118
3532,66,152
3532,67,152
3532,68,54
3532,69,54
3532,70,118
3532,71,54
3532,72,118
3532,73,118
3532,74,743
3532,75,929
3532,76,152
3532,77,152
3532,78,152
3532,79,152
3532,80,438
3533,41,864
3533,42,316
3533,43,449
3533,44,610
3533,45,323
3533,46,422
3533,47,471
3533,48,900
3533,49,692
3533,50,193
3533,51,790
3533,52,478
3533,53,758
3533,54,760
3533,55,795
3533,56,698
3533,57,795
3533,58,763
3533,59,794
3533,60,981
3533,61,318
3533,62,130
3533,63,853
3533,64,218
3533,65,250
3533,66,284
3533,67,185
3533,68,814
3533,69,284
3533,70,254
3533,71,60
3533,72,60
3533,73,154
3533,74,437
3533,75,532
3533,76,343
3533,77,215
3533,78,248
3533,79,149
3533,80,445
3534,41,917
3534,42,690
3534,43,965
3534,44,355
3534,45,290
3534,46,291
3534,47,419
3534,48,323
3534,49,440
3534,50,460
3534,51,128
3534,52,560
3534,53,593
3534,54,595
3534,55,656
3534,56,562
3534,57,537
3534,58,534
3534,59,563
3534,60,561
3534,61,528
3534,62,77
3534,63,936
3534,64,968
3534,65,874
3534,66,873
3534,67,967
3534,68,998
3534,69,967
3534,70,192
3534,71,843
3534,72,874
3534,73,715
3534,74,810
3534,75,810
3534,76,734
3534,77,810
3534,78,810
3534,79,810
3534,80,810
3535,41,1023
3535,42,33
3535,43,122
3535,44,153
3535,45,216
3535,46,216
3535,47,216
3535,48,248
3535,49,249
3535,50,242
3535,51,95
3535,52,128
3535,53,254
3535,54,378
3535,55,378
3535,56,60
3535,57,60
3535,58,60
3535,59,60
3535,60,60
3535,61,412
3535,62,1017
3535,63,247
3535,64,506
3535,65,635
3535,66,949
3535,67,597
3535,68,374
3535,69,408
3535,70,139
3535,71,439
3535,72,432
3535,73,470
3535,74,469
3535,75,374
3535,76,486
3535,77,343
3535,78,91
3535,79,151
3535,80,28
3536,41,714
3536,42,583
3536,43,309
3536,44,306
3536,45,398
3536,46,593
3536,47,564
3536,48,723
3536,49,574
3536,50,974
3536,51,908
3536,52,427
3536,53,879
3536,54,1004
3536,55,335
3536,56,660
3536,57,566
3536,58,596
3536,59,443
3536,60,535
3536,61,402
3536,62,899
3536,63,434
3536,64,150
3536,65,921
3536,66,342
3536,67,212
3536,68,211
3536,69,306
3536,70,262
3536,71,265
3536,72,398
3536,73,301
3536,74,628
3536,75,7
3536,76,203
3536,77,271
3536,78,306
3536,79,338
3536,80,460
3537,41,414
3537,42,609
3537,43,718
3537,44,674
3537,45,841
3537,46,905
3537,47,966
3537,48,873
3537,49,461
3537,50,64
3537,51,586
3537,52,568
3537,53,688
3537,54,660
3537,55,79
3537,56,876
3537,57,278
3537,58,279
3537,59,279
3537,60,313
3537,61,186
3537,62,81
3537,63,369
3537,64,380
3537,65,926
3537,66,110
3537,67,44
3537,68,600
3537,69,674
3537,70,570
3537,71,44
3537,72,44
3537,73,12
3537,74,141
3537,75,141
3537,76,141
3537,77,141
3537,78,141
3537,79,331
3537,80,331
3538,41,889
3538,42,400
3538,43,574
3538,44,16
3538,45,49
3538,46,178
3538,47,242
3538,48,893
3538,49,275
3538,50,277
3538,51,646
3538,52,765
3538,53,975
3538,54,306
3538,55,276
3538,56,336
3538,57,275
3538,58,146
3538,59,494
3538,60,215
3538,61,338
3538,62,58
3538,63,243
3538,64,144
3538,65,48
3538,66,178
3538,67,879
3538,68,52
3538,69,52
3538,70,504
3538,71,149
3538,72,216
3538,73,217
3538,74,216
3538,75,1013
3538,76,192
3538,77,174
3538,78,350
3538,79,388
3538,80,224
3539,41,889
3539,42,800
3539,43,315
3539,44,441
3539,45,218
3539,46,409
3539,47,346
3539,48,377
3539,49,473
3539,50,313
3539,51,475
3539,52,541
3539,53,541
3539,54,757
3539,55,42
3539,56,528
3539,57,563
3539,58,562
3539,59,563
3539,60,563
3539,61,314
3539,62,183
3539,63,615
3539,64,217
3539,65,276
3539,66,218
3539,67,73
3539,68,283
3539,69,863
3539,70,283
3539,71,791
3539,72,506
3539,73,283
3539,74,218
3539,75,348
3539,76,473
3539,77,506
3539,78,346
3539,79,505
3539,80,537
3540,41,543
3540,42,641
3540,43,310
3540,44,310
3540,45,375
3540,46,626
3540,47,345
3540,48,248
3540,49,281
3540,50,156
3540,51,187
3540,52,222
3540,53,886
3540,54,185
3540,55,381
3540,56,1001
3540,57,559
3540,58,315
3540,59,85
3540,60,438
3540,61,10
3540,62,972
3540,63,501
3540,64,501
3540,65,33
3540,66,699
3540,67,405
3540,68,404
3540,69,346
3540,70,497
3540,71,224
3540,72,796
3540,73,224
3540,74,344
3540,75,344
3540,76,344
3540,77,316
3540,78,280
3540,79,311
3540,80,305
3541,41,158
3541,42,516
3541,43,145
3541,44,534
3541,45,596
3541,46,761
3541,47,683
3541,48,557
3541,49,493
3541,50,621
3541,51,650
3541,52,686
3541,53,785
3541,54,785
3541,55,879
3541,56,692
3541,57,595
3541,58,566
3541,59,595
3541,60,562
3541,61,429
3541,62,54
3541,63,520
3541,64,742
3541,65,681
3541,66,584
3541,67,681
3541,68,745
3541,69,170
3541,70,821
3541,71,725
3541,72,614
3541,73,883
3541,74,851
3541,75,808
3541,76,713
3541,77,776
3541,78,907
3541,79,810
3541,80,586
3542,41,1006
3542,42,310
3542,43,74
3542,44,72
3542,45,109
3542,46,146
3542,47,278
3542,48,223
3542,49,378
3542,50,968
3542,51,51
3542,52,113
3542,53,505
3542,54,409
3542,55,277
3542,56,393
3542,57,94
3542,58,362
3542,59,1001
3542,60,336
3542,61,63
3542,62,771
3542,63,9
3542,64,240
3542,65,486
3542,66,74
3542,67,209
3542,68,144
3542,69,79
3542,70,142
3542,71,142
3542,72,80
3542,73,142
3542,74,142
3542,75,176
3542,76,109
3542,77,530
3542,78,275
3542,79,242
3542,80,338
3543,41,891
3543,42,209
3543,43,575
3543,44,346
3543,45,279
3543,46,182
3543,47,561
3543,48,245
3543,49,245
3543,50,375
3543,51,276
3543,52,336
3543,53,365
3543,54,393
3543,55,365
3543,56,395
3543,57,336
3543,58,350
3543,59,57
3543,60,396
3543,61,143
3543,62,95
3543,63,343
3543,64,279
3543,65,452
3543,66,312
3543,67,312
3543,68,279
3543,69,91
3543,70,814
3543,71,90
3543,72,92
3543,73,59
3543,74,59
3543,75,384
3543,76,246
3543,77,394
3543,78,394
3543,79,366
3543,80,396
3544,41,578
3544,42,256
3544,43,225
3544,44,393
3544,45,431
3544,46,367
3544,47,4
3544,48,394
3544,49,236
3544,50,235
3544,51,423
3544,52,423
3544,53,332
3544,54,941
3544,55,779
3544,56,782
3544,57,626
3544,58,597
3544,59,172
3544,60,717
3544,61,84
3544,62,187
3544,63,745
3544,64,681
3544,65,552
3544,66,88
3544,67,358
3544,68,135
3544,69,134
3544,70,820
3544,71,268
3544,72,204
3544,73,307
3544,74,104
3544,75,2
3544,76,70
3544,77,235
3544,78,237
3544,79,493
3544,80,717
3545,41,730
3545,42,122
3545,43,695
3545,44,886
3545,45,855
3545,46,47
3545,47,584
3545,48,284
3545,49,660
3545,50,785
3545,51,785
3545,52,1002
3545,53,1004
3545,54,973
3545,55,911
3545,56,941
3545,57,121
3545,58,875
3545,59,908
3545,60,1007
3545,61,717
3545,62,414
3545,63,695
3545,64,792
3545,65,727
3545,66,430
3545,67,892
3545,68,892
3545,69,568
3545,70,857
3545,71,518
3545,72,180
3545,73,700
3545,74,702
3545,75,732
3545,76,701
3545,77,700
3545,78,732
3545,79,794
3545,80,729
3546,41,148
3546,42,94
3546,43,305
3546,44,272
3546,45,208
3546,46,240
3546,47,272
3546,48,210
3546,49,240
3546,50,272
3546,51,273
3546,52,210
3546,53,143
3546,54,273
3546,55,241
3546,56,242
3546,57,147
3546,58,112
3546,59,176
3546,60,211
3546,61,606
3546,62,307
3546,63,170
3546,64,104
3546,65,756
3546,66,405
3546,67,102
3546,68,102
3546,69,70
3546,70,5
3546,71,34
3546,72,70
3546,73,70
3546,74,70
3546,75,70
3546,76,2
3546,77,285
3546,78,235
3546,79,735
3546,80,102
3547,41,583
3547,42,251
3547,43,409
3547,44,255
3547,45,223
3547,46,288
3547,47,284
3547,48,286
3547,49,285
3547,50,152
3547,51,315
3547,52,250
3547,53,249
3547,54,217
3547,55,441
3547,56,602
3547,57,925
3547,58,536
3547,59,599
3547,60,782
3547,61,107
3547,62,178
3547,63,607
3547,64,339
3547,65,602
3547,66,695
3547,67,479
3547,68,478
3547,69,476
3547,70,443
3547,71,544
3547,72,544
3547,73,798
3547,74,640
3547,75,638
3547,76,640
3547,77,480
3547,78,410
3547,79,410
3547,80,916
3548,41,21
3548,42,968
3548,43,634
3548,44,12
3548,45,506
3548,46,538
3548,47,506
3548,48,470
3548,49,378
3548,50,20
3548,51,150
3548,52,513
3548,53,215
3548,54,216
3548,55,182
3548,56,183
3548,57,183
3548,58,183
3548,59,117
3548,60,620
3548,61,923
3548,62,48
3548,63,499
3548,64,306
3548,65,403
3548,66,365
3548,67,306
3548,68,246
3548,69,309
3548,70,5
3548,71,67
3548,72,323
3548,73,481
3548,74,517
3548,75,485
3548,76,451
3548,77,481
3548,78,450
3548,79,421
3548,80,385
3549,41,388
3549,42,662
3549,43,45
3549,44,12
3549,45,286
3549,46,72
3549,47,75
3549,48,830
3549,49,36
3549,50,519
3549,51,40
3549,52,102
3549,53,374
3549,54,102
3549,55,102
3549,56,102
3549,57,102
3549,58,197
3549,59,188
3549,60,612
3549,61,792
3549,62,987
3549,63,480
3549,64,70
3549,65,2
3549,66,67
3549,67,66
3549,68,736
3549,69,35
3549,70,35
3549,71,35
3549,72,862
3549,73,1
3549,74,277
3549,75,2
3549,76,354
3549,77,370
3549,78,106
3549,79,72
3549,80,205
3550,41,371
3550,42,397
3550,43,237
3550,44,36
3550,45,309
3550,46,849
3550,47,37
3550,48,37
3550,49,4
3550,50,5
3550,51,503
3550,52,137
3550,53,3
3550,54,530
3550,55,237
3550,56,307
3550,57,879
3550,58,237
3550,59,237
3550,60,237
3550,61,728
3550,62,429
3550,63,349
3550,64,137
3550,65,36
3550,66,67
3550,67,36
3550,68,292
3550,69,35
3550,70,178
3550,71,104
3550,72,71
3550,73,136
3550,74,70
3550,75,69
3550,76,197
3550,77,259
3550,78,357
3550,79,259
3550,80,195
3551,41,175
3551,42,106
3551,43,280
3551,44,432
3551,45,398
3551,46,398
3551,47,933
3551,48,425
3551,49,158
3551,50,421
3551,51,426
3551,52,470
3551,53,711
3551,54,470
3551,55,68
3551,56,454
3551,57,806
3551,58,421
3551,59,614
3551,60,389
3551,61,286
3551,62,879
3551,63,129
3551,64,97
3551,65,129
3551,66,130
3551,67,99
3551,68,195
3551,69,99
3551,70,611
3551,71,68
3551,72,68
3551,73,259
3551,74,195
3551,75,165
3551,76,389
3551,77,456
3551,78,53
3551,79,295
3551,80,295
3552,41,375
3552,42,217
3552,43,20
3552,44,50
3552,45,81
3552,46,115
3552,47,115
3552,48,110
3552,49,293
3552,50,141
3552,51,205
3552,52,206
3552,53,140
3552,54,6
3552,55,138
3552,56,106
3552,57,41
3552,58,9
3552,59,9
3552,60,108
3552,61,502
3552,62,221
3552,63,181
3552,64,295
3552,65,382
3552,66,50
3552,67,79
3552,68,141
3552,69,141
3552,70,976
3552,71,108
3552,72,4
3552,73,139
3552,74,76
3552,75,171
3552,76,108
3552,77,141
3552,78,138
3552,79,74
3552,80,42
3553,41,798
3553,42,127
3553,43,819
3553,44,712
3553,45,1012
3553,46,488
3553,47,683
3553,48,683
3553,49,130
3553,50,712
3553,51,961
3553,52,649
3553,53,681
3553,54,584
3553,55,488
3553,56,681
3553,57,359
3553,58,232
3553,59,760
3553,60,199
3553,61,710
3553,62,455
3553,63,779
3553,64,779
3553,65,66
3553,66,748
3553,67,779
3553,68,904
3553,69,1009
3553,70,941
3553,71,808
3553,72,257
3553,73,488
3553,74,295
3553,75,773
3553,76,41
3553,77,134
3553,78,835
3553,79,167
3553,80,69
3554,41,974
3554,42,894
3554,43,345
3554,44,348
3554,45,248
3554,46,248
3554,47,415
3554,48,381
3554,49,628
3554,50,345
3554,51,348
3554,52,380
3554,53,381
3554,54,344
3554,55,441
3554,56,474
3554,57,542
3554,58,635
3554,59,638
3554,60,770
3554,61,323
3554,62,955
3554,63,439
3554,64,158
3554,65,280
3554,66,938
3554,67,720
3554,68,765
3554,69,345
3554,70,312
3554,71,374
3554,72,307
3554,73,309
3554,74,540
3554,75,574
3554,76,297
3554,77,443
3554,78,376
3554,79,443
3554,80,476
3555,41,762
3555,42,399
3555,43,909
3555,44,634
3555,45,442
3555,46,700
3555,47,570
3555,48,700
3555,49,830
3555,50,732
3555,51,562
3555,52,380
3555,53,229
3555,54,733
3555,55,986
3555,56,733
3555,57,798
3555,58,700
3555,59,570
3555,60,862
3555,61,956
3555,62,442
3555,63,473
3555,64,316
3555,65,16
3555,66,279
3555,67,104
3555,68,667
3555,69,437
3555,70,434
3555,71,389
3555,72,426
3555,73,698
3555,74,425
3555,75,423
3555,76,841
3555,77,428
3555,78,298
3555,79,298
3555,80,428
3556,41,936
3556,42,953
3556,43,67
3556,44,67
3556,45,5
3556,46,609
3556,47,5
3556,48,522
3556,49,677
3556,50,67
3556,51,635
3556,52,67
3556,53,131
3556,54,67
3556,55,131
3556,56,131
3556,57,131
3556,58,595
3556,59,593
3556,60,155
3556,61,836
3556,62,816
3556,63,450
3556,64,67
3556,65,136
3556,66,991
3556,67,100
3556,68,100
3556,69,535
3556,70,780
3556,71,100
3556,72,318
3556,73,100
3556,74,67
3556,75,207
3556,76,131
3556,77,5
3556,78,68
3556,79,68
3556,80,68
3557,41,553
3557,42,215
3557,43,852
3557,44,649
3557,45,969
3557,46,745
3557,47,681
3557,48,712
3557,49,718
3557,50,282
3557,51,594
3557,52,786
3557,53,692
3557,54,501
3557,55,424
3557,56,422
3557,57,1020
3557,58,289
3557,59,164
3557,60,420
3557,61,910
3557,62,766
3557,63,743
3557,64,743
3557,65,737
3557,66,978
3557,67,769
3557,68,609
3557,69,422
3557,70,937
3557,71,422
3557,72,426
3557,73,434
3557,74,440
3557,75,470
3557,76,467
3557,77,467
3557,78,506
3557,79,264
3557,80,471
3558,41,6
3558,42,375
3558,43,143
3558,44,36
3558,45,104
3558,46,170
3558,47,487
3558,48,170
3558,49,260
3558,50,139
3558,51,392
3558,52,16
3558,53,48
3558,54,48
3558,55,110
3558,56,115
3558,57,110
3558,58,136
3558,59,173
3558,60,140
3558,61,753
3558,62,55
3558,63,633
3558,64,99
3558,65,323
3558,66,321
3558,67,467
3558,68,422
3558,69,422
3558,70,450
3558,71,322
3558,72,195
3558,73,35
3558,74,742
3558,75,259
3558,76,359
3558,77,552
3558,78,295
3558,79,164
3558,80,36
3559,41,942
3559,42,684
3559,43,248
3559,44,49
3559,45,144
3559,46,318
3559,47,179
3559,48,79
3559,49,109
3559,50,111
3559,51,39
3559,52,74
3559,53,79
3559,54,541
3559,55,109
3559,56,10
3559,57,11
3559,58,852
3559,59,103
3559,60,15
3559,61,938
3559,62,595
3559,63,396
3559,64,331
3559,65,299
3559,66,120
3559,67,1004
3559,68,139
3559,69,139
3559,70,108
3559,71,110
3559,72,109
3559,73,107
3559,74,408
3559,75,383
3559,76,179
3559,77,147
3559,78,698
3559,79,113
3559,80,50
3560,41,918
3560,42,792
3560,43,189
3560,44,250
3560,45,181
3560,46,117
3560,47,164
3560,48,118
3560,49,181
3560,50,182
3560,51,185
3560,52,95
3560,53,94
3560,54,28
3560,55,855
3560,56,213
3560,57,82
3560,58,147
3560,59,82
3560,60,880
3560,61,74
3560,62,647
3560,63,482
3560,64,311
3560,65,248
3560,66,280
3560,67,313
3560,68,874
3560,69,182
3560,70,122
3560,71,184
3560,72,180
3560,73,628
3560,74,180
3560,75,212
3560,76,212
3560,77,975
3560,78,122
3560,79,174
3560,80,118
3561,41,541
3561,42,851
3561,43,713
3561,44,15
3561,45,370
3561,46,306
3561,47,401
3561,48,203
3561,49,18
3561,50,587
3561,51,267
3561,52,403
3561,53,243
3561,54,275
3561,55,309
3561,56,170
3561,57,271
3561,58,558
3561,59,70
3561,60,164
3561,61,938
3561,62,567
3561,63,535
3561,64,12
3561,65,761
3561,66,310
3561,67,12
3561,68,204
3561,69,270
3561,70,276
3561,71,408
3561,72,276
3561,73,202
3561,74,65
3561,75,203
3561,76,438
3561,77,203
3561,78,882
3561,79,306
3561,80,306
3562,41,484
3562,42,854
3562,43,275
3562,44,267
3562,45,236
3562,46,170
3562,47,238
3562,48,1011
3562,49,309
3562,50,169
3562,51,667
3562,52,271
3562,53,728
3562,54,195
3562,55,226
3562,56,258
3562,57,258
3562,58,99
3562,59,70
3562,60,36
3562,61,828
3562,62,848
3562,63,118
3562,64,585
3562,65,732
3562,66,150
3562,67,183
3562,68,895
3562,69,247
3562,70,211
3562,71,337
3562,72,402
3562,73,467
3562,74,503
3562,75,534
3562,76,534
3562,77,503
3562,78,402
3562,79,338
3562,80,434
3563,41,550
3563,42,647
3563,43,645
3563,44,369
3563,45,873
3563,46,841
3563,47,869
3563,48,967
3563,49,936
3563,50,775
3563,51,657
3563,52,782
3563,53,719
3563,54,618
3563,55,843
3563,56,562
3563,57,492
3563,58,523
3563,59,527
3563,60,494
3563,61,367
3563,62,996
3563,63,60
3563,64,91
3563,65,183
3563,66,216
3563,67,247
3563,68,312
3563,69,925
3563,70,409
3563,71,344
3563,72,285
3563,73,288
3563,74,285
3563,75,222
3563,76,218
3563,77,94
3563,78,94
3563,79,122
3563,80,60
3564,41,723
3564,42,934
3564,43,1004
3564,44,750
3564,45,1003
3564,46,723
3564,47,660
3564,48,786
3564,49,755
3564,50,660
3564,51,756
3564,52,1014
3564,53,856
3564,54,964
3564,55,456
3564,56,952
3564,57,984
3564,58,985
3564,59,919
3564,60,918
3564,61,197
3564,62,1001
3564,63,848
3564,64,942
3564,65,974
3564,66,786
3564,67,693
3564,68,757
3564,69,960
3564,70,754
3564,71,594
3564,72,592
3564,73,685
3564,74,592
3564,75,652
3564,76,528
3564,77,32
3564,78,70
3564,79,754
3564,80,799
3565,41,395
3565,42,177
3565,43,740
3565,44,674
3565,45,704
3565,46,481
3565,47,610
3565,48,421
3565,49,358
3565,50,946
3565,51,421
3565,52,451
3565,53,450
3565,54,420
3565,55,649
3565,56,422
3565,57,422
3565,58,323
3565,59,424
3565,60,647
3565,61,741
3565,62,533
3565,63,238
3565,64,304
3565,65,37
3565,66,467
3565,67,236
3565,68,267
3565,69,859
3565,70,309
3565,71,304
3565,72,309
3565,73,344
3565,74,344
3565,75,44
3565,76,276
3565,77,276
3565,78,209
3565,79,276
3565,80,308
3566,41,655
3566,42,757
3566,43,386
3566,44,290
3566,45,354
3566,46,450
3566,47,525
3566,48,365
3566,49,345
3566,50,478
3566,51,313
3566,52,368
3566,53,375
3566,54,890
3566,55,182
3566,56,248
3566,57,149
3566,58,271
3566,59,475
3566,60,510
3566,61,848
3566,62,312
3566,63,69
3566,64,747
3566,65,3
3566,66,33
3566,67,3
3566,68,69
3566,69,391
3566,70,610
3566,71,456
3566,72,422
3566,73,425
3566,74,426
3566,75,513
3566,76,323
3566,77,355
3566,78,920
3566,79,29
3566,80,322
3567,41,585
3567,42,494
3567,43,562
3567,44,506
3567,45,404
3567,46,406
3567,47,405
3567,48,374
3567,49,41
3567,50,279
3567,51,414
3567,52,1007
3567,53,343
3567,54,311
3567,55,343
3567,56,245
3567,57,438
3567,58,278
3567,59,278
3567,60,312
3567,61,246
3567,62,877
3567,63,529
3567,64,558
3567,65,559
3567,66,461
3567,67,525
3567,68,480
3567,69,650
3567,70,587
3567,71,618
3567,72,928
3567,73,311
3567,74,13
3567,75,527
3567,76,924
3567,77,532
3567,78,518
3567,79,530
3567,80,530
3568,41,376
3568,42,496
3568,43,917
3568,44,102
3568,45,306
3568,46,306
3568,47,306
3568,48,306
3568,49,203
3568,50,170
3568,51,170
3568,52,468
3568,53,173
3568,54,902
3568,55,473
3568,56,168
3568,57,139
3568,58,139
3568,59,140
3568,60,955
3568,61,946
3568,62,78
3568,63,201
3568,64,82
3568,65,744
3568,66,744
3568,67,744
3568,68,945
3568,69,742
3568,70,742
3568,71,577
3568,72,452
3568,73,450
3568,74,450
3568,75,451
3568,76,391
3568,77,450
3568,78,545
3568,79,852
3568,80,58
3569,41,395
3569,42,304
3569,43,356
3569,44,223
3569,45,101
3569,46,133
3569,47,877
3569,48,101
3569,49,69
3569,50,36
3569,51,291
3569,52,324
3569,53,422
3569,54,421
3569,55,551
3569,56,162
3569,57,199
3569,58,133
3569,59,195
3569,60,195
3569,61,80
3569,62,1023
3569,63,36
3569,64,4
3569,65,3
3569,66,203
3569,67,71
3569,68,8
3569,69,8
3569,70,41
3569,71,8
3569,72,938
3569,73,39
3569,74,327
3569,75,464
3569,76,361
3569,77,808
3569,78,364
3569,79,302
3569,80,302
3570,41,983
3570,42,351
3570,43,287
3570,44,203
3570,45,333
3570,46,203
3570,47,237
3570,48,272
3570,49,241
3570,50,762
3570,51,529
3570,52,147
3570,53,50
3570,54,300
3570,55,147
3570,56,181
3570,57,515
3570,58,498
3570,59,18
3570,60,82
3570,61,786
3570,62,277
3570,63,277
3570,64,276
3570,65,176
3570,66,632
3570,67,437
3570,68,267
3570,69,404
3570,70,342
3570,71,342
3570,72,273
3570,73,273
3570,74,272
3570,75,236
3570,76,304
3570,77,18
3570,78,466
3570,79,71
3570,80,71
3571,41,763
3571,42,779
3571,43,132
3571,44,164
3571,45,132
3571,46,164
3571,47,848
3571,48,164
3571,49,251
3571,50,166
3571,51,413
3571,52,167
3571,53,166
3571,54,168
3571,55,110
3571,56,103
3571,57,103
3571,58,170
3571,59,170
3571,60,170
3571,61,469
3571,62,288
3571,63,137
3571,64,165
3571,65,199
3571,66,53
3571,67,133
3571,68,162
3571,69,164
3571,70,133
3571,71,872
3571,72,422
3571,73,60
3571,74,809
3571,75,199
3571,76,199
3571,77,137
3571,78,327
3571,79,358
3571,80,264
3572,41,580
3572,42,141
3572,43,732
3572,44,509
3572,45,479
3572,46,477
3572,47,412
3572,48,611
3572,49,542
3572,50,608
3572,51,544
3572,52,443
3572,53,506
3572,54,343
3572,55,350
3572,56,242
3572,57,309
3572,58,306
3572,59,406
3572,60,243
3572,61,471
3572,62,871
3572,63,429
3572,64,431
3572,65,471
3572,66,559
3572,67,395
3572,68,365
3572,69,335
3572,70,336
3572,71,336
3572,72,392
3572,73,520
3572,74,326
3572,75,167
3572,76,34
3572,77,140
3572,78,546
3572,79,1
3572,80,70
3573,41,179
3573,42,69
3573,43,1004
3573,44,378
3573,45,345
3573,46,629
3573,47,603
3573,48,255
3573,49,379
3573,50,414
3573,51,348
3573,52,281
3573,53,279
3573,54,794
3573,55,809
3573,56,503
3573,57,250
3573,58,288
3573,59,190
3573,60,221
3573,61,246
3573,62,697
3573,63,863
3573,64,928
3573,65,819
3573,66,992
3573,67,798
3573,68,928
3573,69,634
3573,70,472
3573,71,466
3573,72,470
3573,73,670
3573,74,410
3573,75,128
3573,76,153
3573,77,244
3573,78,337
3573,79,311
3573,80,311
3574,41,1017
3574,42,735
3574,43,323
3574,44,195
3574,45,354
3574,46,645
3574,47,421
3574,48,481
3574,49,647
3574,50,621
3574,51,706
3574,52,620
3574,53,622
3574,54,621
3574,55,595
3574,56,597
3574,57,634
3574,58,952
3574,59,570
3574,60,667
3574,61,730
3574,62,133
3574,63,548
3574,64,613
3574,65,611
3574,66,548
3574,67,950
3574,68,145
3574,69,454
3574,70,313
3574,71,449
3574,72,452
3574,73,99
3574,74,385
3574,75,953
3574,76,385
3574,77,421
3574,78,454
3574,79,375
3574,80,577
3575,41,837
3575,42,590
3575,43,797
3575,44,699
3575,45,596
3575,46,855
3575,47,890
3575,48,516
3575,49,1024
3575,50,960
3575,51,1023
3575,52,360
3575,53,928
3575,54,656
3575,55,639
3575,56,537
3575,57,532
3575,58,535
3575,59,535
3575,60,596
3575,61,530
3575,62,581
3575,63,537
3575,64,537
3575,65,537
3575,66,537
3575,67,537
3575,68,537
3575,69,598
3575,70,629
3575,71,183
3575,72,135
3575,73,657
3575,74,626
3575,75,565
3575,76,200
3575,77,535
3575,78,564
3575,79,717
3575,80,563
3576,41,293
3576,42,353
3576,43,941
3576,44,636
3576,45,105
3576,46,105
3576,47,613
3576,48,105
3576,49,105
3576,50,321
3576,51,693
3576,52,300
3576,53,105
3576,54,105
3576,55,484
3576,56,105
3576,57,105
3576,58,105
3576,59,105
3576,60,105
3576,61,183
3576,62,170
3576,63,813
3576,64,752
3576,65,719
3576,66,566
3576,67,208
3576,68,626
3576,69,688
3576,70,843
3576,71,873
3576,72,870
3576,73,968
3576,74,873
3576,75,873
3576,76,935
3576,77,871
3576,78,838
3576,79,435
3576,80,773
3577,41,401
3577,42,1017
3577,43,337
3577,44,337
3577,45,305
3577,46,270
3577,47,270
3577,48,336
3577,49,926
3577,50,1018
3577,51,804
3577,52,407
3577,53,277
3577,54,270
3577,55,104
3577,56,173
3577,57,774
3577,58,305
3577,59,271
3577,60,276
3577,61,759
3577,62,33
3577,63,307
3577,64,244
3577,65,627
3577,66,305
3577,67,271
3577,68,376
3577,69,249
3577,70,277
3577,71,237
3577,72,443
3577,73,376
3577,74,451
3577,75,374
3577,76,271
3577,77,407
3577,78,242
3577,79,271
3577,80,342
3578,41,742
3578,42,919
3578,43,618
3578,44,489
3578,45,745
3578,46,809
3578,47,745
3578,48,809
3578,49,649
3578,50,681
3578,51,875
3578,52,941
3578,53,908
3578,54,486
3578,55,681
3578,56,660
3578,57,518
3578,58,580
3578,59,676
3578,60,278
3578,61,473
3578,62,163
3578,63,809
3578,64,659
3578,65,966
3578,66,998
3578,67,310
3578,68,812
3578,69,967
3578,70,967
3578,71,511
3578,72,966
3578,73,997
3578,74,843
3578,75,875
3578,76,692
3578,77,922
3578,78,696
3578,79,568
3578,80,395
3579,41,630
3579,42,797
3579,43,108
3579,44,72
3579,45,75
3579,46,110
3579,47,110
3579,48,41
3579,49,74
3579,50,41
3579,51,9
3579,52,41
3579,53,853
3579,54,66
3579,55,162
3579,56,166
3579,57,198
3579,58,169
3579,59,162
3579,60,199
3579,61,750
3579,62,77
3579,63,211
3579,64,627
3579,65,213
3579,66,214
3579,67,600
3579,68,263
3579,69,244
3579,70,276
3579,71,209
3579,72,177
3579,73,101
3579,74,181
3579,75,209
3579,76,165
3579,77,1019
3579,78,143
3579,79,108
3579,80,173
3580,41,388
3580,42,279
3580,43,455
3580,44,586
3580,45,173
3580,46,523
3580,47,494
3580,48,494
3580,49,528
3580,50,849
3580,51,530
3580,52,563
3580,53,530
3580,54,530
3580,55,561
3580,56,407
3580,57,437
3580,58,642
3580,59,425
3580,60,810
3580,61,538
3580,62,283
3580,63,626
3580,64,383
3580,65,389
3580,66,332
3580,67,422
3580,68,386
3580,69,451
3580,70,386
3580,71,421
3580,72,745
3580,73,243
3580,74,200
3580,75,296
3580,76,330
3580,77,491
3580,78,202
3580,79,95
3580,80,167
3581,41,338
3581,42,168
3581,43,843
3581,44,274
3581,45,275
3581,46,467
3581,47,431
3581,48,879
3581,49,737
3581,50,588
3581,51,469
3581,52,922
3581,53,537
3581,54,505
3581,55,877
3581,56,431
3581,57,529
3581,58,617
3581,59,619
3581,60,372
3581,61,287
3581,62,947
3581,63,439
3581,64,478
3581,65,476
3581,66,540
3581,67,472
3581,68,830
3581,69,505
3581,70,374
3581,71,278
3581,72,279
3581,73,279
3581,74,257
3581,75,932
3581,76,666
3581,77,883
3581,78,537
3581,79,473
3581,80,410
3582,41,668
3582,42,520
3582,43,815
3582,44,604
3582,45,666
3582,46,506
3582,47,506
3582,48,538
3582,49,830
3582,50,116
3582,51,862
3582,52,634
3582,53,960
3582,54,941
3582,55,896
3582,56,895
3582,57,895
3582,58,488
3582,59,735
3582,60,735
3582,61,594
3582,62,813
3582,63,732
3582,64,703
3582,65,763
3582,66,825
3582,67,442
3582,68,699
3582,69,928
3582,70,928
3582,71,732
3582,72,928
3582,73,895
3582,74,1024
3582,75,830
3582,76,896
3582,77,538
3582,78,634
3582,79,667
3582,80,825
3583,41,673
3583,42,144
3583,43,682
3583,44,809
3583,45,849
3583,46,847
3583,47,817
3583,48,719
3583,49,817
3583,50,786
3583,51,823
3583,52,1007
3583,53,603
3583,54,1003
3583,55,942
3583,56,904
3583,57,903
3583,58,966
3583,59,1000
3583,60,363
3583,61,665
3583,62,390
3583,63,596
3583,64,831
3583,65,210
3583,66,143
3583,67,143
3583,68,241
3583,69,143
3583,70,176
3583,71,952
3583,72,429
3583,73,473
3583,74,504
3583,75,951
3583,76,534
3583,77,504
3583,78,471
3583,79,370
3583,80,276
3584,41,677
3584,42,246
3584,43,275
3584,44,389
3584,45,365
3584,46,390
3584,47,134
3584,48,326
3584,49,294
3584,50,433
3584,51,423
3584,52,163
3584,53,346
3584,54,67
3584,55,105
3584,56,137
3584,57,203
3584,58,418
3584,59,411
3584,60,203
3584,61,802
3584,62,455
3584,63,149
3584,64,392
3584,65,409
3584,66,428
3584,67,306
3584,68,578
3584,69,271
3584,70,730
3584,71,305
3584,72,202
3584,73,101
3584,74,36
3584,75,104
3584,76,600
3584,77,171
3584,78,331
3584,79,331
3584,80,331
3585,41,728
3585,42,7
3585,43,264
3585,44,164
3585,45,162
3585,46,587
3585,47,526
3585,48,168
3585,49,998
3585,50,168
3585,51,163
3585,52,165
3585,53,161
3585,54,163
3585,55,138
3585,56,136
3585,57,103
3585,58,216
3585,59,1005
3585,60,429
3585,61,376
3585,62,178
3585,63,738
3585,64,236
3585,65,173
3585,66,899
3585,67,203
3585,68,83
3585,69,168
3585,70,138
3585,71,138
3585,72,169
3585,73,1006
3585,74,7
3585,75,273
3585,76,208
3585,77,208
3585,78,495
3585,79,678
3585,80,137
3586,41,535
3586,42,445
3586,43,408
3586,44,299
3586,45,170
3586,46,548
3586,47,271
3586,48,202
3586,49,169
3586,50,169
3586,51,71
3586,52,70
3586,53,70
3586,54,720
3586,55,140
3586,56,136
3586,57,136
3586,58,136
3586,59,136
3586,60,69
3586,61,176
3586,62,948
3586,63,233
3586,64,363
3586,65,363
3586,66,236
3586,67,169
3586,68,204
3586,69,331
3586,70,331
3586,71,835
3586,72,138
3586,73,138
3586,74,138
3586,75,202
3586,76,272
3586,77,240
3586,78,173
3586,79,909
3586,80,69
3587,41,167
3587,42,413
3587,43,683
3587,44,653
3587,45,717
3587,46,717
3587,47,722
3587,48,428
3587,49,1000
3587,50,428
3587,51,428
3587,52,424
3587,53,420
3587,54,452
3587,55,295
3587,56,446
3587,57,670
3587,58,713
3587,59,936
3587,60,842
3587,61,3
3587,62,54
3587,63,1004
3587,64,669
3587,65,1007
3587,66,751
3587,67,785
3587,68,785
3587,69,718
3587,70,935
3587,71,681
3587,72,727
3587,73,841
3587,74,240
3587,75,552
3587,76,488
3587,77,552
3587,78,552
3587,79,232
3587,80,167
3588,41,60
3588,42,795
3588,43,409
3588,44,575
3588,45,640
3588,46,667
3588,47,668
3588,48,797
3588,49,895
3588,50,960
3588,51,859
3588,52,890
3588,53,607
3588,54,334
3588,55,718
3588,56,688
3588,57,565
3588,58,210
3588,59,405
3588,60,474
3588,61,373
3588,62,313
3588,63,478
3588,64,510
3588,65,410
3588,66,473
3588,67,469
3588,68,197
3588,69,212
3588,70,275
3588,71,211
3588,72,179
3588,73,173
3588,74,108
3588,75,863
3588,76,205
3588,77,110
3588,78,111
3588,79,111
3588,80,804
3589,41,318
3589,42,403
3589,43,328
3589,44,109
3589,45,232
3589,46,660
3589,47,390
3589,48,290
3589,49,323
3589,50,427
3589,51,473
3589,52,569
3589,53,569
3589,54,361
3589,55,466
3589,56,718
3589,57,406
3589,58,109
3589,59,437
3589,60,342
3589,61,412
3589,62,725
3589,63,109
3589,64,101
3589,65,73
3589,66,60
3589,67,2
3589,68,1
3589,69,70
3589,70,36
3589,71,69
3589,72,40
3589,73,70
3589,74,3
3589,75,883
3589,76,3
3589,77,69
3589,78,69
3589,79,36
3589,80,3
3590,41,765
3590,42,309
3590,43,903
3590,44,903
3590,45,898
3590,46,899
3590,47,899
3590,48,775
3590,49,899
3590,50,606
3590,51,651
3590,52,898
3590,53,868
3590,54,898
3590,55,898
3590,56,899
3590,57,899
3590,58,899
3590,59,899
3590,60,868
3590,61,396
3590,62,203
3590,63,837
3590,64,808
3590,65,805
3590,66,773
3590,67,808
3590,68,742
3590,69,769
3590,70,769
3590,71,404
3590,72,738
3590,73,709
3590,74,750
3590,75,647
3590,76,270
3590,77,682
3590,78,743
3590,79,420
3590,80,264
3591,41,697
3591,42,381
3591,43,285
3591,44,287
3591,45,315
3591,46,154
3591,47,154
3591,48,216
3591,49,154
3591,50,508
3591,51,91
3591,52,216
3591,53,216
3591,54,250
3591,55,378
3591,56,696
3591,57,222
3591,58,316
3591,59,223
3591,60,285
3591,61,373
3591,62,364
3591,63,174
3591,64,441
3591,65,799
3591,66,344
3591,67,240
3591,68,52
3591,69,215
3591,70,343
3591,71,345
3591,72,343
3591,73,85
3591,74,215
3591,75,175
3591,76,255
3591,77,348
3591,78,348
3591,79,312
3591,80,215
3592,41,772
3592,42,838
3592,43,814
3592,44,36
3592,45,131
3592,46,445
3592,47,676
3592,48,164
3592,49,227
3592,50,208
3592,51,323
3592,52,106
3592,53,439
3592,54,885
3592,55,345
3592,56,409
3592,57,411
3592,58,816
3592,59,50
3592,60,82
3592,61,299
3592,62,843
3592,63,36
3592,64,37
3592,65,432
3592,66,323
3592,67,426
3592,68,396
3592,69,290
3592,70,390
3592,71,520
3592,72,488
3592,73,361
3592,74,480
3592,75,248
3592,76,116
3592,77,559
3592,78,20
3592,79,313
3592,80,116
3593,41,236
3593,42,675
3593,43,390
3593,44,391
3593,45,391
3593,46,930
3593,47,436
3593,48,468
3593,49,469
3593,50,279
3593,51,563
3593,52,182
3593,53,150
3593,54,215
3593,55,251
3593,56,188
3593,57,185
3593,58,185
3593,59,54
3593,60,22
3593,61,413
3593,62,298
3593,63,226
3593,64,226
3593,65,322
3593,66,390
3593,67,497
3593,68,33
3593,69,671
3593,70,464
3593,71,430
3593,72,625
3593,73,432
3593,74,497
3593,75,497
3593,76,465
3593,77,497
3593,78,496
3593,79,432
3593,80,425
3594,41,262
3594,42,346
3594,43,167
3594,44,882
3594,45,264
3594,46,167
3594,47,167
3594,48,168
3594,49,489
3594,50,927
3594,51,238
3594,52,2
3594,53,717
3594,54,101
3594,55,3
3594,56,170
3594,57,162
3594,58,888
3594,59,422
3594,60,135
3594,61,907
3594,62,732
3594,63,674
3594,64,199
3594,65,199
3594,66,249
3594,67,453
3594,68,249
3594,69,68
3594,70,68
3594,71,264
3594,72,265
3594,73,265
3594,74,804
3594,75,203
3594,76,137
3594,77,365
3594,78,361
3594,79,361
3594,80,365
3595,41,865
3595,42,800
3595,43,570
3595,44,570
3595,45,347
3595,46,316
3595,47,377
3595,48,348
3595,49,348
3595,50,345
3595,51,441
3595,52,281
3595,53,684
3595,54,377
3595,55,281
3595,56,661
3595,57,377
3595,58,379
3595,59,313
3595,60,280
3595,61,841
3595,62,668
3595,63,570
3595,64,927
3595,65,608
3595,66,634
3595,67,860
3595,68,601
3595,69,536
3595,70,567
3595,71,324
3595,72,594
3595,73,566
3595,74,634
3595,75,702
3595,76,354
3595,77,733
3595,78,700
3595,79,696
3595,80,417
3596,41,221
3596,42,168
3596,43,568
3596,44,846
3596,45,389
3596,46,692
3596,47,788
3596,48,789
3596,49,623
3596,50,852
3596,51,848
3596,52,920
3596,53,859
3596,54,923
3596,55,859
3596,56,782
3596,57,765
3596,58,476
3596,59,476
3596,60,472
3596,61,243
3596,62,632
3596,63,671
3596,64,567
3596,65,566
3596,66,473
3596,67,186
3596,68,939
3596,69,807
3596,70,473
3596,71,103
3596,72,765
3596,73,279
3596,74,598
3596,75,505
3596,76,633
3596,77,797
3596,78,1006
3596,79,601
3596,80,634
3597,41,831
3597,42,613
3597,43,464
3597,44,563
3597,45,559
3597,46,620
3597,47,592
3597,48,623
3597,49,623
3597,50,653
3597,51,748
3597,52,717
3597,53,713
3597,54,683
3597,55,149
3597,56,779
3597,57,1002
3597,58,685
3597,59,911
3597,60,676
3597,61,803
3597,62,212
3597,63,557
3597,64,124
3597,65,139
3597,66,612
3597,67,610
3597,68,707
3597,69,449
3597,70,725
3597,71,517
3597,72,518
3597,73,550
3597,74,486
3597,75,423
3597,76,386
3597,77,450
3597,78,421
3597,79,390
3597,80,357
3598,41,433
3598,42,876
3598,43,422
3598,44,968
3598,45,417
3598,46,356
3598,47,810
3598,48,289
3598,49,322
3598,50,289
3598,51,481
3598,52,291
3598,53,324
3598,54,232
3598,55,103
3598,56,488
3598,57,104
3598,58,67
3598,59,35
3598,60,736
3598,61,190
3598,62,1024
3598,63,451
3598,64,449
3598,65,481
3598,66,481
3598,67,545
3598,68,452
3598,69,423
3598,70,227
3598,71,549
3598,72,628
3598,73,385
3598,74,133
3598,75,163
3598,76,162
3598,77,164
3598,78,198
3598,79,165
3598,80,168
3599,41,233
3599,42,811
3599,43,703
3599,44,268
3599,45,700
3599,46,729
3599,47,287
3599,48,794
3599,49,334
3599,50,765
3599,51,861
3599,52,830
3599,53,23
3599,54,825
3599,55,827
3599,56,763
3599,57,825
3599,58,856
3599,59,759
3599,60,758
3599,61,773
3599,62,548
3599,63,729
3599,64,506
3599,65,699
3599,66,298
3599,67,46
3599,68,823
3599,69,856
3599,70,480
3599,71,732
3599,72,663
3599,73,731
3599,74,825
3599,75,951
3599,76,322
3599,77,951
3599,78,362
3599,79,1012
3599,80,398
3600,41,507
3600,42,563
3600,43,36
3600,44,101
3600,45,195
3600,46,163
3600,47,434
3600,48,227
3600,49,827
3600,50,70
3600,51,168
3600,52,268
3600,53,766
3600,54,199
3600,55,161
3600,56,259
3600,57,162
3600,58,195
3600,59,36
3600,60,34
3600,61,101
3600,62,880
3600,63,279
3600,64,310
3600,65,397
3600,66,177
3600,67,408
3600,68,471
3600,69,309
3600,70,375
3600,71,276
3600,72,678
3600,73,978
3600,74,886
3600,75,407
3600,76,277
3600,77,532
3600,78,786
3600,79,962
3600,80,849
3601,41,120
3601,42,124
3601,43,425
3601,44,425
3601,45,424
3601,46,431
3601,47,430
3601,48,424
3601,49,363
3601,50,306
3601,51,374
3601,52,343
3601,53,423
3601,54,291
3601,55,356
3601,56,720
3601,57,195
3601,58,165
3601,59,168
3601,60,146
3601,61,776
3601,62,769
3601,63,326
3601,64,305
3601,65,275
3601,66,306
3601,67,311
3601,68,557
3601,69,175
3601,70,315
3601,71,316
3601,72,283
3601,73,152
3601,74,54
3601,75,54
3601,76,118
3601,77,86
3601,78,151
3601,79,182
3601,80,85
3602,41,113
3602,42,723
3602,43,789
3602,44,790
3602,45,416
3602,46,822
3602,47,718
3602,48,683
3602,49,683
3602,50,394
3602,51,452
3602,52,452
3602,53,325
3602,54,383
3602,55,481
3602,56,451
3602,57,394
3602,58,857
3602,59,452
3602,60,425
3602,61,905
3602,62,116
3602,63,886
3602,64,767
3602,65,886
3602,66,856
3602,67,920
3602,68,896
3602,69,882
3602,70,882
3602,71,882
3602,72,920
3602,73,364
3602,74,792
3602,75,824
3602,76,923
3602,77,955
3602,78,890
3602,79,920
3602,80,731
3603,41,1001
3603,42,534
3603,43,984
3603,44,984
3603,45,920
3603,46,951
3603,47,888
3603,48,634
3603,49,667
3603,50,863
3603,51,830
3603,52,602
3603,53,825
3603,54,667
3603,55,992
3603,56,1024
3603,57,995
3603,58,52
3603,59,825
3603,60,825
3603,61,428
3603,62,678
3603,63,856
3603,64,856
3603,65,851
3603,66,843
3603,67,755
3603,68,613
3603,69,812
3603,70,599
3603,71,719
3603,72,562
3603,73,564
3603,74,597
3603,75,832
3603,76,700
3603,77,992
3603,78,665
3603,79,506
3603,80,506
3604,41,920
3604,42,649
3604,43,334
3604,44,273
3604,45,242
3604,46,243
3604,47,596
3604,48,64
3604,49,724
3604,50,756
3604,51,305
3604,52,1001
3604,53,786
3604,54,628
3604,55,501
3604,56,592
3604,57,563
3604,58,499
3604,59,972
3604,60,561
3604,61,875
3604,62,112
3604,63,592
3604,64,706
3604,65,591
3604,66,534
3604,67,884
3604,68,728
3604,69,694
3604,70,630
3604,71,756
3604,72,450
3604,73,724
3604,74,723
3604,75,619
3604,76,692
3604,77,942
3604,78,170
3604,79,665
3604,80,880
3605,41,31
3605,42,547
3605,43,564
3605,44,596
3605,45,598
3605,46,123
3605,47,687
3605,48,595
3605,49,841
3605,50,688
3605,51,596
3605,52,564
3605,53,278
3605,54,406
3605,55,342
3605,56,243
3605,57,336
3605,58,306
3605,59,315
3605,60,402
3605,61,433
3605,62,930
3605,63,533
3605,64,99
3605,65,692
3605,66,756
3605,67,692
3605,68,725
3605,69,725
3605,70,788
3605,71,692
3605,72,757
3605,73,886
3605,74,886
3605,75,789
3605,76,656
3605,77,821
3605,78,821
3605,79,822
3605,80,827
3606,41,130
3606,42,712
3606,43,220
3606,44,763
3606,45,825
3606,46,1016
3606,47,888
3606,48,1016
3606,49,856
3606,50,988
3606,51,988
3606,52,83
3606,53,955
3606,54,923
3606,55,923
3606,56,783
3606,57,263
3606,58,827
3606,59,702
3606,60,702
3606,61,123
3606,62,990
3606,63,603
3606,64,966
3606,65,601
3606,66,600
3606,67,634
3606,68,732
3606,69,667
3606,70,798
3606,71,734
3606,72,734
3606,73,895
3606,74,798
3606,75,667
3606,76,666
3606,77,698
3606,78,732
3606,79,697
3606,80,698
3607,41,166
3607,42,396
3607,43,319
3607,44,1020
3607,45,136
3607,46,406
3607,47,404
3607,48,404
3607,49,437
3607,50,517
3607,51,311
3607,52,311
3607,53,99
3607,54,311
3607,55,1010
3607,56,310
3607,57,311
3607,58,374
3607,59,343
3607,60,343
3607,61,598
3607,62,294
3607,63,505
3607,64,321
3607,65,474
3607,66,539
3607,67,574
3607,68,506
3607,69,506
3607,70,506
3607,71,841
3607,72,865
3607,73,640
3607,74,574
3607,75,637
3607,76,639
3607,77,638
3607,78,638
3607,79,540
3607,80,152
3608,41,990
3608,42,742
3608,43,247
3608,44,345
3608,45,316
3608,46,255
3608,47,314
3608,48,384
3608,49,346
3608,50,409
3608,51,118
3608,52,505
3608,53,868
3608,54,605
3608,55,540
3608,56,703
3608,57,897
3608,58,409
3608,59,538
3608,60,474
3608,61,632
3608,62,658
3608,63,109
3608,64,107
3608,65,143
3608,66,209
3608,67,215
3608,68,52
3608,69,168
3608,70,938
3608,71,214
3608,72,248
3608,73,248
3608,74,149
3608,75,20
3608,76,248
3608,77,594
3608,78,280
3608,79,505
3608,80,440
3609,41,125
3609,42,68
3609,43,699
3609,44,703
3609,45,798
3609,46,763
3609,47,704
3609,48,703
3609,49,567
3609,50,928
3609,51,1024
3609,52,992
3609,53,602
3609,54,864
3609,55,896
3609,56,634
3609,57,597
3609,58,630
3609,59,1003
3609,60,1002
3609,61,231
3609,62,339
3609,63,310
3609,64,633
3609,65,569
3609,66,569
3609,67,599
3609,68,732
3609,69,765
3609,70,574
3609,71,992
3609,72,992
3609,73,765
3609,74,570
3609,75,634
3609,76,536
3609,77,630
3609,78,634
3609,79,825
3609,80,763
3610,41,158
3610,42,395
3610,43,738
3610,44,249
3610,45,643
3610,46,486
3610,47,453
3610,48,485
3610,49,485
3610,50,527
3610,51,486
3610,52,486
3610,53,486
3610,54,517
3610,55,486
3610,56,486
3610,57,488
3610,58,486
3610,59,485
3610,60,485
3610,61,657
3610,62,265
3610,63,676
3610,64,737
3610,65,674
3610,66,647
3610,67,644
3610,68,517
3610,69,548
3610,70,611
3610,71,707
3610,72,395
3610,73,807
3610,74,274
3610,75,642
3610,76,837
3610,77,807
3610,78,807
3610,79,870
3610,80,743
3611,41,142
3611,42,517
3611,43,108
3611,44,9
3611,45,75
3611,46,73
3611,47,226
3611,48,107
3611,49,858
3611,50,343
3611,51,72
3611,52,110
3611,53,238
3611,54,453
3611,55,548
3611,56,106
3611,57,72
3611,58,39
3611,59,4
3611,60,53
3611,61,341
3611,62,93
3611,63,110
3611,64,142
3611,65,845
3611,66,142
3611,67,144
3611,68,144
3611,69,144
3611,70,111
3611,71,191
3611,72,142
3611,73,140
3611,74,140
3611,75,76
3611,76,73
3611,77,107
3611,78,109
3611,79,144
3611,80,143
3612,41,778
3612,42,377
3612,43,209
3612,44,989
3612,45,217
3612,46,71
3612,47,264
3612,48,264
3612,49,71
3612,50,330
3612,51,512
3612,52,358
3612,53,363
3612,54,363
3612,55,201
3612,56,363
3612,57,297
3612,58,327
3612,59,134
3612,60,71
3612,61,886
3612,62,710
3612,63,143
3612,64,208
3612,65,143
3612,66,240
3612,67,502
3612,68,242
3612,69,273
3612,70,210
3612,71,212
3612,72,240
3612,73,213
3612,74,214
3612,75,213
3612,76,82
3612,77,82
3612,78,110
3612,79,110
3612,80,110
3613,41,218
3613,42,345
3613,43,150
3613,44,22
3613,45,215
3613,46,118
3613,47,86
3613,48,182
3613,49,20
3613,50,215
3613,51,380
3613,52,82
3613,53,113
3613,54,676
3613,55,82
3613,56,18
3613,57,18
3613,58,181
3613,59,450
3613,60,931
3613,61,412
3613,62,681
3613,63,82
3613,64,146
3613,65,1016
3613,66,151
3613,67,271
3613,68,734
3613,69,279
3613,70,279
3613,71,149
3613,72,149
3613,73,717
3613,74,118
3613,75,91
3613,76,153
3613,77,59
3613,78,153
3613,79,155
3613,80,58
3614,41,4
3614,42,341
3614,43,102
3614,44,167
3614,45,137
3614,46,715
3614,47,312
3614,48,331
3614,49,173
3614,50,137
3614,51,270
3614,52,170
3614,53,169
3614,54,164
3614,55,195
3614,56,36
3614,57,69
3614,58,865
3614,59,282
3614,60,99
3614,61,433
3614,62,942
3614,63,422
3614,64,29
3614,65,323
3614,66,545
3614,67,385
3614,68,481
3614,69,481
3614,70,513
3614,71,513
3614,72,646
3614,73,612
3614,74,255
3614,75,810
3614,76,578
3614,77,184
3614,78,254
3614,79,67
3614,80,291
3615,41,686
3615,42,772
3615,43,143
3615,44,181
3615,45,183
3615,46,183
3615,47,181
3615,48,143
3615,49,627
3615,50,143
3615,51,211
3615,52,209
3615,53,181
3615,54,109
3615,55,204
3615,56,452
3615,57,419
3615,58,385
3615,59,470
3615,60,433
3615,61,639
3615,62,470
3615,63,34
3615,64,424
3615,65,195
3615,66,133
3615,67,133
3615,68,35
3615,69,550
3615,70,163
3615,71,99
3615,72,37
3615,73,38
3615,74,102
3615,75,102
3615,76,7
3615,77,71
3615,78,236
3615,79,71
3615,80,423
3616,41,855
3616,42,465
3616,43,366
3616,44,456
3616,45,324
3616,46,356
3616,47,356
3616,48,393
3616,49,422
3616,50,450
3616,51,452
3616,52,739
3616,53,426
3616,54,395
3616,55,428
3616,56,259
3616,57,495
3616,58,998
3616,59,513
3616,60,577
3616,61,666
3616,62,362
3616,63,342
3616,64,181
3616,65,343
3616,66,437
3616,67,900
3616,68,501
3616,69,595
3616,70,812
3616,71,422
3616,72,699
3616,73,428
3616,74,425
3616,75,471
3616,76,401
3616,77,566
3616,78,628
3616,79,532
3616,80,564
3617,41,405
3617,42,295
3617,43,366
3617,44,256
3617,45,323
3617,46,389
3617,47,272
3617,48,389
3617,49,927
3617,50,392
3617,51,732
3617,52,966
3617,53,1
3617,54,812
3617,55,841
3617,56,795
3617,57,874
3617,58,595
3617,59,656
3617,60,657
3617,61,435
3617,62,889
3617,63,366
3617,64,306
3617,65,305
3617,66,276
3617,67,202
3617,68,203
3617,69,233
3617,70,263
3617,71,199
3617,72,203
3617,73,202
3617,74,236
3617,75,202
3617,76,822
3617,77,290
3617,78,752
3617,79,188
3617,80,295
3618,41,321
3618,42,641
3618,43,323
3618,44,323
3618,45,422
3618,46,395
3618,47,395
3618,48,906
3618,49,295
3618,50,504
3618,51,595
3618,52,781
3618,53,467
3618,54,403
3618,55,472
3618,56,389
3618,57,335
3618,58,466
3618,59,764
3618,60,468
3618,61,98
3618,62,793
3618,63,809
3618,64,436
3618,65,842
3618,66,840
3618,67,967
3618,68,840
3618,69,809
3618,70,583
3618,71,617
3618,72,612
3618,73,580
3618,74,520
3618,75,552
3618,76,232
3618,77,358
3618,78,323
3618,79,945
3618,80,391
3619,41,81
3619,42,799
3619,43,449
3619,44,385
3619,45,486
3619,46,1016
3619,47,486
3619,48,84
3619,49,486
3619,50,1012
3619,51,521
3619,52,394
3619,53,331
3619,54,298
3619,55,299
3619,56,141
3619,57,79
3619,58,73
3619,59,960
3619,60,236
3619,61,905
3619,62,620
3619,63,385
3619,64,422
3619,65,323
3619,66,454
3619,67,454
3619,68,454
3619,69,454
3619,70,454
3619,71,513
3619,72,405
3619,73,922
3619,74,454
3619,75,454
3619,76,460
3619,77,454
3619,78,454
3619,79,452
3619,80,493
3620,41,648
3620,42,129
3620,43,312
3620,44,278
3620,45,342
3620,46,815
3620,47,375
3620,48,375
3620,49,309
3620,50,276
3620,51,799
3620,52,66
3620,53,109
3620,54,306
3620,55,272
3620,56,209
3620,57,554
3620,58,240
3620,59,208
3620,60,240
3620,61,945
3620,62,470
3620,63,306
3620,64,303
3620,65,240
3620,66,239
3620,67,239
3620,68,141
3620,69,204
3620,70,268
3620,71,142
3620,72,142
3620,73,9
3620,74,142
3620,75,895
3620,76,142
3620,77,142
3620,78,701
3620,79,176
3620,80,172
3621,41,244
3621,42,857
3621,43,605
3621,44,542
3621,45,376
3621,46,542
3621,47,471
3621,48,476
3621,49,338
3621,50,160
3621,51,376
3621,52,640
3621,53,607
3621,54,575
3621,55,542
3621,56,640
3621,57,540
3621,58,672
3621,59,410
3621,60,710
3621,61,211
3621,62,1024
3621,63,569
3621,64,851
3621,65,761
3621,66,91
3621,67,409
3621,68,672
3621,69,926
3621,70,478
3621,71,376
3621,72,137
3621,73,138
3621,74,138
3621,75,139
3621,76,103
3621,77,162
3621,78,164
3621,79,162
3621,80,195
3622,41,94
3622,42,524
3622,43,99
3622,44,259
3622,45,291
3622,46,291
3622,47,356
3622,48,479
3622,49,421
3622,50,421
3622,51,422
3622,52,2
3622,53,763
3622,54,71
3622,55,140
3622,56,781
3622,57,244
3622,58,439
3622,59,471
3622,60,409
3622,61,695
3622,62,27
3622,63,421
3622,64,451
3622,65,486
3622,66,788
3622,67,328
3622,68,975
3622,69,706
3622,70,74
3622,71,642
3622,72,172
3622,73,468
3622,74,247
3622,75,812
3622,76,289
3622,77,390
3622,78,390
3622,79,79
3622,80,390
3623,41,526
3623,42,284
3623,43,763
3623,44,863
3623,45,863
3623,46,765
3623,47,700
3623,48,701
3623,49,798
3623,50,793
3623,51,633
3623,52,14
3623,53,253
3623,54,672
3623,55,731
3623,56,442
3623,57,506
3623,58,506
3623,59,634
3623,60,825
3623,61,78
3623,62,273
3623,63,409
3623,64,695
3623,65,477
3623,66,477
3623,67,575
3623,68,462
3623,69,492
3623,70,793
3623,71,234
3623,72,895
3623,73,506
3623,74,336
3623,75,570
3623,76,569
3623,77,538
3623,78,541
3623,79,410
3623,80,480
3624,41,537
3624,42,15
3624,43,201
3624,44,297
3624,45,433
3624,46,236
3624,47,103
3624,48,132
3624,49,952
3624,50,450
3624,51,450
3624,52,421
3624,53,23
3624,54,489
3624,55,489
3624,56,489
3624,57,616
3624,58,678
3624,59,423
3624,60,584
3624,61,348
3624,62,442
3624,63,275
3624,64,305
3624,65,306
3624,66,213
3624,67,184
3624,68,785
3624,69,149
3624,70,626
3624,71,60
3624,72,125
3624,73,94
3624,74,92
3624,75,59
3624,76,122
3624,77,280
3624,78,63
3624,79,29
3624,80,92
3625,41,313
3625,42,974
3625,43,551
3625,44,551
3625,45,552
3625,46,488
3625,47,151
3625,48,71
3625,49,529
3625,50,530
3625,51,946
3625,52,464
3625,53,497
3625,54,78
3625,55,429
3625,56,427
3625,57,364
3625,58,472
3625,59,739
3625,60,390
3625,61,246
3625,62,791
3625,63,336
3625,64,306
3625,65,246
3625,66,309
3625,67,56
3625,68,499
3625,69,531
3625,70,464
3625,71,529
3625,72,529
3625,73,497
3625,74,333
3625,75,398
3625,76,305
3625,77,238
3625,78,297
3625,79,167
3625,80,181
3626,41,177
3626,42,18
3626,43,445
3626,44,275
3626,45,413
3626,46,962
3626,47,413
3626,48,381
3626,49,348
3626,50,478
3626,51,443
3626,52,574
3626,53,574
3626,54,734
3626,55,479
3626,56,479
3626,57,542
3626,58,640
3626,59,84
3626,60,117
3626,61,196
3626,62,910
3626,63,378
3626,64,538
3626,65,539
3626,66,535
3626,67,535
3626,68,633
3626,69,662
3626,70,410
3626,71,343
3626,72,409
3626,73,280
3626,74,874
3626,75,215
3626,76,277
3626,77,149
3626,78,52
3626,79,212
3626,80,52
3627,41,1007
3627,42,156
3627,43,732
3627,44,602
3627,45,698
3627,46,699
3627,47,732
3627,48,762
3627,49,732
3627,50,522
3627,51,798
3627,52,765
3627,53,593
3627,54,827
3627,55,760
3627,56,699
3627,57,699
3627,58,700
3627,59,570
3627,60,895
3627,61,934
3627,62,665
3627,63,889
3627,64,508
3627,65,856
3627,66,667
3627,67,577
3627,68,654
3627,69,855
3627,70,888
3627,71,984
3627,72,920
3627,73,955
3627,74,377
3627,75,1012
3627,76,1011
3627,77,920
3627,78,1016
3627,79,1016
3627,80,1005
3628,41,670
3628,42,628
3628,43,110
3628,44,48
3628,45,110
3628,46,127
3628,47,49
3628,48,112
3628,49,797
3628,50,815
3628,51,299
3628,52,236
3628,53,168
3628,54,205
3628,55,271
3628,56,378
3628,57,107
3628,58,284
3628,59,303
3628,60,334
3628,61,885
3628,62,490
3628,63,394
3628,64,237
3628,65,179
3628,66,236
3628,67,993
3628,68,236
3628,69,305
3628,70,137
3628,71,138
3628,72,342
3628,73,173
3628,74,363
3628,75,937
3628,76,171
3628,77,142
3628,78,943
3628,79,79
3628,80,140
3629,41,1017
3629,42,203
3629,43,335
3629,44,456
3629,45,456
3629,46,1016
3629,47,381
3629,48,425
3629,49,395
3629,50,365
3629,51,337
3629,52,304
3629,53,69
3629,54,69
3629,55,203
3629,56,275
3629,57,409
3629,58,309
3629,59,727
3629,60,538
3629,61,645
3629,62,470
3629,63,70
3629,64,489
3629,65,40
3629,66,261
3629,67,74
3629,68,72
3629,69,108
3629,70,145
3629,71,142
3629,72,354
3629,73,140
3629,74,236
3629,75,482
3629,76,532
3629,77,71
3629,78,134
3629,79,110
3629,80,402
3630,41,876
3630,42,329
3630,43,467
3630,44,467
3630,45,468
3630,46,475
3630,47,700
3630,48,365
3630,49,699
3630,50,700
3630,51,570
3630,52,510
3630,53,506
3630,54,498
3630,55,506
3630,56,539
3630,57,162
3630,58,792
3630,59,667
3630,60,602
3630,61,264
3630,62,17
3630,63,433
3630,64,580
3630,65,433
3630,66,468
3630,67,315
3630,68,850
3630,69,470
3630,70,193
3630,71,144
3630,72,880
3630,73,432
3630,74,75
3630,75,948
3630,76,776
3630,77,743
3630,78,742
3630,79,743
3630,80,744
3631,41,647
3631,42,79
3631,43,427
3631,44,466
3631,45,470
3631,46,356
3631,47,338
3631,48,99
3631,49,161
3631,50,161
3631,51,67
3631,52,226
3631,53,74
3631,54,259
3631,55,131
3631,56,131
3631,57,35
3631,58,708
3631,59,66
3631,60,575
3631,61,322
3631,62,954
3631,63,513
3631,64,30
3631,65,419
3631,66,421
3631,67,420
3631,68,419
3631,69,431
3631,70,427
3631,71,425
3631,72,431
3631,73,184
3631,74,436
3631,75,585
3631,76,402
3631,77,468
3631,78,503
3631,79,815
3631,80,466
3632,41,255
3632,42,568
3632,43,542
3632,44,479
3632,45,477
3632,46,799
3632,47,350
3632,48,375
3632,49,425
3632,50,431
3632,51,429
3632,52,432
3632,53,501
3632,54,88
3632,55,657
3632,56,750
3632,57,627
3632,58,42
3632,59,997
3632,60,904
3632,61,556
3632,62,636
3632,63,428
3632,64,468
3632,65,428
3632,66,426
3632,67,344
3632,68,473
3632,69,499
3632,70,627
3632,71,690
3632,72,688
3632,73,692
3632,74,595
3632,75,101
3632,76,905
3632,77,874
3632,78,873
3632,79,616
3632,80,713
3633,41,134
3633,42,543
3633,43,560
3633,44,529
3633,45,561
3633,46,530
3633,47,300
3633,48,468
3633,49,1019
3633,50,257
3633,51,407
3633,52,409
3633,53,472
3633,54,771
3633,55,429
3633,56,478
3633,57,140
3633,58,468
3633,59,434
3633,60,306
3633,61,805
3633,62,894
3633,63,619
3633,64,532
3633,65,664
3633,66,561
3633,67,568
3633,68,627
3633,69,469
3633,70,626
3633,71,569
3633,72,601
3633,73,505
3633,74,540
3633,75,672
3633,76,574
3633,77,97
3633,78,469
3633,79,425
3633,80,335
3634,41,590
3634,42,699
3634,43,323
3634,44,67
3634,45,323
3634,46,385
3634,47,323
3634,48,259
3634,49,163
3634,50,161
3634,51,163
3634,52,133
3634,53,164
3634,54,778
3634,55,161
3634,56,195
3634,57,232
3634,58,133
3634,59,133
3634,60,133
3634,61,816
3634,62,854
3634,63,67
3634,64,100
3634,65,132
3634,66,981
3634,67,164
3634,68,199
3634,69,3
3634,70,751
3634,71,195
3634,72,133
3634,73,133
3634,74,195
3634,75,195
3634,76,162
3634,77,99
3634,78,99
3634,79,99
3634,80,99
3635,41,680
3635,42,131
3635,43,723
3635,44,625
3635,45,628
3635,46,375
3635,47,278
3635,48,345
3635,49,200
3635,50,390
3635,51,389
3635,52,356
3635,53,390
3635,54,638
3635,55,745
3635,56,71
3635,57,167
3635,58,645
3635,59,134
3635,60,176
3635,61,751
3635,62,761
3635,63,874
3635,64,966
3635,65,88
3635,66,1000
3635,67,944
3635,68,903
3635,69,842
3635,70,167
3635,71,751
3635,72,8
3635,73,751
3635,74,818
3635,75,564
3635,76,309
3635,77,219
3635,78,375
3635,79,472
3635,80,476
3636,41,771
3636,42,50
3636,43,173
3636,44,173
3636,45,911
3636,46,142
3636,47,173
3636,48,207
3636,49,173
3636,50,141
3636,51,47
3636,52,47
3636,53,79
3636,54,228
3636,55,430
3636,56,50
3636,57,79
3636,58,50
3636,59,84
3636,60,19
3636,61,224
3636,62,618
3636,63,323
3636,64,264
3636,65,36
3636,66,131
3636,67,2
3636,68,99
3636,69,2
3636,70,3
3636,71,36
3636,72,35
3636,73,37
3636,74,67
3636,75,357
3636,76,336
3636,77,449
3636,78,584
3636,79,713
3636,80,841
3637,41,554
3637,42,140
3637,43,22
3637,44,71
3637,45,870
3637,46,70
3637,47,69
3637,48,70
3637,49,137
3637,50,169
3637,51,20
3637,52,299
3637,53,424
3637,54,338
3637,55,271
3637,56,272
3637,57,746
3637,58,5
3637,59,716
3637,60,35
3637,61,376
3637,62,272
3637,63,8
3637,64,104
3637,65,678
3637,66,277
3637,67,407
3637,68,504
3637,69,227
3637,70,430
3637,71,428
3637,72,850
3637,73,451
3637,74,418
3637,75,419
3637,76,358
3637,77,432
3637,78,430
3637,79,434
3637,80,338
3638,41,111
3638,42,309
3638,43,195
3638,44,2
3638,45,37
3638,46,237
3638,47,203
3638,48,104
3638,49,205
3638,50,112
3638,51,441
3638,52,51
3638,53,215
3638,54,51
3638,55,19
3638,56,46
3638,57,173
3638,58,137
3638,59,137
3638,60,564
3638,61,92
3638,62,467
3638,63,377
3638,64,848
3638,65,323
3638,66,259
3638,67,663
3638,68,617
3638,69,584
3638,70,684
3638,71,744
3638,72,423
3638,73,682
3638,74,713
3638,75,423
3638,76,681
3638,77,649
3638,78,325
3638,79,587
3638,80,356
3639,41,422
3639,42,198
3639,43,635
3639,44,570
3639,45,928
3639,46,650
3639,47,569
3639,48,109
3639,49,574
3639,50,281
3639,51,538
3639,52,765
3639,53,766
3639,54,897
3639,55,703
3639,56,639
3639,57,671
3639,58,6
3639,59,732
3639,60,570
3639,61,278
3639,62,326
3639,63,963
3639,64,597
3639,65,536
3639,66,366
3639,67,723
3639,68,662
3639,69,409
3639,70,307
3639,71,277
3639,72,235
3639,73,137
3639,74,169
3639,75,559
3639,76,271
3639,77,202
3639,78,267
3639,79,236
3639,80,271
3640,41,651
3640,42,67
3640,43,370
3640,44,243
3640,45,274
3640,46,270
3640,47,271
3640,48,618
3640,49,217
3640,50,251
3640,51,417
3640,52,282
3640,53,914
3640,54,283
3640,55,255
3640,56,224
3640,57,314
3640,58,499
3640,59,381
3640,60,315
3640,61,176
3640,62,779
3640,63,997
3640,64,1000
3640,65,713
3640,66,552
3640,67,875
3640,68,941
3640,69,879
3640,70,533
3640,71,183
3640,72,566
3640,73,598
3640,74,602
3640,75,536
3640,76,375
3640,77,280
3640,78,248
3640,79,343
3640,80,277
3641,41,765
3641,42,323
3641,43,114
3641,44,113
3641,45,211
3641,46,769
3641,47,143
3641,48,243
3641,49,50
3641,50,113
3641,51,417
3641,52,113
3641,53,111
3641,54,211
3641,55,50
3641,56,115
3641,57,306
3641,58,375
3641,59,437
3641,60,501
3641,61,575
3641,62,825
3641,63,40
3641,64,40
3641,65,915
3641,66,2
3641,67,70
3641,68,100
3641,69,39
3641,70,72
3641,71,5
3641,72,842
3641,73,36
3641,74,134
3641,75,676
3641,76,295
3641,77,263
3641,78,327
3641,79,263
3641,80,199
3642,41,548
3642,42,1021
3642,43,330
3642,44,201
3642,45,233
3642,46,330
3642,47,19
3642,48,289
3642,49,356
3642,50,356
3642,51,584
3642,52,520
3642,53,391
3642,54,259
3642,55,131
3642,56,274
3642,57,356
3642,58,289
3642,59,25
3642,60,594
3642,61,207
3642,62,877
3642,63,297
3642,64,395
3642,65,363
3642,66,298
3642,67,296
3642,68,297
3642,69,456
3642,70,615
3642,71,232
3642,72,296
3642,73,296
3642,74,290
3642,75,606
3642,76,449
3642,77,290
3642,78,359
3642,79,264
3642,80,264
3643,41,479
3643,42,93
3643,43,513
3643,44,321
3643,45,614
3643,46,679
3643,47,580
3643,48,647
3643,49,686
3643,50,609
3643,51,610
3643,52,451
3643,53,354
3643,54,259
3643,55,548
3643,56,421
3643,57,420
3643,58,420
3643,59,487
3643,60,769
3643,61,310
3643,62,233
3643,63,421
3643,64,513
3643,65,642
3643,66,706
3643,67,330
3643,68,675
3643,69,707
3643,70,611
3643,71,614
3643,72,609
3643,73,834
3643,74,642
3643,75,642
3643,76,481
3643,77,545
3643,78,386
3643,79,495
3643,80,545
3644,41,372
3644,42,834
3644,43,702
3644,44,634
3644,45,645
3644,46,699
3644,47,762
3644,48,728
3644,49,728
3644,50,694
3644,51,384
3644,52,825
3644,53,700
3644,54,634
3644,55,926
3644,56,960
3644,57,863
3644,58,960
3644,59,700
3644,60,700
3644,61,680
3644,62,154
3644,63,965
3644,64,480
3644,65,508
3644,66,836
3644,67,443
3644,68,411
3644,69,360
3644,70,574
3644,71,410
3644,72,34
3644,73,159
3644,74,1015
3644,75,254
3644,76,315
3644,77,315
3644,78,249
3644,79,248
3644,80,284
3645,41,905
3645,42,509
3645,43,974
3645,44,474
3645,45,202
3645,46,1002
3645,47,1003
3645,48,880
3645,49,756
3645,50,786
3645,51,566
3645,52,567
3645,53,630
3645,54,504
3645,55,441
3645,56,344
3645,57,700
3645,58,732
3645,59,506
3645,60,506
3645,61,220
3645,62,771
3645,63,787
3645,64,917
3645,65,278
3645,66,375
3645,67,303
3645,68,390
3645,69,791
3645,70,334
3645,71,670
3645,72,460
3645,73,428
3645,74,426
3645,75,290
3645,76,289
3645,77,577
3645,78,392
3645,79,289
3645,80,322
3646,41,635
3646,42,338
3646,43,304
3646,44,478
3646,45,473
3646,46,473
3646,47,473
3646,48,965
3646,49,570
3646,50,570
3646,51,727
3646,52,602
3646,53,276
3646,54,170
3646,55,693
3646,56,103
3646,57,139
3646,58,291
3646,59,173
3646,60,144
3646,61,10
3646,62,164
3646,63,199
3646,64,789
3646,65,106
3646,66,137
3646,67,390
3646,68,277
3646,69,293
3646,70,161
3646,71,168
3646,72,304
3646,73,456
3646,74,103
3646,75,168
3646,76,202
3646,77,77
3646,78,167
3646,79,304
3646,80,203
3647,41,965
3647,42,134
3647,43,712
3647,44,520
3647,45,327
3647,46,327
3647,47,586
3647,48,586
3647,49,683
3647,50,675
3647,51,686
3647,52,752
3647,53,719
3647,54,752
3647,55,717
3647,56,779
3647,57,812
3647,58,779
3647,59,810
3647,60,774
3647,61,343
3647,62,398
3647,63,709
3647,64,743
3647,65,742
3647,66,743
3647,67,642
3647,68,108
3647,69,743
3647,70,776
3647,71,810
3647,72,811
3647,73,806
3647,74,935
3647,75,687
3647,76,706
3647,77,743
3647,78,259
3647,79,740
3647,80,132
3648,41,1021
3648,42,671
3648,43,3
3648,44,2
3648,45,849
3648,46,74
3648,47,36
3648,48,70
3648,49,73
3648,50,73
3648,51,790
3648,52,137
3648,53,139
3648,54,171
3648,55,44
3648,56,13
3648,57,12
3648,58,445
3648,59,337
3648,60,108
3648,61,736
3648,62,285
3648,63,818
3648,64,955
3648,65,856
3648,66,984
3648,67,902
3648,68,269
3648,69,984
3648,70,1016
3648,71,888
3648,72,794
3648,73,670
3648,74,619
3648,75,662
3648,76,942
3648,77,1001
3648,78,941
3648,79,908
3648,80,875
3649,41,316
3649,42,525
3649,43,292
3649,44,260
3649,45,260
3649,46,601
3649,47,260
3649,48,99
3649,49,840
3649,50,357
3649,51,471
3649,52,470
3649,53,478
3649,54,474
3649,55,538
3649,56,570
3649,57,701
3649,58,125
3649,59,413
3649,60,666
3649,61,527
3649,62,887
3649,63,417
3649,64,422
3649,65,323
3649,66,290
3649,67,290
3649,68,291
3649,69,356
3649,70,356
3649,71,291
3649,72,139
3649,73,141
3649,74,141
3649,75,140
3649,76,310
3649,77,12
3649,78,76
3649,79,78
3649,80,78
3650,41,150
3650,42,86
3650,43,154
3650,44,20
3650,45,442
3650,46,476
3650,47,225
3650,48,572
3650,49,539
3650,50,35
3650,51,474
3650,52,123
3650,53,538
3650,54,538
3650,55,411
3650,56,509
3650,57,183
3650,58,607
3650,59,607
3650,60,574
3650,61,73
3650,62,840
3650,63,439
3650,64,188
3650,65,222
3650,66,189
3650,67,386
3650,68,157
3650,69,188
3650,70,185
3650,71,281
3650,72,584
3650,73,216
3650,74,250
3650,75,189
3650,76,250
3650,77,505
3650,78,185
3650,79,185
3650,80,218
3651,41,193
3651,42,480
3651,43,350
3651,44,381
3651,45,416
3651,46,84
3651,47,349
3651,48,349
3651,49,381
3651,50,381
3651,51,189
3651,52,348
3651,53,381
3651,54,381
3651,55,352
3651,56,351
3651,57,602
3651,58,538
3651,59,913
3651,60,348
3651,61,845
3651,62,105
3651,63,478
3651,64,448
3651,65,448
3651,66,350
3651,67,381
3651,68,280
3651,69,248
3651,70,20
3651,71,54
3651,72,86
3651,73,86
3651,74,54
3651,75,215
3651,76,281
3651,77,182
3651,78,346
3651,79,60
3651,80,216
3652,41,337
3652,42,928
3652,43,102
3652,44,327
3652,45,578
3652,46,450
3652,47,425
3652,48,423
3652,49,421
3652,50,469
3652,51,628
3652,52,88
3652,53,125
3652,54,928
3652,55,752
3652,56,982
3652,57,752
3652,58,527
3652,59,812
3652,60,688
3652,61,437
3652,62,481
3652,63,341
3652,64,236
3652,65,169
3652,66,103
3652,67,647
3652,68,297
3652,69,493
3652,70,525
3652,71,525
3652,72,428
3652,73,235
3652,74,460
3652,75,422
3652,76,427
3652,77,423
3652,78,619
3652,79,745
3652,80,459
3653,41,997
3653,42,598
3653,43,556
3653,44,556
3653,45,556
3653,46,555
3653,47,587
3653,48,707
3653,49,545
3653,50,610
3653,51,610
3653,52,737
3653,53,519
3653,54,739
3653,55,679
3653,56,679
3653,57,679
3653,58,267
3653,59,739
3653,60,417
3653,61,714
3653,62,806
3653,63,953
3653,64,557
3653,65,559
3653,66,525
3653,67,530
3653,68,465
3653,69,529
3653,70,529
3653,71,403
3653,72,678
3653,73,593
3653,74,593
3653,75,593
3653,76,529
3653,77,561
3653,78,530
3653,79,530
3653,80,498
3654,41,1009
3654,42,21
3654,43,161
3654,44,161
3654,45,684
3654,46,2
3654,47,139
3654,48,36
3654,49,1
3654,50,108
3654,51,79
3654,52,307
3654,53,40
3654,54,40
3654,55,169
3654,56,74
3654,57,71
3654,58,73
3654,59,73
3654,60,40
3654,61,271
3654,62,46
3654,63,295
3654,64,390
3654,65,392
3654,66,392
3654,67,390
3654,68,390
3654,69,648
3654,70,394
3654,71,394
3654,72,306
3654,73,170
3654,74,499
3654,75,67
3654,76,72
3654,77,103
3654,78,36
3654,79,2
3654,80,67
3655,41,908
3655,42,710
3655,43,356
3655,44,324
3655,45,389
3655,46,490
3655,47,552
3655,48,520
3655,49,681
3655,50,777
3655,51,360
3655,52,421
3655,53,323
3655,54,290
3655,55,681
3655,56,870
3655,57,618
3655,58,591
3655,59,649
3655,60,384
3655,61,249
3655,62,399
3655,63,101
3655,64,33
3655,65,766
3655,66,35
3655,67,35
3655,68,356
3655,69,259
3655,70,67
3655,71,101
3655,72,962
3655,73,37
3655,74,75
3655,75,354
3655,76,162
3655,77,162
3655,78,356
3655,79,323
3655,80,289
3656,41,695
3656,42,245
3656,43,365
3656,44,366
3656,45,304
3656,46,483
3656,47,733
3656,48,394
3656,49,268
3656,50,70
3656,51,2
3656,52,37
3656,53,2
3656,54,2
3656,55,5
3656,56,4
3656,57,3
3656,58,35
3656,59,749
3656,60,870
3656,61,800
3656,62,498
3656,63,179
3656,64,275
3656,65,275
3656,66,241
3656,67,306
3656,68,285
3656,69,271
3656,70,242
3656,71,554
3656,72,187
3656,73,481
3656,74,19
3656,75,443
3656,76,411
3656,77,443
3656,78,376
3656,79,376
3656,80,376
3657,41,218
3657,42,790
3657,43,395
3657,44,370
3657,45,622
3657,46,591
3657,47,628
3657,48,660
3657,49,931
3657,50,301
3657,51,848
3657,52,693
3657,53,661
3657,54,693
3657,55,1002
3657,56,1007
3657,57,910
3657,58,1002
3657,59,911
3657,60,542
3657,61,787
3657,62,283
3657,63,275
3657,64,244
3657,65,244
3657,66,365
3657,67,395
3657,68,274
3657,69,428
3657,70,365
3657,71,365
3657,72,854
3657,73,904
3657,74,38
3657,75,298
3657,76,299
3657,77,172
3657,78,428
3657,79,425
3657,80,428
3658,41,31
3658,42,426
3658,43,395
3658,44,390
3658,45,309
3658,46,354
3658,47,354
3658,48,291
3658,49,291
3658,50,356
3658,51,388
3658,52,388
3658,53,356
3658,54,131
3658,55,747
3658,56,224
3658,57,449
3658,58,259
3658,59,356
3658,60,110
3658,61,6
3658,62,559
3658,63,142
3658,64,111
3658,65,110
3658,66,111
3658,67,111
3658,68,209
3658,69,575
3658,70,211
3658,71,372
3658,72,244
3658,73,130
3658,74,365
3658,75,361
3658,76,365
3658,77,26
3658,78,243
3658,79,176
3658,80,176
3659,41,970
3659,42,594
3659,43,540
3659,44,445
3659,45,574
3659,46,605
3659,47,574
3659,48,509
3659,49,509
3659,50,607
3659,51,369
3659,52,373
3659,53,402
3659,54,31
3659,55,403
3659,56,370
3659,57,403
3659,58,474
3659,59,245
3659,60,313
3659,61,699
3659,62,640
3659,63,472
3659,64,407
3659,65,470
3659,66,473
3659,67,346
3659,68,473
3659,69,478
3659,70,476
3659,71,266
3659,72,632
3659,73,664
3659,74,633
3659,75,95
3659,76,504
3659,77,337
3659,78,505
3659,79,240
3659,80,537
3660,41,49
3660,42,806
3660,43,801
3660,44,134
3660,45,342
3660,46,532
3660,47,592
3660,48,522
3660,49,623
3660,50,593
3660,51,161
3660,52,172
3660,53,316
3660,54,406
3660,55,385
3660,56,997
3660,57,843
3660,58,808
3660,59,949
3660,60,841
3660,61,70
3660,62,868
3660,63,71
3660,64,8
3660,65,477
3660,66,102
3660,67,102
3660,68,399
3660,69,102
3660,70,99
3660,71,166
3660,72,479
3660,73,354
3660,74,389
3660,75,942
3660,76,323
3660,77,831
3660,78,136
3660,79,170
3660,80,170
3661,41,275
3661,42,998
3661,43,335
3661,44,215
3661,45,215
3661,46,314
3661,47,378
3661,48,212
3661,49,248
3661,50,182
3661,51,280
3661,52,52
3661,53,52
3661,54,506
3661,55,52
3661,56,905
3661,57,280
3661,58,313
3661,59,33
3661,60,313
3661,61,624
3661,62,193
3661,63,407
3661,64,342
3661,65,242
3661,66,237
3661,67,238
3661,68,803
3661,69,474
3661,70,769
3661,71,299
3661,72,205
3661,73,172
3661,74,236
3661,75,265
3661,76,265
3661,77,236
3661,78,307
3661,79,276
3661,80,71
3662,41,475
3662,42,784
3662,43,376
3662,44,309
3662,45,797
3662,46,22
3662,47,343
3662,48,411
3662,49,542
3662,50,334
3662,51,672
3662,52,638
3662,53,607
3662,54,607
3662,55,753
3662,56,541
3662,57,54
3662,58,606
3662,59,608
3662,60,602
3662,61,331
3662,62,697
3662,63,478
3662,64,324
3662,65,602
3662,66,793
3662,67,797
3662,68,794
3662,69,653
3662,70,280
3662,71,794
3662,72,857
3662,73,854
3662,74,885
3662,75,885
3662,76,851
3662,77,851
3662,78,168
3662,79,639
3662,80,456
3663,41,728
3663,42,249
3663,43,570
3663,44,398
3663,45,602
3663,46,674
3663,47,672
3663,48,474
3663,49,895
3663,50,960
3663,51,960
3663,52,992
3663,53,888
3663,54,667
3663,55,597
3663,56,379
3663,57,615
3663,58,601
3663,59,633
3663,60,700
3663,61,643
3663,62,961
3663,63,167
3663,64,73
3663,65,108
3663,66,73
3663,67,110
3663,68,109
3663,69,110
3663,70,176
3663,71,277
3663,72,274
3663,73,242
3663,74,797
3663,75,241
3663,76,276
3663,77,176
3663,78,279
3663,79,280
3663,80,247
3664,41,690
3664,42,419
3664,43,117
3664,44,428
3664,45,425
3664,46,434
3664,47,341
3664,48,71
3664,49,36
3664,50,36
3664,51,108
3664,52,138
3664,53,173
3664,54,268
3664,55,299
3664,56,395
3664,57,331
3664,58,764
3664,59,366
3664,60,395
3664,61,335
3664,62,304
3664,63,513
3664,64,323
3664,65,354
3664,66,322
3664,67,163
3664,68,137
3664,69,35
3664,70,71
3664,71,8
3664,72,189
3664,73,68
3664,74,70
3664,75,448
3664,76,165
3664,77,772
3664,78,137
3664,79,573
3664,80,98
3665,41,280
3665,42,13
3665,43,640
3665,44,672
3665,45,672
3665,46,50
3665,47,574
3665,48,575
3665,49,82
3665,50,479
3665,51,479
3665,52,480
3665,53,640
3665,54,607
3665,55,638
3665,56,640
3665,57,478
3665,58,474
3665,59,541
3665,60,272
3665,61,428
3665,62,321
3665,63,540
3665,64,540
3665,65,476
3665,66,640
3665,67,478
3665,68,52
3665,69,913
3665,70,448
3665,71,478
3665,72,575
3665,73,360
3665,74,477
3665,75,358
3665,76,640
3665,77,575
3665,78,575
3665,79,607
3665,80,476
3666,41,620
3666,42,990
3666,43,653
3666,44,592
3666,45,768
3666,46,622
3666,47,623
3666,48,648
3666,49,707
3666,50,813
3666,51,683
3666,52,519
3666,53,159
3666,54,882
3666,55,882
3666,56,882
3666,57,882
3666,58,602
3666,59,756
3666,60,574
3666,61,395
3666,62,652
3666,63,367
3666,64,337
3666,65,392
3666,66,369
3666,67,336
3666,68,583
3666,69,365
3666,70,390
3666,71,290
3666,72,591
3666,73,289
3666,74,322
3666,75,259
3666,76,323
3666,77,320
3666,78,324
3666,79,390
3666,80,342
3667,41,217
3667,42,306
3667,43,272
3667,44,276
3667,45,275
3667,46,274
3667,47,243
3667,48,343
3667,49,310
3667,50,980
3667,51,335
3667,52,246
3667,53,597
3667,54,366
3667,55,838
3667,56,393
3667,57,338
3667,58,343
3667,59,564
3667,60,533
3667,61,143
3667,62,579
3667,63,285
3667,64,222
3667,65,346
3667,66,224
3667,67,378
3667,68,277
3667,69,342
3667,70,247
3667,71,346
3667,72,185
3667,73,216
3667,74,275
3667,75,342
3667,76,374
3667,77,374
3667,78,367
3667,79,747
3667,80,604
3668,41,11
3668,42,94
3668,43,133
3668,44,36
3668,45,36
3668,46,104
3668,47,909
3668,48,366
3668,49,619
3668,50,393
3668,51,9
3668,52,243
3668,53,306
3668,54,240
3668,55,302
3668,56,44
3668,57,302
3668,58,302
3668,59,334
3668,60,272
3668,61,53
3668,62,254
3668,63,228
3668,64,162
3668,65,69
3668,66,481
3668,67,132
3668,68,947
3668,69,200
3668,70,232
3668,71,426
3668,72,486
3668,73,454
3668,74,470
3668,75,596
3668,76,504
3668,77,598
3668,78,536
3668,79,596
3668,80,686
3669,41,785
3669,42,866
3669,43,672
3669,44,603
3669,45,600
3669,46,600
3669,47,596
3669,48,464
3669,49,664
3669,50,633
3669,51,442
3669,52,864
3669,53,960
3669,54,634
3669,55,599
3669,56,506
3669,57,537
3669,58,765
3669,59,863
3669,60,863
3669,61,561
3669,62,710
3669,63,667
3669,64,538
3669,65,699
3669,66,602
3669,67,570
3669,68,363
3669,69,711
3669,70,633
3669,71,600
3669,72,601
3669,73,569
3669,74,410
3669,75,468
3669,76,499
3669,77,420
3669,78,566
3669,79,335
3669,80,596
3670,41,715
3670,42,100
3670,43,739
3670,44,347
3670,45,336
3670,46,737
3670,47,738
3670,48,740
3670,49,915
3670,50,740
3670,51,739
3670,52,938
3670,53,513
3670,54,380
3670,55,808
3670,56,806
3670,57,174
3670,58,580
3670,59,743
3670,60,745
3670,61,986
3670,62,902
3670,63,677
3670,64,769
3670,65,745
3670,66,270
3670,67,87
3670,68,577
3670,69,357
3670,70,481
3670,71,545
3670,72,385
3670,73,738
3670,74,409
3670,75,417
3670,76,322
3670,77,227
3670,78,354
3670,79,354
3670,80,417
3671,41,353
3671,42,562
3671,43,980
3671,44,719
3671,45,719
3671,46,625
3671,47,625
3671,48,625
3671,49,626
3671,50,688
3671,51,977
3671,52,595
3671,53,626
3671,54,597
3671,55,773
3671,56,626
3671,57,657
3671,58,719
3671,59,781
3671,60,688
3671,61,745
3671,62,270
3671,63,997
3671,64,935
3671,65,789
3671,66,688
3671,67,812
3671,68,812
3671,69,812
3671,70,734
3671,71,657
3671,72,657
3671,73,907
3671,74,83
3671,75,627
3671,76,688
3671,77,54
3671,78,343
3671,79,874
3671,80,804
3672,41,886
3672,42,605
3672,43,138
3672,44,137
3672,45,304
3672,46,103
3672,47,613
3672,48,633
3672,49,334
3672,50,432
3672,51,394
3672,52,233
3672,53,71
3672,54,206
3672,55,113
3672,56,989
3672,57,50
3672,58,49
3672,59,770
3672,60,110
3672,61,883
3672,62,926
3672,63,299
3672,64,71
3672,65,81
3672,66,793
3672,67,18
3672,68,927
3672,69,79
3672,70,79
3672,71,79
3672,72,115
3672,73,486
3672,74,35
3672,75,19
3672,76,51
3672,77,51
3672,78,52
3672,79,52
3672,80,51
3673,41,306
3673,42,206
3673,43,693
3673,44,880
3673,45,786
3673,46,911
3673,47,598
3673,48,263
3673,49,312
3673,50,596
3673,51,786
3673,52,974
3673,53,413
3673,54,566
3673,55,856
3673,56,818
3673,57,8
3673,58,788
3673,59,789
3673,60,854
3673,61,149
3673,62,262
3673,63,663
3673,64,614
3673,65,819
3673,66,760
3673,67,529
3673,68,823
3673,69,759
3673,70,880
3673,71,774
3673,72,879
3673,73,910
3673,74,552
3673,75,377
3673,76,681
3673,77,875
3673,78,423
3673,79,456
3673,80,454
3674,41,831
3674,42,344
3674,43,376
3674,44,443
3674,45,276
3674,46,366
3674,47,366
3674,48,398
3674,49,429
3674,50,408
3674,51,444
3674,52,281
3674,53,182
3674,54,142
3674,55,248
3674,56,351
3674,57,381
3674,58,348
3674,59,379
3674,60,377
3674,61,36
3674,62,677
3674,63,310
3674,64,342
3674,65,277
3674,66,305
3674,67,366
3674,68,336
3674,69,420
3674,70,425
3674,71,365
3674,72,245
3674,73,211
3674,74,608
3674,75,336
3674,76,366
3674,77,306
3674,78,370
3674,79,532
3674,80,435
3675,41,251
3675,42,219
3675,43,880
3675,44,507
3675,45,477
3675,46,469
3675,47,426
3675,48,472
3675,49,505
3675,50,377
3675,51,375
3675,52,268
3675,53,634
3675,54,342
3675,55,338
3675,56,418
3675,57,338
3675,58,338
3675,59,203
3675,60,235
3675,61,635
3675,62,760
3675,63,441
3675,64,378
3675,65,443
3675,66,441
3675,67,377
3675,68,376
3675,69,542
3675,70,477
3675,71,479
3675,72,376
3675,73,474
3675,74,467
3675,75,472
3675,76,470
3675,77,505
3675,78,472
3675,79,986
3675,80,963
3676,41,541
3676,42,527
3676,43,376
3676,44,307
3676,45,104
3676,46,36
3676,47,37
3676,48,69
3676,49,137
3676,50,619
3676,51,205
3676,52,267
3676,53,238
3676,54,382
3676,55,304
3676,56,104
3676,57,104
3676,58,306
3676,59,305
3676,60,309
3676,61,222
3676,62,866
3676,63,102
3676,64,102
3676,65,70
3676,66,104
3676,67,170
3676,68,170
3676,69,338
3676,70,104
3676,71,544
3676,72,104
3676,73,104
3676,74,43
3676,75,71
3676,76,375
3676,77,203
3676,78,307
3676,79,534
3676,80,69
3677,41,764
3677,42,1003
3677,43,136
3677,44,134
3677,45,136
3677,46,136
3677,47,168
3677,48,163
3677,49,833
3677,50,202
3677,51,716
3677,52,721
3677,53,238
3677,54,237
3677,55,304
3677,56,203
3677,57,233
3677,58,236
3677,59,104
3677,60,104
3677,61,127
3677,62,596
3677,63,173
3677,64,331
3677,65,141
3677,66,142
3677,67,237
3677,68,270
3677,69,270
3677,70,238
3677,71,171
3677,72,171
3677,73,139
3677,74,296
3677,75,236
3677,76,68
3677,77,238
3677,78,238
3677,79,205
3677,80,205
3678,41,528
3678,42,958
3678,43,215
3678,44,210
3678,45,894
3678,46,478
3678,47,15
3678,48,638
3678,49,635
3678,50,637
3678,51,636
3678,52,509
3678,53,712
3678,54,476
3678,55,150
3678,56,117
3678,57,634
3678,58,314
3678,59,335
3678,60,509
3678,61,256
3678,62,257
3678,63,368
3678,64,178
3678,65,342
3678,66,82
3678,67,48
3678,68,214
3678,69,214
3678,70,347
3678,71,8
3678,72,473
3678,73,568
3678,74,467
3678,75,433
3678,76,433
3678,77,423
3678,78,467
3678,79,430
3678,80,439
3679,41,210
3679,42,324
3679,43,178
3679,44,113
3679,45,193
3679,46,278
3679,47,438
3679,48,471
3679,49,428
3679,50,530
3679,51,143
3679,52,847
3679,53,497
3679,54,497
3679,55,135
3679,56,622
3679,57,617
3679,58,587
3679,59,464
3679,60,85
3679,61,838
3679,62,714
3679,63,18
3679,64,113
3679,65,146
3679,66,211
3679,67,448
3679,68,846
3679,69,211
3679,70,179
3679,71,113
3679,72,71
3679,73,5
3679,74,67
3679,75,71
3679,76,5
3679,77,34
3679,78,266
3679,79,467
3679,80,333
3680,41,234
3680,42,439
3680,43,423
3680,44,134
3680,45,28
3680,46,616
3680,47,389
3680,48,390
3680,49,467
3680,50,429
3680,51,965
3680,52,552
3680,53,552
3680,54,423
3680,55,334
3680,56,396
3680,57,426
3680,58,487
3680,59,356
3680,60,290
3680,61,62
3680,62,183
3680,63,841
3680,64,750
3680,65,750
3680,66,595
3680,67,529
3680,68,468
3680,69,468
3680,70,593
3680,71,531
3680,72,432
3680,73,304
3680,74,430
3680,75,519
3680,76,406
3680,77,503
3680,78,468
3680,79,466
3680,80,1003
3681,41,88
3681,42,195
3681,43,45
3681,44,620
3681,45,979
3681,46,657
3681,47,596
3681,48,754
3681,49,151
3681,50,870
3681,51,732
3681,52,702
3681,53,992
3681,54,992
3681,55,667
3681,56,1024
3681,57,831
3681,58,181
3681,59,511
3681,60,602
3681,61,510
3681,62,647
3681,63,562
3681,64,530
3681,65,531
3681,66,77
3681,67,580
3681,68,530
3681,69,348
3681,70,569
3681,71,243
3681,72,564
3681,73,550
3681,74,992
3681,75,797
3681,76,537
3681,77,569
3681,78,615
3681,79,666
3681,80,763
3682,41,123
3682,42,600
3682,43,684
3682,44,810
3682,45,779
3682,46,342
3682,47,584
3682,48,523
3682,49,796
3682,50,654
3682,51,717
3682,52,808
3682,53,456
3682,54,745
3682,55,616
3682,56,391
3682,57,391
3682,58,336
3682,59,468
3682,60,434
3682,61,284
3682,62,761
3682,63,269
3682,64,391
3682,65,425
3682,66,428
3682,67,142
3682,68,109
3682,69,142
3682,70,142
3682,71,482
3682,72,113
3682,73,178
3682,74,50
3682,75,50
3682,76,146
3682,77,142
3682,78,410
3682,79,458
3682,80,331
3683,41,386
3683,42,575
3683,43,441
3683,44,466
3683,45,436
3683,46,377
3683,47,533
3683,48,343
3683,49,402
3683,50,438
3683,51,374
3683,52,437
3683,53,438
3683,54,438
3683,55,426
3683,56,309
3683,57,501
3683,58,433
3683,59,428
3683,60,393
3683,61,839
3683,62,900
3683,63,535
3683,64,1018
3683,65,612
3683,66,140
3683,67,501
3683,68,20
3683,69,406
3683,70,499
3683,71,934
3683,72,375
3683,73,398
3683,74,235
3683,75,405
3683,76,932
3683,77,870
3683,78,104
3683,79,453
3683,80,69
3684,41,554
3684,42,880
3684,43,675
3684,44,737
3684,45,675
3684,46,609
3684,47,647
3684,48,649
3684,49,649
3684,50,584
3684,51,683
3684,52,652
3684,53,567
3684,54,777
3684,55,607
3684,56,221
3684,57,777
3684,58,373
3684,59,594
3684,60,622
3684,61,904
3684,62,170
3684,63,613
3684,64,452
3684,65,337
3684,66,338
3684,67,494
3684,68,337
3684,69,364
3684,70,423
3684,71,175
3684,72,519
3684,73,518
3684,74,24
3684,75,394
3684,76,712
3684,77,684
3684,78,777
3684,79,810
3684,80,717
3685,41,982
3685,42,897
3685,43,137
3685,44,897
3685,45,237
3685,46,204
3685,47,275
3685,48,435
3685,49,265
3685,50,168
3685,51,293
3685,52,71
3685,53,69
3685,54,785
3685,55,33
3685,56,66
3685,57,658
3685,58,35
3685,59,789
3685,60,99
3685,61,964
3685,62,984
3685,63,244
3685,64,687
3685,65,331
3685,66,331
3685,67,246
3685,68,425
3685,69,752
3685,70,163
3685,71,2
3685,72,292
3685,73,423
3685,74,494
3685,75,272
3685,76,303
3685,77,342
3685,78,270
3685,79,770
3685,80,271
3686,41,467
3686,42,961
3686,43,268
3686,44,686
3686,45,181
3686,46,204
3686,47,686
3686,48,686
3686,49,686
3686,50,686
3686,51,686
3686,52,686
3686,53,686
3686,54,686
3686,55,243
3686,56,686
3686,57,686
3686,58,686
3686,59,686
3686,60,686
3686,61,682
3686,62,310
3686,63,525
3686,64,297
3686,65,202
3686,66,12
3686,67,72
3686,68,74
3686,69,9
3686,70,106
3686,71,74
3686,72,138
3686,73,72
3686,74,411
3686,75,171
3686,76,140
3686,77,44
3686,78,77
3686,79,110
3686,80,142
3687,41,795
3687,42,266
3687,43,354
3687,44,717
3687,45,385
3687,46,815
3687,47,741
3687,48,741
3687,49,707
3687,50,738
3687,51,40
3687,52,419
3687,53,421
3687,54,647
3687,55,676
3687,56,709
3687,57,451
3687,58,331
3687,59,943
3687,60,103
3687,61,274
3687,62,924
3687,63,808
3687,64,744
3687,65,741
3687,66,809
3687,67,754
3687,68,1007
3687,69,729
3687,70,808
3687,71,908
3687,72,908
3687,73,712
3687,74,910
3687,75,116
3687,76,914
3687,77,712
3687,78,744
3687,79,777
3687,80,839
3688,41,241
3688,42,789
3688,43,874
3688,44,813
3688,45,305
3688,46,309
3688,47,276
3688,48,307
3688,49,342
3688,50,406
3688,51,343
3688,52,246
3688,53,362
3688,54,285
3688,55,344
3688,56,344
3688,57,790
3688,58,277
3688,59,968
3688,60,116
3688,61,440
3688,62,186
3688,63,534
3688,64,690
3688,65,532
3688,66,532
3688,67,597
3688,68,719
3688,69,719
3688,70,575
3688,71,718
3688,72,717
3688,73,557
3688,74,809
3688,75,809
3688,76,813
3688,77,874
3688,78,557
3688,79,688
3688,80,599
3689,41,261
3689,42,702
3689,43,1007
3689,44,849
3689,45,144
3689,46,851
3689,47,684
3689,48,747
3689,49,717
3689,50,717
3689,51,718
3689,52,718
3689,53,683
3689,54,681
3689,55,552
3689,56,361
3689,57,334
3689,58,337
3689,59,198
3689,60,681
3689,61,276
3689,62,694
3689,63,682
3689,64,391
3689,65,524
3689,66,299
3689,67,236
3689,68,888
3689,69,98
3689,70,66
3689,71,2
3689,72,70
3689,73,2
3689,74,203
3689,75,305
3689,76,277
3689,77,276
3689,78,365
3689,79,860
3689,80,743
3690,41,893
3690,42,369
3690,43,743
3690,44,839
3690,45,923
3690,46,146
3690,47,110
3690,48,109
3690,49,143
3690,50,72
3690,51,34
3690,52,36
3690,53,1
3690,54,70
3690,55,329
3690,56,67
3690,57,36
3690,58,72
3690,59,16
3690,60,142
3690,61,1000
3690,62,194
3690,63,181
3690,64,210
3690,65,176
3690,66,143
3690,67,176
3690,68,144
3690,69,719
3690,70,143
3690,71,205
3690,72,205
3690,73,143
3690,74,48
3690,75,264
3690,76,109
3690,77,109
3690,78,73
3690,79,74
3690,80,2
3691,41,837
3691,42,608
3691,43,147
3691,44,115
3691,45,115
3691,46,550
3691,47,110
3691,48,111
3691,49,459
3691,50,145
3691,51,78
3691,52,78
3691,53,48
3691,54,142
3691,55,109
3691,56,8
3691,57,811
3691,58,8
3691,59,401
3691,60,133
3691,61,80
3691,62,201
3691,63,80
3691,64,143
3691,65,210
3691,66,391
3691,67,531
3691,68,18
3691,69,114
3691,70,18
3691,71,18
3691,72,81
3691,73,146
3691,74,432
3691,75,18
3691,76,83
3691,77,920
3691,78,530
3691,79,115
3691,80,115
3692,41,729
3692,42,30
3692,43,66
3692,44,203
3692,45,238
3692,46,169
3692,47,70
3692,48,5
3692,49,68
3692,50,104
3692,51,986
3692,52,305
3692,53,36
3692,54,423
3692,55,166
3692,56,133
3692,57,198
3692,58,168
3692,59,164
3692,60,609
3692,61,196
3692,62,392
3692,63,640
3692,64,29
3692,65,444
3692,66,94
3692,67,66
3692,68,35
3692,69,202
3692,70,137
3692,71,743
3692,72,3
3692,73,2
3692,74,237
3692,75,169
3692,76,103
3692,77,202
3692,78,966
3692,79,270
3692,80,612
3693,41,148
3693,42,648
3693,43,20
3693,44,84
3693,45,248
3693,46,149
3693,47,443
3693,48,443
3693,49,443
3693,50,443
3693,51,271
3693,52,209
3693,53,211
3693,54,243
3693,55,774
3693,56,365
3693,57,856
3693,58,73
3693,59,431
3693,60,422
3693,61,550
3693,62,909
3693,63,149
3693,64,361
3693,65,409
3693,66,276
3693,67,304
3693,68,394
3693,69,394
3693,70,307
3693,71,22
3693,72,209
3693,73,181
3693,74,143
3693,75,143
3693,76,143
3693,77,869
3693,78,111
3693,79,78
3693,80,549
3694,41,1014
3694,42,859
3694,43,239
3694,44,47
3694,45,207
3694,46,240
3694,47,271
3694,48,234
3694,49,240
3694,50,170
3694,51,170
3694,52,207
3694,53,240
3694,54,240
3694,55,207
3694,56,206
3694,57,206
3694,58,207
3694,59,240
3694,60,240
3694,61,674
3694,62,236
3694,63,303
3694,64,303
3694,65,240
3694,66,691
3694,67,557
3694,68,207
3694,69,303
3694,70,303
3694,71,400
3694,72,240
3694,73,240
3694,74,240
3694,75,303
3694,76,303
3694,77,303
3694,78,127
3694,79,303
3694,80,303
3695,41,820
3695,42,620
3695,43,128
3695,44,205
3695,45,104
3695,46,36
3695,47,136
3695,48,200
3695,49,232
3695,50,201
3695,51,526
3695,52,330
3695,53,299
3695,54,769
3695,55,424
3695,56,843
3695,57,52
3695,58,259
3695,59,355
3695,60,356
3695,61,993
3695,62,45
3695,63,855
3695,64,424
3695,65,356
3695,66,390
3695,67,289
3695,68,249
3695,69,395
3695,70,296
3695,71,232
3695,72,607
3695,73,297
3695,74,399
3695,75,722
3695,76,395
3695,77,290
3695,78,289
3695,79,323
3695,80,428
3696,41,67
3696,42,91
3696,43,928
3696,44,896
3696,45,863
3696,46,863
3696,47,109
3696,48,475
3696,49,354
3696,50,728
3696,51,713
3696,52,703
3696,53,732
3696,54,928
3696,55,570
3696,56,765
3696,57,732
3696,58,733
3696,59,763
3696,60,895
3696,61,920
3696,62,374
3696,63,703
3696,64,701
3696,65,763
3696,66,667
3696,67,797
3696,68,9
3696,69,667
3696,70,473
3696,71,473
3696,72,215
3696,73,182
3696,74,52
3696,75,52
3696,76,29
3696,77,91
3696,78,182
3696,79,182
3696,80,612
3697,41,914
3697,42,53
3697,43,763
3697,44,710
3697,45,528
3697,46,528
3697,47,592
3697,48,530
3697,49,748
3697,50,534
3697,51,472
3697,52,54
3697,53,472
3697,54,580
3697,55,470
3697,56,431
3697,57,426
3697,58,93
3697,59,427
3697,60,34
3697,61,561
3697,62,602
3697,63,492
3697,64,523
3697,65,492
3697,66,822
3697,67,555
3697,68,618
3697,69,618
3697,70,602
3697,71,132
3697,72,455
3697,73,525
3697,74,493
3697,75,590
3697,76,522
3697,77,780
3697,78,431
3697,79,467
3697,80,375
3698,41,205
3698,42,188
3698,43,247
3698,44,246
3698,45,181
3698,46,243
3698,47,869
3698,48,303
3698,49,106
3698,50,365
3698,51,208
3698,52,181
3698,53,278
3698,54,277
3698,55,212
3698,56,808
3698,57,212
3698,58,212
3698,59,1010
3698,60,276
3698,61,824
3698,62,526
3698,63,246
3698,64,246
3698,65,197
3698,66,337
3698,67,930
3698,68,661
3698,69,509
3698,70,814
3698,71,179
3698,72,821
3698,73,311
3698,74,311
3698,75,278
3698,76,247
3698,77,246
3698,78,1011
3698,79,246
3698,80,278
3699,41,842
3699,42,119
3699,43,7
3699,44,8
3699,45,7
3699,46,71
3699,47,520
3699,48,264
3699,49,327
3699,50,423
3699,51,295
3699,52,232
3699,53,327
3699,54,134
3699,55,327
3699,56,423
3699,57,429
3699,58,467
3699,59,431
3699,60,392
3699,61,207
3699,62,588
3699,63,385
3699,64,322
3699,65,466
3699,66,463
3699,67,876
3699,68,370
3699,69,434
3699,70,730
3699,71,429
3699,72,531
3699,73,353
3699,74,751
3699,75,599
3699,76,597
3699,77,627
3699,78,593
3699,79,898
3699,80,657
3700,41,212
3700,42,940
3700,43,168
3700,44,173
3700,45,579
3700,46,168
3700,47,164
3700,48,271
3700,49,532
3700,50,173
3700,51,174
3700,52,204
3700,53,237
3700,54,298
3700,55,297
3700,56,361
3700,57,679
3700,58,295
3700,59,70
3700,60,277
3700,61,552
3700,62,561
3700,63,388
3700,64,774
3700,65,290
3700,66,870
3700,67,290
3700,68,289
3700,69,365
3700,70,855
3700,71,595
3700,72,529
3700,73,559
3700,74,650
3700,75,880
3700,76,610
3700,77,323
3700,78,164
3700,79,133
3700,80,199
3701,41,509
3701,42,45
3701,43,106
3701,44,24
3701,45,289
3701,46,389
3701,47,481
3701,48,450
3701,49,422
3701,50,323
3701,51,449
3701,52,449
3701,53,290
3701,54,323
3701,55,419
3701,56,870
3701,57,259
3701,58,418
3701,59,453
3701,60,283
3701,61,219
3701,62,107
3701,63,431
3701,64,432
3701,65,342
3701,66,742
3701,67,472
3701,68,435
3701,69,471
3701,70,431
3701,71,431
3701,72,427
3701,73,481
3701,74,450
3701,75,12
3701,76,821
3701,77,355
3701,78,354
3701,79,421
3701,80,389
3702,41,146
3702,42,105
3702,43,667
3702,44,667
3702,45,826
3702,46,763
3702,47,793
3702,48,825
3702,49,825
3702,50,825
3702,51,784
3702,52,667
3702,53,672
3702,54,159
3702,55,701
3702,56,895
3702,57,832
3702,58,960
3702,59,765
3702,60,732
3702,61,40
3702,62,171
3702,63,283
3702,64,960
3702,65,324
3702,66,155
3702,67,667
3702,68,667
3702,69,732
3702,70,442
3702,71,42
3702,72,667
3702,73,667
3702,74,763
3702,75,800
3702,76,248
3702,77,117
3702,78,85
3702,79,20
3702,80,84
3703,41,55
3703,42,131
3703,43,356
3703,44,322
3703,45,417
3703,46,513
3703,47,392
3703,48,298
3703,49,192
3703,50,330
3703,51,330
3703,52,362
3703,53,618
3703,54,358
3703,55,661
3703,56,326
3703,57,358
3703,58,297
3703,59,122
3703,60,140
3703,61,23
3703,62,50
3703,63,233
3703,64,614
3703,65,173
3703,66,959
3703,67,987
3703,68,233
3703,69,202
3703,70,961
3703,71,137
3703,72,908
3703,73,141
3703,74,299
3703,75,363
3703,76,941
3703,77,107
3703,78,139
3703,79,446
3703,80,165
3704,41,43
3704,42,5
3704,43,172
3704,44,396
3704,45,209
3704,46,345
3704,47,431
3704,48,432
3704,49,301
3704,50,301
3704,51,333
3704,52,399
3704,53,367
3704,54,394
3704,55,394
3704,56,461
3704,57,832
3704,58,398
3704,59,423
3704,60,366
3704,61,803
3704,62,870
3704,63,337
3704,64,22
3704,65,151
3704,66,311
3704,67,311
3704,68,1018
3704,69,185
3704,70,188
3704,71,218
3704,72,878
3704,73,188
3704,74,188
3704,75,22
3704,76,283
3704,77,217
3704,78,217
3704,79,217
3704,80,218
3705,41,650
3705,42,366
3705,43,79
3705,44,499
3705,45,146
3705,46,181
3705,47,181
3705,48,179
3705,49,113
3705,50,146
3705,51,115
3705,52,82
3705,53,82
3705,54,244
3705,55,82
3705,56,134
3705,57,276
3705,58,276
3705,59,276
3705,60,309
3705,61,78
3705,62,968
3705,63,478
3705,64,378
3705,65,345
3705,66,620
3705,67,60
3705,68,157
3705,69,94
3705,70,216
3705,71,122
3705,72,247
3705,73,342
3705,74,278
3705,75,312
3705,76,247
3705,77,280
3705,78,150
3705,79,149
3705,80,877
3706,41,832
3706,42,563
3706,43,469
3706,44,657
3706,45,596
3706,46,614
3706,47,176
3706,48,501
3706,49,123
3706,50,911
3706,51,786
3706,52,844
3706,53,849
3706,54,849
3706,55,567
3706,56,787
3706,57,786
3706,58,1007
3706,59,630
3706,60,23
3706,61,637
3706,62,932
3706,63,597
3706,64,693
3706,65,662
3706,66,662
3706,67,657
3706,68,626
3706,69,535
3706,70,693
3706,71,505
3706,72,505
3706,73,346
3706,74,84
3706,75,117
3706,76,115
3706,77,211
3706,78,926
3706,79,211
3706,80,112
3707,41,725
3707,42,65
3707,43,354
3707,44,2
3707,45,822
3707,46,289
3707,47,290
3707,48,1002
3707,49,7
3707,50,323
3707,51,391
3707,52,322
3707,53,322
3707,54,354
3707,55,525
3707,56,5
3707,57,420
3707,58,386
3707,59,356
3707,60,356
3707,61,400
3707,62,222
3707,63,132
3707,64,466
3707,65,131
3707,66,709
3707,67,69
3707,68,3
3707,69,517
3707,70,165
3707,71,449
3707,72,191
3707,73,131
3707,74,162
3707,75,101
3707,76,35
3707,77,3
3707,78,99
3707,79,99
3707,80,99
3708,41,275
3708,42,185
3708,43,488
3708,44,871
3708,45,488
3708,46,394
3708,47,394
3708,48,77
3708,49,395
3708,50,395
3708,51,299
3708,52,299
3708,53,298
3708,54,331
3708,55,109
3708,56,140
3708,57,74
3708,58,615
3708,59,12
3708,60,12
3708,61,272
3708,62,392
3708,63,777
3708,64,7
3708,65,808
3708,66,810
3708,67,487
3708,68,518
3708,69,487
3708,70,456
3708,71,456
3708,72,649
3708,73,649
3708,74,777
3708,75,456
3708,76,745
3708,77,662
3708,78,552
3708,79,713
3708,80,683
3709,41,338
3709,42,800
3709,43,193
3709,44,193
3709,45,193
3709,46,844
3709,47,194
3709,48,21
3709,49,305
3709,50,68
3709,51,69
3709,52,69
3709,53,101
3709,54,681
3709,55,67
3709,56,67
3709,57,166
3709,58,162
3709,59,132
3709,60,121
3709,61,574
3709,62,906
3709,63,513
3709,64,483
3709,65,324
3709,66,291
3709,67,99
3709,68,259
3709,69,163
3709,70,323
3709,71,289
3709,72,324
3709,73,449
3709,74,291
3709,75,906
3709,76,226
3709,77,680
3709,78,226
3709,79,872
3709,80,227
3710,41,890
3710,42,462
3710,43,242
3710,44,374
3710,45,203
3710,46,839
3710,47,807
3710,48,903
3710,49,48
3710,50,872
3710,51,941
3710,52,935
3710,53,868
3710,54,249
3710,55,807
3710,56,936
3710,57,838
3710,58,809
3710,59,196
3710,60,941
3710,61,293
3710,62,241
3710,63,842
3710,64,966
3710,65,1000
3710,66,870
3710,67,807
3710,68,162
3710,69,904
3710,70,777
3710,71,605
3710,72,936
3710,73,1000
3710,74,729
3710,75,842
3710,76,842
3710,77,842
3710,78,557
3710,79,903
3710,80,1000
3711,41,429
3711,42,577
3711,43,809
3711,44,713
3711,45,777
3711,46,501
3711,47,450
3711,48,452
3711,49,389
3711,50,343
3711,51,468
3711,52,681
3711,53,456
3711,54,388
3711,55,151
3711,56,424
3711,57,578
3711,58,737
3711,59,610
3711,60,514
3711,61,513
3711,62,808
3711,63,641
3711,64,421
3711,65,11
3711,66,493
3711,67,525
3711,68,560
3711,69,530
3711,70,406
3711,71,343
3711,72,476
3711,73,640
3711,74,410
3711,75,848
3711,76,343
3711,77,344
3711,78,306
3711,79,304
3711,80,212
3712,41,537
3712,42,497
3712,43,240
3712,44,282
3712,45,240
3712,46,208
3712,47,208
3712,48,209
3712,49,176
3712,50,180
3712,51,180
3712,52,214
3712,53,245
3712,54,555
3712,55,246
3712,56,278
3712,57,578
3712,58,755
3712,59,435
3712,60,343
3712,61,708
3712,62,915
3712,63,334
3712,64,303
3712,65,211
3712,66,181
3712,67,214
3712,68,213
3712,69,62
3712,70,214
3712,71,181
3712,72,212
3712,73,214
3712,74,246
3712,75,247
3712,76,279
3712,77,592
3712,78,512
3712,79,280
3712,80,311
3713,41,956
3713,42,561
3713,43,197
3713,44,71
3713,45,203
3713,46,5
3713,47,69
3713,48,260
3713,49,42
3713,50,72
3713,51,422
3713,52,5
3713,53,70
3713,54,893
3713,55,387
3713,56,36
3713,57,69
3713,58,486
3713,59,108
3713,60,75
3713,61,442
3713,62,166
3713,63,40
3713,64,72
3713,65,3
3713,66,69
3713,67,920
3713,68,303
3713,69,37
3713,70,275
3713,71,270
3713,72,338
3713,73,318
3713,74,3
3713,75,66
3713,76,33
3713,77,67
3713,78,70
3713,79,867
3713,80,212
3714,41,978
3714,42,159
3714,43,255
3714,44,255
3714,45,285
3714,46,220
3714,47,220
3714,48,220
3714,49,834
3714,50,220
3714,51,220
3714,52,281
3714,53,216
3714,54,153
3714,55,545
3714,56,218
3714,57,218
3714,58,360
3714,59,197
3714,60,252
3714,61,851
3714,62,446
3714,63,504
3714,64,598
3714,65,598
3714,66,469
3714,67,537
3714,68,186
3714,69,600
3714,70,535
3714,71,474
3714,72,598
3714,73,665
3714,74,600
3714,75,695
3714,76,728
3714,77,732
3714,78,602
3714,79,602
3714,80,574
3715,41,69
3715,42,389
3715,43,694
3715,44,750
3715,45,688
3715,46,596
3715,47,596
3715,48,598
3715,49,786
3715,50,848
3715,51,1003
3715,52,1007
3715,53,908
3715,54,817
3715,55,566
3715,56,862
3715,57,750
3715,58,566
3715,59,973
3715,60,788
3715,61,230
3715,62,850
3715,63,874
3715,64,449
3715,65,597
3715,66,688
3715,67,842
3715,68,935
3715,69,737
3715,70,813
3715,71,904
3715,72,636
3715,73,959
3715,74,755
3715,75,233
3715,76,723
3715,77,756
3715,78,817
3715,79,628
3715,80,382
3716,41,54
3716,42,412
3716,43,601
3716,44,355
3716,45,601
3716,46,634
3716,47,634
3716,48,602
3716,49,570
3716,50,634
3716,51,601
3716,52,632
3716,53,632
3716,54,601
3716,55,506
3716,56,570
3716,57,769
3716,58,601
3716,59,700
3716,60,506
3716,61,184
3716,62,451
3716,63,601
3716,64,665
3716,65,665
3716,66,698
3716,67,732
3716,68,920
3716,69,1016
3716,70,984
3716,71,951
3716,72,1012
3716,73,109
3716,74,731
3716,75,794
3716,76,762
3716,77,728
3716,78,776
3716,79,759
3716,80,952
3717,41,348
3717,42,35
3717,43,443
3717,44,674
3717,45,968
3717,46,474
3717,47,129
3717,48,535
3717,49,565
3717,50,84
3717,51,566
3717,52,536
3717,53,535
3717,54,596
3717,55,438
3717,56,393
3717,57,245
3717,58,246
3717,59,52
3717,60,137
3717,61,573
3717,62,366
3717,63,410
3717,64,467
3717,65,468
3717,66,425
3717,67,396
3717,68,949
3717,69,429
3717,70,596
3717,71,880
3717,72,942
3717,73,879
3717,74,879
3717,75,817
3717,76,724
3717,77,756
3717,78,6
3717,79,141
3717,80,499
3718,41,253
3718,42,649
3718,43,323
3718,44,340
3718,45,390
3718,46,233
3718,47,419
3718,48,385
3718,49,385
3718,50,449
3718,51,450
3718,52,452
3718,53,449
3718,54,356
3718,55,99
3718,56,227
3718,57,414
3718,58,509
3718,59,414
3718,60,35
3718,61,859
3718,62,338
3718,63,493
3718,64,654
3718,65,654
3718,66,654
3718,67,428
3718,68,507
3718,69,436
3718,70,323
3718,71,389
3718,72,227
3718,73,449
3718,74,390
3718,75,777
3718,76,929
3718,77,780
3718,78,88
3718,79,431
3718,80,470
3719,41,12
3719,42,471
3719,43,77
3719,44,443
3719,45,568
3719,46,600
3719,47,535
3719,48,598
3719,49,630
3719,50,728
3719,51,727
3719,52,726
3719,53,154
3719,54,757
3719,55,761
3719,56,728
3719,57,731
3719,58,733
3719,59,856
3719,60,763
3719,61,876
3719,62,365
3719,63,544
3719,64,664
3719,65,694
3719,66,535
3719,67,663
3719,68,598
3719,69,596
3719,70,563
3719,71,531
3719,72,529
3719,73,350
3719,74,592
3719,75,531
3719,76,620
3719,77,809
3719,78,584
3719,79,403
3719,80,519
3720,41,129
3720,42,693
3720,43,488
3720,44,478
3720,45,785
3720,46,475
3720,47,506
3720,48,410
3720,49,732
3720,50,602
3720,51,602
3720,52,602
3720,53,569
3720,54,568
3720,55,568
3720,56,505
3720,57,568
3720,58,863
3720,59,888
3720,60,35
3720,61,639
3720,62,245
3720,63,635
3720,64,739
3720,65,410
3720,66,506
3720,67,506
3720,68,8
3720,69,346
3720,70,280
3720,71,311
3720,72,246
3720,73,211
3720,74,243
3720,75,314
3720,76,366
3720,77,664
3720,78,815
3720,79,429
3720,80,428
3721,41,66
3721,42,849
3721,43,808
3721,44,719
3721,45,738
3721,46,706
3721,47,578
3721,48,805
3721,49,86
3721,50,903
3721,51,875
3721,52,743
3721,53,617
3721,54,745
3721,55,840
3721,56,807
3721,57,777
3721,58,1000
3721,59,903
3721,60,772
3721,61,834
3721,62,295
3721,63,837
3721,64,707
3721,65,706
3721,66,612
3721,67,768
3721,68,644
3721,69,611
3721,70,424
3721,71,335
3721,72,310
3721,73,315
3721,74,255
3721,75,248
3721,76,12
3721,77,247
3721,78,20
3721,79,84
3721,80,52
3722,41,383
3722,42,753
3722,43,134
3722,44,99
3722,45,301
3722,46,323
3722,47,468
3722,48,815
3722,49,284
3722,50,152
3722,51,185
3722,52,157
3722,53,64
3722,54,281
3722,55,542
3722,56,95
3722,57,50
3722,58,183
3722,59,149
3722,60,117
3722,61,236
3722,62,265
3722,63,275
3722,64,276
3722,65,313
3722,66,283
3722,67,254
3722,68,255
3722,69,284
3722,70,377
3722,71,344
3722,72,375
3722,73,246
3722,74,117
3722,75,289
3722,76,84
3722,77,183
3722,78,777
3722,79,215
3722,80,85
3723,41,595
3723,42,496
3723,43,110
3723,44,80
3723,45,240
3723,46,207
3723,47,240
3723,48,858
3723,49,241
3723,50,82
3723,51,48
3723,52,331
3723,53,365
3723,54,337
3723,55,365
3723,56,335
3723,57,267
3723,58,236
3723,59,304
3723,60,840
3723,61,451
3723,62,724
3723,63,144
3723,64,920
3723,65,146
3723,66,167
3723,67,36
3723,68,36
3723,69,69
3723,70,756
3723,71,101
3723,72,69
3723,73,84
3723,74,37
3723,75,69
3723,76,69
3723,77,649
3723,78,210
3723,79,147
3723,80,149
3724,41,735
3724,42,826
3724,43,292
3724,44,149
3724,45,20
3724,46,182
3724,47,17
3724,48,20
3724,49,313
3724,50,903
3724,51,279
3724,52,279
3724,53,279
3724,54,248
3724,55,280
3724,56,280
3724,57,313
3724,58,783
3724,59,182
3724,60,182
3724,61,715
3724,62,845
3724,63,246
3724,64,246
3724,65,246
3724,66,246
3724,67,246
3724,68,246
3724,69,279
3724,70,280
3724,71,207
3724,72,279
3724,73,404
3724,74,279
3724,75,566
3724,76,117
3724,77,248
3724,78,313
3724,79,182
3724,80,182
3725,41,988
3725,42,448
3725,43,101
3725,44,134
3725,45,280
3725,46,375
3725,47,176
3725,48,380
3725,49,211
3725,50,211
3725,51,338
3725,52,26
3725,53,218
3725,54,692
3725,55,125
3725,56,91
3725,57,118
3725,58,153
3725,59,91
3725,60,60
3725,61,911
3725,62,262
3725,63,285
3725,64,426
3725,65,281
3725,66,444
3725,67,411
3725,68,444
3725,69,313
3725,70,184
3725,71,122
3725,72,309
3725,73,503
3725,74,536
3725,75,503
3725,76,504
3725,77,237
3725,78,277
3725,79,246
3725,80,952
3726,41,854
3726,42,382
3726,43,2
3726,44,170
3726,45,203
3726,46,203
3726,47,549
3726,48,203
3726,49,670
3726,50,167
3726,51,102
3726,52,992
3726,53,165
3726,54,290
3726,55,861
3726,56,390
3726,57,163
3726,58,163
3726,59,161
3726,60,863
3726,61,474
3726,62,553
3726,63,2
3726,64,2
3726,65,2
3726,66,2
3726,67,854
3726,68,102
3726,69,164
3726,70,101
3726,71,744
3726,72,251
3726,73,101
3726,74,101
3726,75,380
3726,76,102
3726,77,932
3726,78,166
3726,79,166
3726,80,203
3727,41,446
3727,42,775
3727,43,739
3727,44,743
3727,45,775
3727,46,775
3727,47,775
3727,48,743
3727,49,742
3727,50,742
3727,51,675
3727,52,902
3727,53,678
3727,54,647
3727,55,201
3727,56,614
3727,57,609
3727,58,610
3727,59,749
3727,60,613
3727,61,331
3727,62,698
3727,63,679
3727,64,646
3727,65,1013
3727,66,617
3727,67,647
3727,68,712
3727,69,647
3727,70,648
3727,71,184
3727,72,737
3727,73,117
3727,74,742
3727,75,53
3727,76,1004
3727,77,202
3727,78,545
3727,79,481
3727,80,743
3728,41,384
3728,42,381
3728,43,223
3728,44,224
3728,45,522
3728,46,285
3728,47,746
3728,48,252
3728,49,252
3728,50,282
3728,51,156
3728,52,992
3728,53,187
3728,54,218
3728,55,188
3728,56,188
3728,57,715
3728,58,95
3728,59,604
3728,60,60
3728,61,587
3728,62,688
3728,63,224
3728,64,222
3728,65,189
3728,66,189
3728,67,24
3728,68,581
3728,69,282
3728,70,282
3728,71,218
3728,72,282
3728,73,152
3728,74,118
3728,75,603
3728,76,190
3728,77,125
3728,78,94
3728,79,428
3728,80,184
3729,41,699
3729,42,924
3729,43,135
3729,44,99
3729,45,99
3729,46,794
3729,47,99
3729,48,38
3729,49,4
3729,50,68
3729,51,36
3729,52,718
3729,53,36
3729,54,5
3729,55,360
3729,56,326
3729,57,326
3729,58,326
3729,59,445
3729,60,326
3729,61,290
3729,62,834
3729,63,285
3729,64,101
3729,65,101
3729,66,101
3729,67,307
3729,68,101
3729,69,164
3729,70,508
3729,71,164
3729,72,296
3729,73,101
3729,74,62
3729,75,235
3729,76,235
3729,77,235
3729,78,964
3729,79,235
3729,80,235
3730,41,171
3730,42,386
3730,43,314
3730,44,316
3730,45,285
3730,46,255
3730,47,346
3730,48,346
3730,49,346
3730,50,315
3730,51,83
3730,52,250
3730,53,284
3730,54,285
3730,55,316
3730,56,906
3730,57,255
3730,58,288
3730,59,563
3730,60,409
3730,61,911
3730,62,288
3730,63,216
3730,64,137
3730,65,413
3730,66,698
3730,67,436
3730,68,118
3730,69,498
3730,70,152
3730,71,152
3730,72,118
3730,73,218
3730,74,283
3730,75,249
3730,76,315
3730,77,284
3730,78,284
3730,79,282
3730,80,283
3731,41,866
3731,42,599
3731,43,74
3731,44,482
3731,45,61
3731,46,69
3731,47,69
3731,48,69
3731,49,69
3731,50,69
3731,51,5
3731,52,461
3731,53,577
3731,54,34
3731,55,66
3731,56,65
3731,57,781
3731,58,67
3731,59,195
3731,60,194
3731,61,359
3731,62,195
3731,63,75
3731,64,75
3731,65,73
3731,66,358
3731,67,391
3731,68,586
3731,69,713
3731,70,745
3731,71,584
3731,72,649
3731,73,456
3731,74,487
3731,75,143
3731,76,734
3731,77,557
3731,78,589
3731,79,461
3731,80,559
3732,41,644
3732,42,981
3732,43,436
3732,44,505
3732,45,505
3732,46,376
3732,47,376
3732,48,905
3732,49,575
3732,50,280
3732,51,248
3732,52,84
3732,53,149
3732,54,84
3732,55,20
3732,56,182
3732,57,84
3732,58,151
3732,59,22
3732,60,215
3732,61,296
3732,62,601
3732,63,315
3732,64,287
3732,65,288
3732,66,288
3732,67,224
3732,68,441
3732,69,281
3732,70,250
3732,71,634
3732,72,729
3732,73,256
3732,74,293
3732,75,229
3732,76,256
3732,77,224
3732,78,313
3732,79,149
3732,80,378
3733,41,438
3733,42,518
3733,43,205
3733,44,488
3733,45,809
3733,46,873
3733,47,979
3733,48,630
3733,49,818
3733,50,603
3733,51,445
3733,52,765
3733,53,832
3733,54,928
3733,55,960
3733,56,895
3733,57,992
3733,58,700
3733,59,538
3733,60,538
3733,61,79
3733,62,606
3733,63,168
3733,64,163
3733,65,356
3733,66,356
3733,67,81
3733,68,681
3733,69,776
3733,70,423
3733,71,552
3733,72,908
3733,73,684
3733,74,712
3733,75,616
3733,76,327
3733,77,421
3733,78,200
3733,79,134
3733,80,264
3734,41,158
3734,42,103
3734,43,394
3734,44,395
3734,45,450
3734,46,481
3734,47,452
3734,48,658
3734,49,648
3734,50,399
3734,51,616
3734,52,552
3734,53,713
3734,54,683
3734,55,557
3734,56,583
3734,57,323
3734,58,396
3734,59,777
3734,60,616
3734,61,95
3734,62,157
3734,63,145
3734,64,469
3734,65,755
3734,66,817
3734,67,942
3734,68,974
3734,69,848
3734,70,597
3734,71,775
3734,72,528
3734,73,62
3734,74,557
3734,75,426
3734,76,450
3734,77,452
3734,78,576
3734,79,485
3734,80,450
3735,41,337
3735,42,488
3735,43,5
3735,44,37
3735,45,100
3735,46,68
3735,47,195
3735,48,227
3735,49,227
3735,50,67
3735,51,267
3735,52,131
3735,53,131
3735,54,99
3735,55,322
3735,56,417
3735,57,1000
3735,58,163
3735,59,163
3735,60,163
3735,61,718
3735,62,199
3735,63,163
3735,64,198
3735,65,168
3735,66,163
3735,67,291
3735,68,67
3735,69,5
3735,70,5
3735,71,29
3735,72,173
3735,73,195
3735,74,780
3735,75,67
3735,76,99
3735,77,98
3735,78,131
3735,79,161
3735,80,709
3736,41,495
3736,42,633
3736,43,357
3736,44,44
3736,45,12
3736,46,139
3736,47,42
3736,48,41
3736,49,9
3736,50,132
3736,51,140
3736,52,140
3736,53,140
3736,54,110
3736,55,108
3736,56,10
3736,57,103
3736,58,103
3736,59,237
3736,60,309
3736,61,961
3736,62,742
3736,63,202
3736,64,11
3736,65,283
3736,66,12
3736,67,44
3736,68,12
3736,69,108
3736,70,41
3736,71,34
3736,72,65
3736,73,67
3736,74,800
3736,75,36
3736,76,110
3736,77,79
3736,78,46
3736,79,79
3736,80,12
3737,41,821
3737,42,400
3737,43,728
3737,44,729
3737,45,729
3737,46,667
3737,47,569
3737,48,142
3737,49,960
3737,50,960
3737,51,124
3737,52,10
3737,53,652
3737,54,1024
3737,55,209
3737,56,862
3737,57,667
3737,58,472
3737,59,471
3737,60,503
3737,61,910
3737,62,82
3737,63,667
3737,64,600
3737,65,566
3737,66,430
3737,67,432
3737,68,505
3737,69,687
3737,70,569
3737,71,536
3737,72,630
3737,73,962
3737,74,306
3737,75,843
3737,76,600
3737,77,595
3737,78,535
3737,79,598
3737,80,236
3738,41,740
3738,42,161
3738,43,356
3738,44,68
3738,45,5
3738,46,5
3738,47,104
3738,48,179
3738,49,210
3738,50,143
3738,51,177
3738,52,143
3738,53,240
3738,54,303
3738,55,724
3738,56,240
3738,57,240
3738,58,303
3738,59,305
3738,60,185
3738,61,803
3738,62,921
3738,63,394
3738,64,392
3738,65,276
3738,66,432
3738,67,18
3738,68,50
3738,69,179
3738,70,440
3738,71,604
3738,72,280
3738,73,149
3738,74,248
3738,75,497
3738,76,536
3738,77,504
3738,78,343
3738,79,191
3738,80,427
3739,41,562
3739,42,337
3739,43,867
3739,44,348
3739,45,348
3739,46,348
3739,47,348
3739,48,213
3739,49,351
3739,50,346
3739,51,899
3739,52,316
3739,53,350
3739,54,317
3739,55,317
3739,56,640
3739,57,550
3739,58,348
3739,59,415
3739,60,608
3739,61,546
3739,62,593
3739,63,288
3739,64,316
3739,65,344
3739,66,309
3739,67,690
3739,68,275
3739,69,278
3739,70,278
3739,71,277
3739,72,245
3739,73,246
3739,74,565
3739,75,662
3739,76,536
3739,77,634
3739,78,536
3739,79,724
3739,80,692
3740,41,501
3740,42,892
3740,43,342
3740,44,472
3740,45,503
3740,46,466
3740,47,428
3740,48,802
3740,49,449
3740,50,422
3740,51,649
3740,52,684
3740,53,587
3740,54,649
3740,55,808
3740,56,781
3740,57,567
3740,58,695
3740,59,728
3740,60,662
3740,61,527
3740,62,1004
3740,63,24
3740,64,237
3740,65,204
3740,66,71
3740,67,32
3740,68,71
3740,69,104
3740,70,205
3740,71,162
3740,72,739
3740,73,198
3740,74,949
3740,75,255
3740,76,141
3740,77,268
3740,78,237
3740,79,304
3740,80,102
3741,41,625
3741,42,173
3741,43,41
3741,44,9
3741,45,12
3741,46,12
3741,47,922
3741,48,72
3741,49,76
3741,50,860
3741,51,76
3741,52,74
3741,53,107
3741,54,479
3741,55,768
3741,56,74
3741,57,171
3741,58,76
3741,59,111
3741,60,144
3741,61,969
3741,62,802
3741,63,164
3741,64,333
3741,65,794
3741,66,327
3741,67,478
3741,68,326
3741,69,390
3741,70,235
3741,71,421
3741,72,421
3741,73,357
3741,74,398
3741,75,582
3741,76,441
3741,77,426
3741,78,227
3741,79,596
3741,80,735
3742,41,433
3742,42,279
3742,43,442
3742,44,703
3742,45,703
3742,46,659
3742,47,474
3742,48,506
3742,49,474
3742,50,582
3742,51,407
3742,52,440
3742,53,885
3742,54,759
3742,55,469
3742,56,598
3742,57,732
3742,58,474
3742,59,620
3742,60,471
3742,61,82
3742,62,526
3742,63,938
3742,64,473
3742,65,425
3742,66,431
3742,67,472
3742,68,406
3742,69,763
3742,70,198
3742,71,698
3742,72,634
3742,73,863
3742,74,506
3742,75,765
3742,76,570
3742,77,505
3742,78,569
3742,79,700
3742,80,177
3743,41,939
3743,42,567
3743,43,198
3743,44,540
3743,45,540
3743,46,537
3743,47,204
3743,48,537
3743,49,537
3743,50,505
3743,51,539
3743,52,607
3743,53,608
3743,54,608
3743,55,574
3743,56,638
3743,57,616
3743,58,465
3743,59,541
3743,60,537
3743,61,334
3743,62,954
3743,63,540
3743,64,602
3743,65,539
3743,66,337
3743,67,474
3743,68,509
3743,69,380
3743,70,678
3743,71,537
3743,72,537
3743,73,537
3743,74,537
3743,75,541
3743,76,476
3743,77,474
3743,78,541
3743,79,540
3743,80,607
3744,41,185
3744,42,798
3744,43,425
3744,44,467
3744,45,402
3744,46,467
3744,47,337
3744,48,718
3744,49,406
3744,50,150
3744,51,182
3744,52,151
3744,53,780
3744,54,26
3744,55,51
3744,56,505
3744,57,25
3744,58,25
3744,59,460
3744,60,91
3744,61,90
3744,62,336
3744,63,361
3744,64,365
3744,65,967
3744,66,391
3744,67,388
3744,68,388
3744,69,389
3744,70,71
3744,71,482
3744,72,133
3744,73,133
3744,74,100
3744,75,133
3744,76,166
3744,77,164
3744,78,198
3744,79,103
3744,80,103
3745,41,979
3745,42,249
3745,43,315
3745,44,623
3745,45,266
3745,46,493
3745,47,917
3745,48,879
3745,49,503
3745,50,297
3745,51,330
3745,52,299
3745,53,235
3745,54,523
3745,55,72
3745,56,235
3745,57,205
3745,58,564
3745,59,142
3745,60,907
3745,61,341
3745,62,681
3745,63,556
3745,64,653
3745,65,682
3745,66,936
3745,67,905
3745,68,873
3745,69,873
3745,70,688
3745,71,778
3745,72,748
3745,73,841
3745,74,855
3745,75,778
3745,76,834
3745,77,110
3745,78,837
3745,79,872
3745,80,966
3746,41,140
3746,42,950
3746,43,871
3746,44,744
3746,45,709
3746,46,835
3746,47,740
3746,48,612
3746,49,583
3746,50,737
3746,51,914
3746,52,742
3746,53,808
3746,54,936
3746,55,290
3746,56,842
3746,57,968
3746,58,840
3746,59,981
3746,60,808
3746,61,786
3746,62,843
3746,63,610
3746,64,773
3746,65,806
3746,66,806
3746,67,807
3746,68,675
3746,69,675
3746,70,797
3746,71,481
3746,72,543
3746,73,739
3746,74,610
3746,75,545
3746,76,513
3746,77,675
3746,78,41
3746,79,290
3746,80,291
3747,41,545
3747,42,493
3747,43,240
3747,44,542
3747,45,437
3747,46,316
3747,47,381
3747,48,381
3747,49,382
3747,50,415
3747,51,224
3747,52,619
3747,53,254
3747,54,378
3747,55,476
3747,56,346
3747,57,52
3747,58,389
3747,59,289
3747,60,603
3747,61,1008
3747,62,897
3747,63,973
3747,64,1007
3747,65,128
3747,66,832
3747,67,974
3747,68,1006
3747,69,841
3747,70,719
3747,71,935
3747,72,935
3747,73,1000
3747,74,997
3747,75,967
3747,76,512
3747,77,874
3747,78,997
3747,79,967
3747,80,966
3748,41,662
3748,42,633
3748,43,326
3748,44,294
3748,45,70
3748,46,69
3748,47,40
3748,48,134
3748,49,358
3748,50,450
3748,51,745
3748,52,552
3748,53,617
3748,54,358
3748,55,359
3748,56,295
3748,57,390
3748,58,295
3748,59,558
3748,60,264
3748,61,150
3748,62,450
3748,63,40
3748,64,40
3748,65,71
3748,66,199
3748,67,135
3748,68,232
3748,69,233
3748,70,422
3748,71,423
3748,72,296
3748,73,231
3748,74,232
3748,75,326
3748,76,233
3748,77,201
3748,78,463
3748,79,451
3748,80,452
3749,41,705
3749,42,879
3749,43,237
3749,44,203
3749,45,106
3749,46,169
3749,47,3
3749,48,3
3749,49,987
3749,50,35
3749,51,33
3749,52,37
3749,53,37
3749,54,70
3749,55,801
3749,56,172
3749,57,139
3749,58,137
3749,59,103
3749,60,657
3749,61,787
3749,62,130
3749,63,471
3749,64,39
3749,65,579
3749,66,219
3749,67,200
3749,68,135
3749,69,199
3749,70,134
3749,71,37
3749,72,2
3749,73,471
3749,74,33
3749,75,67
3749,76,33
3749,77,35
3749,78,70
3749,79,70
3749,80,70
3750,41,331
3750,42,754
3750,43,451
3750,44,195
3750,45,467
3750,46,467
3750,47,429
3750,48,235
3750,49,766
3750,50,109
3750,51,16
3750,52,80
3750,53,205
3750,54,205
3750,55,205
3750,56,562
3750,57,113
3750,58,146
3750,59,81
3750,60,112
3750,61,160
3750,62,240
3750,63,390
3750,64,363
3750,65,267
3750,66,450
3750,67,450
3750,68,391
3750,69,422
3750,70,423
3750,71,423
3750,72,470
3750,73,475
3750,74,471
3750,75,596
3750,76,250
3750,77,72
3750,78,737
3750,79,273
3750,80,794
3751,41,302
3751,42,484
3751,43,276
3751,44,203
3751,45,677
3751,46,205
3751,47,45
3751,48,237
3751,49,686
3751,50,169
3751,51,136
3751,52,37
3751,53,3
3751,54,504
3751,55,472
3751,56,238
3751,57,203
3751,58,103
3751,59,275
3751,60,303
3751,61,971
3751,62,393
3751,63,237
3751,64,238
3751,65,372
3751,66,202
3751,67,439
3751,68,407
3751,69,342
3751,70,305
3751,71,407
3751,72,168
3751,73,199
3751,74,165
3751,75,198
3751,76,139
3751,77,104
3751,78,35
3751,79,3
3751,80,1010
3752,41,267
3752,42,595
3752,43,182
3752,44,178
3752,45,114
3752,46,177
3752,47,664
3752,48,217
3752,49,179
3752,50,113
3752,51,179
3752,52,216
3752,53,309
3752,54,396
3752,55,306
3752,56,153
3752,57,28
3752,58,60
3752,59,29
3752,60,183
3752,61,669
3752,62,971
3752,63,415
3752,64,362
3752,65,157
3752,66,381
3752,67,349
3752,68,349
3752,69,382
3752,70,415
3752,71,381
3752,72,527
3752,73,349
3752,74,415
3752,75,351
3752,76,352
3752,77,384
3752,78,384
3752,79,382
3752,80,413
3753,41,363
3753,42,794
3753,43,240
3753,44,241
3753,45,241
3753,46,241
3753,47,260
3753,48,725
3753,49,240
3753,50,206
3753,51,206
3753,52,975
3753,53,206
3753,54,390
3753,55,211
3753,56,273
3753,57,241
3753,58,240
3753,59,211
3753,60,181
3753,61,910
3753,62,916
3753,63,558
3753,64,236
3753,65,763
3753,66,206
3753,67,303
3753,68,303
3753,69,271
3753,70,280
3753,71,313
3753,72,478
3753,73,480
3753,74,468
3753,75,407
3753,76,503
3753,77,106
3753,78,645
3753,79,570
3753,80,470
3754,41,549
3754,42,635
3754,43,499
3754,44,525
3754,45,525
3754,46,622
3754,47,346
3754,48,525
3754,49,494
3754,50,495
3754,51,538
3754,52,584
3754,53,713
3754,54,745
3754,55,265
3754,56,486
3754,57,520
3754,58,780
3754,59,810
3754,60,649
3754,61,90
3754,62,708
3754,63,456
3754,64,777
3754,65,521
3754,66,523
3754,67,618
3754,68,626
3754,69,423
3754,70,649
3754,71,618
3754,72,223
3754,73,521
3754,74,521
3754,75,520
3754,76,456
3754,77,43
3754,78,617
3754,79,618
3754,80,713
3755,41,944
3755,42,8
3755,43,439
3755,44,337
3755,45,268
3755,46,205
3755,47,203
3755,48,104
3755,49,776
3755,50,342
3755,51,464
3755,52,238
3755,53,237
3755,54,976
3755,55,238
3755,56,238
3755,57,271
3755,58,236
3755,59,103
3755,60,304
3755,61,403
3755,62,691
3755,63,137
3755,64,271
3755,65,104
3755,66,104
3755,67,202
3755,68,304
3755,69,732
3755,70,407
3755,71,407
3755,72,407
3755,73,407
3755,74,407
3755,75,501
3755,76,501
3755,77,610
3755,78,290
3755,79,501
3755,80,438
3756,41,992
3756,42,873
3756,43,356
3756,44,163
3756,45,323
3756,46,259
3756,47,99
3756,48,599
3756,49,548
3756,50,193
3756,51,99
3756,52,121
3756,53,3
3756,54,259
3756,55,195
3756,56,194
3756,57,194
3756,58,131
3756,59,674
3756,60,35
3756,61,689
3756,62,831
3756,63,257
3756,64,389
3756,65,289
3756,66,289
3756,67,289
3756,68,289
3756,69,980
3756,70,99
3756,71,99
3756,72,99
3756,73,389
3756,74,388
3756,75,387
3756,76,388
3756,77,291
3756,78,385
3756,79,189
3756,80,285
3757,41,19
3757,42,156
3757,43,573
3757,44,200
3757,45,536
3757,46,504
3757,47,504
3757,48,505
3757,49,566
3757,50,724
3757,51,660
3757,52,628
3757,53,908
3757,54,875
3757,55,875
3757,56,584
3757,57,456
3757,58,538
3757,59,516
3757,60,323
3757,61,54
3757,62,313
3757,63,657
3757,64,501
3757,65,306
3757,66,409
3757,67,276
3757,68,304
3757,69,38
3757,70,173
3757,71,206
3757,72,104
3757,73,141
3757,74,236
3757,75,691
3757,76,266
3757,77,135
3757,78,298
3757,79,236
3757,80,109
3758,41,193
3758,42,50
3758,43,499
3758,44,564
3758,45,342
3758,46,310
3758,47,438
3758,48,904
3758,49,504
3758,50,504
3758,51,467
3758,52,402
3758,53,499
3758,54,499
3758,55,530
3758,56,592
3758,57,622
3758,58,683
3758,59,654
3758,60,493
3758,61,567
3758,62,937
3758,63,379
3758,64,751
3758,65,921
3758,66,501
3758,67,509
3758,68,635
3758,69,601
3758,70,32
3758,71,346
3758,72,473
3758,73,110
3758,74,285
3758,75,344
3758,76,992
3758,77,537
3758,78,940
3758,79,471
3758,80,471
3759,41,498
3759,42,118
3759,43,75
3759,44,3
3759,45,3
3759,46,3
3759,47,162
3759,48,165
3759,49,71
3759,50,71
3759,51,73
3759,52,987
3759,53,167
3759,54,54
3759,55,264
3759,56,389
3759,57,423
3759,58,488
3759,59,621
3759,60,60
3759,61,336
3759,62,239
3759,63,36
3759,64,934
3759,65,390
3759,66,488
3759,67,227
3759,68,194
3759,69,354
3759,70,953
3759,71,133
3759,72,100
3759,73,204
3759,74,204
3759,75,203
3759,76,236
3759,77,40
3759,78,543
3759,79,203
3759,80,173
3760,41,989
3760,42,132
3760,43,593
3760,44,593
3760,45,443
3760,46,80
3760,47,591
3760,48,122
3760,49,593
3760,50,560
3760,51,521
3760,52,437
3760,53,464
3760,54,435
3760,55,300
3760,56,333
3760,57,461
3760,58,525
3760,59,589
3760,60,337
3760,61,249
3760,62,554
3760,63,589
3760,64,622
3760,65,622
3760,66,495
3760,67,493
3760,68,620
3760,69,161
3760,70,556
3760,71,604
3760,72,649
3760,73,589
3760,74,525
3760,75,677
3760,76,557
3760,77,559
3760,78,592
3760,79,592
3760,80,72
3761,41,497
3761,42,98
3761,43,422
3761,44,422
3761,45,421
3761,46,929
3761,47,455
3761,48,427
3761,49,935
3761,50,750
3761,51,434
3761,52,338
3761,53,338
3761,54,338
3761,55,338
3761,56,338
3761,57,276
3761,58,237
3761,59,238
3761,60,434
3761,61,25
3761,62,326
3761,63,422
3761,64,451
3761,65,734
3761,66,484
3761,67,485
3761,68,485
3761,69,353
3761,70,454
3761,71,454
3761,72,517
3761,73,612
3761,74,580
3761,75,580
3761,76,613
3761,77,350
3761,78,580
3761,79,548
3761,80,485
3762,41,740
3762,42,427
3762,43,73
3762,44,113
3762,45,173
3762,46,677
3762,47,236
3762,48,244
3762,49,48
3762,50,16
3762,51,50
3762,52,19
3762,53,50
3762,54,148
3762,55,211
3762,56,211
3762,57,306
3762,58,198
3762,59,32
3762,60,695
3762,61,16
3762,62,964
3762,63,625
3762,64,45
3762,65,12
3762,66,140
3762,67,80
3762,68,109
3762,69,111
3762,70,841
3762,71,147
3762,72,594
3762,73,145
3762,74,107
3762,75,75
3762,76,109
3762,77,132
3762,78,79
3762,79,146
3762,80,18
3763,41,332
3763,42,286
3763,43,491
3763,44,39
3763,45,484
3763,46,233
3763,47,456
3763,48,520
3763,49,488
3763,50,488
3763,51,295
3763,52,323
3763,53,290
3763,54,366
3763,55,426
3763,56,331
3763,57,173
3763,58,428
3763,59,428
3763,60,361
3763,61,242
3763,62,473
3763,63,323
3763,64,357
3763,65,357
3763,66,456
3763,67,390
3763,68,232
3763,69,488
3763,70,520
3763,71,456
3763,72,681
3763,73,488
3763,74,391
3763,75,292
3763,76,24
3763,77,292
3763,78,292
3763,79,367
3763,80,290
3764,41,725
3764,42,397
3764,43,425
3764,44,395
3764,45,836
3764,46,1009
3764,47,395
3764,48,367
3764,49,469
3764,50,620
3764,51,414
3764,52,884
3764,53,743
3764,54,775
3764,55,72
3764,56,725
3764,57,681
3764,58,681
3764,59,392
3764,60,363
3764,61,17
3764,62,391
3764,63,153
3764,64,122
3764,65,753
3764,66,378
3764,67,473
3764,68,344
3764,69,114
3764,70,835
3764,71,182
3764,72,14
3764,73,215
3764,74,85
3764,75,194
3764,76,880
3764,77,506
3764,78,866
3764,79,91
3764,80,59
3765,41,162
3765,42,871
3765,43,290
3765,44,57
3765,45,363
3765,46,641
3765,47,153
3765,48,93
3765,49,60
3765,50,32
3765,51,32
3765,52,30
3765,53,30
3765,54,92
3765,55,262
3765,56,60
3765,57,32
3765,58,32
3765,59,169
3765,60,64
3765,61,1007
3765,62,108
3765,63,889
3765,64,94
3765,65,190
3765,66,218
3765,67,219
3765,68,761
3765,69,157
3765,70,157
3765,71,1023
3765,72,462
3765,73,355
3765,74,91
3765,75,64
3765,76,96
3765,77,96
3765,78,641
3765,79,122
3765,80,32
3766,41,723
3766,42,201
3766,43,60
3766,44,59
3766,45,91
3766,46,339
3766,47,378
3766,48,247
3766,49,90
3766,50,747
3766,51,117
3766,52,576
3766,53,608
3766,54,154
3766,55,543
3766,56,540
3766,57,441
3766,58,1019
3766,59,511
3766,60,509
3766,61,29
3766,62,262
3766,63,414
3766,64,575
3766,65,705
3766,66,543
3766,67,539
3766,68,539
3766,69,505
3766,70,748
3766,71,506
3766,72,918
3766,73,319
3766,74,505
3766,75,505
3766,76,264
3766,77,503
3766,78,696
3766,79,935
3766,80,793
3767,41,237
3767,42,985
3767,43,430
3767,44,431
3767,45,824
3767,46,357
3767,47,362
3767,48,426
3767,49,365
3767,50,365
3767,51,395
3767,52,427
3767,53,426
3767,54,898
3767,55,804
3767,56,174
3767,57,427
3767,58,468
3767,59,461
3767,60,289
3767,61,432
3767,62,842
3767,63,111
3767,64,112
3767,65,51
3767,66,83
3767,67,84
3767,68,435
3767,69,207
3767,70,207
3767,71,205
3767,72,172
3767,73,960
3767,74,74
3767,75,142
3767,76,298
3767,77,341
3767,78,268
3767,79,173
3767,80,553
3768,41,852
3768,42,786
3768,43,595
3768,44,758
3768,45,754
3768,46,562
3768,47,595
3768,48,596
3768,49,862
3768,50,973
3768,51,880
3768,52,817
3768,53,756
3768,54,572
3768,55,754
3768,56,723
3768,57,566
3768,58,597
3768,59,311
3768,60,657
3768,61,704
3768,62,172
3768,63,651
3768,64,935
3768,65,935
3768,66,935
3768,67,997
3768,68,522
3768,69,757
3768,70,743
3768,71,743
3768,72,776
3768,73,552
3768,74,681
3768,75,520
3768,76,745
3768,77,612
3768,78,609
3768,79,647
3768,80,612
3769,41,214
3769,42,645
3769,43,200
3769,44,323
3769,45,427
3769,46,427
3769,47,470
3769,48,470
3769,49,535
3769,50,598
3769,51,535
3769,52,472
3769,53,344
3769,54,182
3769,55,813
3769,56,112
3769,57,332
3769,58,14
3769,59,810
3769,60,182
3769,61,772
3769,62,769
3769,63,264
3769,64,291
3769,65,391
3769,66,290
3769,67,290
3769,68,356
3769,69,886
3769,70,711
3769,71,654
3769,72,654
3769,73,685
3769,74,203
3769,75,717
3769,76,50
3769,77,752
3769,78,717
3769,79,717
3769,80,682
3770,41,439
3770,42,363
3770,43,729
3770,44,450
3770,45,449
3770,46,385
3770,47,101
3770,48,3
3770,49,60
3770,50,920
3770,51,270
3770,52,174
3770,53,207
3770,54,162
3770,55,206
3770,56,173
3770,57,200
3770,58,202
3770,59,70
3770,60,105
3770,61,295
3770,62,425
3770,63,356
3770,64,354
3770,65,323
3770,66,356
3770,67,390
3770,68,390
3770,69,637
3770,70,422
3770,71,404
3770,72,473
3770,73,315
3770,74,313
3770,75,474
3770,76,655
3770,77,562
3770,78,479
3770,79,413
3770,80,112
3771,41,383
3771,42,68
3771,43,750
3771,44,536
3771,45,474
3771,46,474
3771,47,344
3771,48,300
3771,49,277
3771,50,343
3771,51,254
3771,52,410
3771,53,471
3771,54,307
3771,55,159
3771,56,204
3771,57,363
3771,58,200
3771,59,392
3771,60,390
3771,61,422
3771,62,327
3771,63,973
3771,64,724
3771,65,772
3771,66,158
3771,67,601
3771,68,667
3771,69,505
3771,70,375
3771,71,501
3771,72,566
3771,73,504
3771,74,877
3771,75,344
3771,76,203
3771,77,104
3771,78,3
3771,79,919
3771,80,513
3772,41,756
3772,42,286
3772,43,338
3772,44,336
3772,45,338
3772,46,221
3772,47,902
3772,48,390
3772,49,120
3772,50,232
3772,51,295
3772,52,422
3772,53,242
3772,54,428
3772,55,438
3772,56,1008
3772,57,592
3772,58,531
3772,59,558
3772,60,561
3772,61,585
3772,62,280
3772,63,431
3772,64,398
3772,65,301
3772,66,398
3772,67,662
3772,68,425
3772,69,432
3772,70,406
3772,71,565
3772,72,598
3772,73,406
3772,74,479
3772,75,406
3772,76,429
3772,77,408
3772,78,441
3772,79,378
3772,80,378
3773,41,773
3773,42,835
3773,43,67
3773,44,70
3773,45,161
3773,46,735
3773,47,237
3773,48,305
3773,49,305
3773,50,267
3773,51,101
3773,52,2
3773,53,36
3773,54,103
3773,55,69
3773,56,101
3773,57,68
3773,58,68
3773,59,101
3773,60,103
3773,61,285
3773,62,788
3773,63,203
3773,64,174
3773,65,206
3773,66,70
3773,67,70
3773,68,853
3773,69,242
3773,70,5
3773,71,107
3773,72,110
3773,73,139
3773,74,140
3773,75,79
3773,76,13
3773,77,347
3773,78,202
3773,79,202
3773,80,202
3774,41,590
3774,42,42
3774,43,509
3774,44,408
3774,45,437
3774,46,345
3774,47,278
3774,48,619
3774,49,439
3774,50,375
3774,51,158
3774,52,443
3774,53,2
3774,54,70
3774,55,445
3774,56,164
3774,57,161
3774,58,536
3774,59,131
3774,60,132
3774,61,348
3774,62,856
3774,63,375
3774,64,203
3774,65,439
3774,66,987
3774,67,471
3774,68,375
3774,69,786
3774,70,277
3774,71,380
3774,72,103
3774,73,658
3774,74,100
3774,75,132
3774,76,132
3774,77,132
3774,78,133
3774,79,934
3774,80,162
3775,41,966
3775,42,235
3775,43,163
3775,44,167
3775,45,709
3775,46,570
3775,47,167
3775,48,134
3775,49,161
3775,50,102
3775,51,413
3775,52,102
3775,53,109
3775,54,8
3775,55,8
3775,56,620
3775,57,913
3775,58,133
3775,59,133
3775,60,257
3775,61,993
3775,62,589
3775,63,135
3775,64,837
3775,65,166
3775,66,102
3775,67,102
3775,68,102
3775,69,554
3775,70,33
3775,71,66
3775,72,101
3775,73,133
3775,74,132
3775,75,967
3775,76,73
3775,77,85
3775,78,795
3775,79,164
3775,80,164
3776,41,518
3776,42,793
3776,43,289
3776,44,392
3776,45,390
3776,46,423
3776,47,327
3776,48,323
3776,49,616
3776,50,618
3776,51,543
3776,52,883
3776,53,713
3776,54,936
3776,55,872
3776,56,872
3776,57,577
3776,58,841
3776,59,656
3776,60,596
3776,61,856
3776,62,45
3776,63,649
3776,64,1005
3776,65,179
3776,66,296
3776,67,295
3776,68,355
3776,69,359
3776,70,295
3776,71,1010
3776,72,390
3776,73,46
3776,74,446
3776,75,295
3776,76,264
3776,77,290
3776,78,290
3776,79,365
3776,80,393
3777,41,130
3777,42,103
3777,43,259
3777,44,292
3777,45,195
3777,46,293
3777,47,259
3777,48,358
3777,49,359
3777,50,866
3777,51,560
3777,52,437
3777,53,341
3777,54,466
3777,55,472
3777,56,783
3777,57,473
3777,58,133
3777,59,537
3777,60,537
3777,61,920
3777,62,778
3777,63,74
3777,64,41
3777,65,39
3777,66,39
3777,67,74
3777,68,79
3777,69,50
3777,70,756
3777,71,50
3777,72,730
3777,73,73
3777,74,35
3777,75,75
3777,76,953
3777,77,213
3777,78,320
3777,79,72
3777,80,197
3778,41,285
3778,42,908
3778,43,71
3778,44,397
3778,45,236
3778,46,206
3778,47,794
3778,48,50
3778,49,147
3778,50,18
3778,51,112
3778,52,307
3778,53,276
3778,54,714
3778,55,276
3778,56,203
3778,57,238
3778,58,345
3778,59,479
3778,60,444
3778,61,184
3778,62,717
3778,63,322
3778,64,161
3778,65,67
3778,66,1015
3778,67,36
3778,68,104
3778,69,604
3778,70,108
3778,71,198
3778,72,37
3778,73,165
3778,74,264
3778,75,102
3778,76,65
3778,77,35
3778,78,250
3778,79,35
3778,80,3
3779,41,364
3779,42,676
3779,43,938
3779,44,559
3779,45,358
3779,46,531
3779,47,464
3779,48,464
3779,49,464
3779,50,525
3779,51,529
3779,52,76
3779,53,559
3779,54,619
3779,55,619
3779,56,679
3779,57,480
3779,58,560
3779,59,559
3779,60,587
3779,61,168
3779,62,62
3779,63,648
3779,64,617
3779,65,985
3779,66,769
3779,67,676
3779,68,612
3779,69,679
3779,70,326
3779,71,612
3779,72,790
3779,73,278
3779,74,612
3779,75,555
3779,76,560
3779,77,625
3779,78,595
3779,79,100
3779,80,565
3780,41,404
3780,42,508
3780,43,617
3780,44,751
3780,45,911
3780,46,746
3780,47,911
3780,48,1003
3780,49,723
3780,50,817
3780,51,135
3780,52,723
3780,53,507
3780,54,692
3780,55,818
3780,56,269
3780,57,1002
3780,58,1002
3780,59,41
3780,60,902
3780,61,543
3780,62,140
3780,63,65
3780,64,34
3780,65,65
3780,66,65
3780,67,65
3780,68,33
3780,69,101
3780,70,101
3780,71,68
3780,72,101
3780,73,101
3780,74,137
3780,75,679
3780,76,235
3780,77,103
3780,78,165
3780,79,165
3780,80,659
3781,41,898
3781,42,794
3781,43,93
3781,44,745
3781,45,875
3781,46,974
3781,47,809
3781,48,824
3781,49,295
3781,50,644
3781,51,176
3781,52,242
3781,53,246
3781,54,215
3781,55,343
3781,56,406
3781,57,343
3781,58,344
3781,59,505
3781,60,504
3781,61,708
3781,62,334
3781,63,577
3781,64,610
3781,65,613
3781,66,609
3781,67,577
3781,68,707
3781,69,742
3781,70,743
3781,71,824
3781,72,674
3781,73,642
3781,74,481
3781,75,895
3781,76,398
3781,77,706
3781,78,610
3781,79,114
3781,80,694
3782,41,161
3782,42,90
3782,43,26
3782,44,58
3782,45,693
3782,46,566
3782,47,978
3782,48,530
3782,49,598
3782,50,478
3782,51,343
3782,52,179
3782,53,276
3782,54,666
3782,55,344
3782,56,376
3782,57,205
3782,58,682
3782,59,542
3782,60,603
3782,61,715
3782,62,267
3782,63,338
3782,64,622
3782,65,10
3782,66,50
3782,67,650
3782,68,677
3782,69,677
3782,70,617
3782,71,437
3782,72,612
3782,73,580
3782,74,548
3782,75,364
3782,76,612
3782,77,616
3782,78,591
3782,79,1005
3782,80,508
3783,41,116
3783,42,467
3783,43,906
3783,44,422
3783,45,464
3783,46,389
3783,47,426
3783,48,423
3783,49,355
3783,50,358
3783,51,178
3783,52,326
3783,53,102
3783,54,232
3783,55,390
3783,56,390
3783,57,249
3783,58,425
3783,59,432
3783,60,439
3783,61,887
3783,62,828
3783,63,428
3783,64,430
3783,65,497
3783,66,497
3783,67,432
3783,68,499
3783,69,468
3783,70,974
3783,71,471
3783,72,432
3783,73,583
3783,74,290
3783,75,290
3783,76,428
3783,77,467
3783,78,434
3783,79,473
3783,80,473
3784,41,157
3784,42,51
3784,43,424
3784,44,181
3784,45,432
3784,46,432
3784,47,389
3784,48,451
3784,49,930
3784,50,661
3784,51,396
3784,52,424
3784,53,456
3784,54,593
3784,55,361
3784,56,356
3784,57,393
3784,58,390
3784,59,358
3784,60,391
3784,61,19
3784,62,885
3784,63,227
3784,64,428
3784,65,84
3784,66,428
3784,67,645
3784,68,730
3784,69,488
3784,70,421
3784,71,421
3784,72,355
3784,73,355
3784,74,428
3784,75,427
3784,76,427
3784,77,819
3784,78,291
3784,79,323
3784,80,359
3785,41,266
3785,42,751
3785,43,326
3785,44,140
3785,45,237
3785,46,76
3785,47,403
3785,48,44
3785,49,75
3785,50,44
3785,51,39
3785,52,77
3785,53,110
3785,54,637
3785,55,40
3785,56,241
3785,57,134
3785,58,8
3785,59,8
3785,60,704
3785,61,54
3785,62,764
3785,63,79
3785,64,47
3785,65,840
3785,66,139
3785,67,138
3785,68,110
3785,69,716
3785,70,52
3785,71,271
3785,72,70
3785,73,71
3785,74,135
3785,75,775
3785,76,70
3785,77,39
3785,78,141
3785,79,681
3785,80,168
3786,41,786
3786,42,772
3786,43,259
3786,44,391
3786,45,391
3786,46,391
3786,47,385
3786,48,194
3786,49,323
3786,50,3
3786,51,373
3786,52,291
3786,53,227
3786,54,291
3786,55,289
3786,56,289
3786,57,323
3786,58,259
3786,59,651
3786,60,323
3786,61,264
3786,62,238
3786,63,68
3786,64,131
3786,65,161
3786,66,291
3786,67,289
3786,68,259
3786,69,966
3786,70,291
3786,71,389
3786,72,291
3786,73,322
3786,74,906
3786,75,424
3786,76,544
3786,77,390
3786,78,177
3786,79,294
3786,80,520
3787,41,303
3787,42,632
3787,43,79
3787,44,204
3787,45,172
3787,46,140
3787,47,794
3787,48,172
3787,49,140
3787,50,141
3787,51,204
3787,52,424
3787,53,172
3787,54,140
3787,55,138
3787,56,204
3787,57,465
3787,58,12
3787,59,12
3787,60,76
3787,61,316
3787,62,810
3787,63,172
3787,64,141
3787,65,76
3787,66,12
3787,67,12
3787,68,12
3787,69,12
3787,70,12
3787,71,814
3787,72,76
3787,73,76
3787,74,171
3787,75,12
3787,76,12
3787,77,12
3787,78,12
3787,79,13
3787,80,1013
3788,41,597
3788,42,350
3788,43,315
3788,44,217
3788,45,378
3788,46,971
3788,47,248
3788,48,248
3788,49,435
3788,50,443
3788,51,607
3788,52,542
3788,53,506
3788,54,608
3788,55,474
3788,56,817
3788,57,602
3788,58,538
3788,59,378
3788,60,409
3788,61,1017
3788,62,665
3788,63,217
3788,64,249
3788,65,538
3788,66,442
3788,67,540
3788,68,843
3788,69,575
3788,70,574
3788,71,377
3788,72,634
3788,73,928
3788,74,346
3788,75,952
3788,76,575
3788,77,540
3788,78,442
3788,79,539
3788,80,19
3789,41,452
3789,42,859
3789,43,520
3789,44,80
3789,45,760
3789,46,362
3789,47,303
3789,48,237
3789,49,209
3789,50,209
3789,51,206
3789,52,236
3789,53,963
3789,54,305
3789,55,307
3789,56,900
3789,57,506
3789,58,444
3789,59,811
3789,60,544
3789,61,121
3789,62,452
3789,63,147
3789,64,343
3789,65,116
3789,66,841
3789,67,52
3789,68,833
3789,69,49
3789,70,113
3789,71,48
3789,72,54
3789,73,109
3789,74,112
3789,75,109
3789,76,653
3789,77,75
3789,78,75
3789,79,73
3789,80,777
3790,41,1019
3790,42,674
3790,43,236
3790,44,267
3790,45,331
3790,46,363
3790,47,331
3790,48,835
3790,49,137
3790,50,949
3790,51,167
3790,52,170
3790,53,104
3790,54,203
3790,55,520
3790,56,53
3790,57,132
3790,58,289
3790,59,356
3790,60,208
3790,61,1024
3790,62,765
3790,63,177
3790,64,735
3790,65,177
3790,66,110
3790,67,78
3790,68,16
3790,69,78
3790,70,50
3790,71,445
3790,72,147
3790,73,109
3790,74,48
3790,75,80
3790,76,144
3790,77,206
3790,78,16
3790,79,1000
3790,80,177
3791,41,806
3791,42,641
3791,43,460
3791,44,331
3791,45,429
3791,46,398
3791,47,423
3791,48,450
3791,49,487
3791,50,845
3791,51,450
3791,52,583
3791,53,737
3791,54,578
3791,55,739
3791,56,1017
3791,57,706
3791,58,613
3791,59,580
3791,60,873
3791,61,875
3791,62,508
3791,63,595
3791,64,464
3791,65,594
3791,66,426
3791,67,426
3791,68,451
3791,69,513
3791,70,422
3791,71,727
3791,72,529
3791,73,562
3791,74,529
3791,75,121
3791,76,529
3791,77,621
3791,78,596
3791,79,936
3791,80,805
3792,41,479
3792,42,385
3792,43,390
3792,44,392
3792,45,555
3792,46,336
3792,47,390
3792,48,326
3792,49,390
3792,50,102
3792,51,596
3792,52,390
3792,53,167
3792,54,511
3792,55,326
3792,56,390
3792,57,393
3792,58,390
3792,59,356
3792,60,295
3792,61,443
3792,62,793
3792,63,166
3792,64,280
3792,65,929
3792,66,82
3792,67,290
3792,68,322
3792,69,200
3792,70,835
3792,71,500
3792,72,500
3792,73,473
3792,74,478
3792,75,473
3792,76,410
3792,77,410
3792,78,473
3792,79,471
3792,80,471
3793,41,211
3793,42,459
3793,43,702
3793,44,662
3793,45,907
3793,46,695
3793,47,762
3793,48,727
3793,49,596
3793,50,696
3793,51,97
3793,52,662
3793,53,662
3793,54,695
3793,55,662
3793,56,762
3793,57,729
3793,58,728
3793,59,326
3793,60,728
3793,61,183
3793,62,353
3793,63,622
3793,64,702
3793,65,702
3793,66,702
3793,67,704
3793,68,702
3793,69,762
3793,70,704
3793,71,702
3793,72,702
3793,73,927
3793,74,662
3793,75,728
3793,76,242
3793,77,21
3793,78,34
3793,79,762
3793,80,761
3794,41,760
3794,42,331
3794,43,901
3794,44,203
3794,45,211
3794,46,306
3794,47,247
3794,48,237
3794,49,103
3794,50,69
3794,51,3
3794,52,70
3794,53,103
3794,54,309
3794,55,214
3794,56,214
3794,57,505
3794,58,505
3794,59,285
3794,60,224
3794,61,836
3794,62,861
3794,63,271
3794,64,275
3794,65,276
3794,66,599
3794,67,471
3794,68,471
3794,69,467
3794,70,402
3794,71,306
3794,72,237
3794,73,621
3794,74,304
3794,75,503
3794,76,3
3794,77,3
3794,78,36
3794,79,754
3794,80,102
3795,41,721
3795,42,523
3795,43,584
3795,44,715
3795,45,488
3795,46,359
3795,47,552
3795,48,590
3795,49,394
3795,50,488
3795,51,745
3795,52,908
3795,53,1003
3795,54,910
3795,55,848
3795,56,973
3795,57,880
3795,58,699
3795,59,875
3795,60,919
3795,61,937
3795,62,199
3795,63,744
3795,64,809
3795,65,777
3795,66,423
3795,67,488
3795,68,394
3795,69,875
3795,70,875
3795,71,848
3795,72,101
3795,73,875
3795,74,649
3795,75,585
3795,76,809
3795,77,820
3795,78,647
3795,79,745
3795,80,649
3796,41,860
3796,42,652
3796,43,434
3796,44,426
3796,45,421
3796,46,378
3796,47,702
3796,48,422
3796,49,468
3796,50,469
3796,51,422
3796,52,428
3796,53,1001
3796,54,422
3796,55,681
3796,56,842
3796,57,1000
3796,58,935
3796,59,935
3796,60,552
3796,61,498
3796,62,581
3796,63,632
3796,64,272
3796,65,389
3796,66,362
3796,67,394
3796,68,659
3796,69,712
3796,70,365
3796,71,238
3796,72,202
3796,73,136
3796,74,307
3796,75,673
3796,76,402
3796,77,366
3796,78,271
3796,79,394
3796,80,276
3797,41,212
3797,42,790
3797,43,874
3797,44,811
3797,45,564
3797,46,719
3797,47,683
3797,48,682
3797,49,219
3797,50,821
3797,51,789
3797,52,959
3797,53,279
3797,54,822
3797,55,888
3797,56,921
3797,57,984
3797,58,952
3797,59,856
3797,60,423
3797,61,245
3797,62,284
3797,63,559
3797,64,782
3797,65,781
3797,66,797
3797,67,289
3797,68,796
3797,69,356
3797,70,464
3797,71,426
3797,72,790
3797,73,910
3797,74,1017
3797,75,599
3797,76,35
3797,77,34
3797,78,373
3797,79,65
3797,80,386
3798,41,919
3798,42,72
3798,43,246
3798,44,408
3798,45,210
3798,46,239
3798,47,212
3798,48,309
3798,49,309
3798,50,243
3798,51,26
3798,52,177
3798,53,178
3798,54,181
3798,55,211
3798,56,243
3798,57,915
3798,58,367
3798,59,306
3798,60,338
3798,61,629
3798,62,923
3798,63,71
3798,64,40
3798,65,101
3798,66,102
3798,67,102
3798,68,102
3798,69,102
3798,70,163
3798,71,102
3798,72,102
3798,73,102
3798,74,102
3798,75,69
3798,76,69
3798,77,40
3798,78,127
3798,79,40
3798,80,40
3799,41,320
3799,42,333
3799,43,342
3799,44,376
3799,45,313
3799,46,840
3799,47,505
3799,48,536
3799,49,309
3799,50,119
3799,51,271
3799,52,278
3799,53,279
3799,54,756
3799,55,469
3799,56,471
3799,57,428
3799,58,434
3799,59,403
3799,60,470
3799,61,197
3799,62,181
3799,63,177
3799,64,143
3799,65,720
3799,66,142
3799,67,107
3799,68,678
3799,69,173
3799,70,138
3799,71,529
3799,72,306
3799,73,376
3799,74,511
3799,75,603
3799,76,601
3799,77,634
3799,78,537
3799,79,537
3799,80,473
3800,41,13
3800,42,345
3800,43,354
3800,44,419
3800,45,451
3800,46,1008
3800,47,391
3800,48,423
3800,49,461
3800,50,362
3800,51,396
3800,52,434
3800,53,415
3800,54,597
3800,55,843
3800,56,656
3800,57,719
3800,58,600
3800,59,633
3800,60,599
3800,61,576
3800,62,352
3800,63,481
3800,64,451
3800,65,545
3800,66,610
3800,67,616
3800,68,745
3800,69,613
3800,70,706
3800,71,914
3800,72,611
3800,73,614
3800,74,646
3800,75,617
3800,76,649
3800,77,619
3800,78,243
3800,79,733
3800,80,740
3801,41,563
3801,42,181
3801,43,291
3801,44,385
3801,45,131
3801,46,963
3801,47,164
3801,48,162
3801,49,322
3801,50,568
3801,51,431
3801,52,5
3801,53,366
3801,54,374
3801,55,3
3801,56,316
3801,57,35
3801,58,132
3801,59,227
3801,60,227
3801,61,25
3801,62,516
3801,63,356
3801,64,259
3801,65,227
3801,66,385
3801,67,290
3801,68,289
3801,69,424
3801,70,357
3801,71,289
3801,72,166
3801,73,165
3801,74,651
3801,75,86
3801,76,161
3801,77,164
3801,78,132
3801,79,163
3801,80,389
3802,41,379
3802,42,164
3802,43,187
3802,44,315
3802,45,280
3802,46,312
3802,47,280
3802,48,309
3802,49,304
3802,50,276
3802,51,305
3802,52,337
3802,53,362
3802,54,432
3802,55,468
3802,56,472
3802,57,276
3802,58,143
3802,59,630
3802,60,192
3802,61,405
3802,62,24
3802,63,484
3802,64,149
3802,65,111
3802,66,49
3802,67,970
3802,68,18
3802,69,113
3802,70,82
3802,71,149
3802,72,216
3802,73,154
3802,74,309
3802,75,305
3802,76,27
3802,77,563
3802,78,428
3802,79,470
3802,80,502
3803,41,542
3803,42,24
3803,43,240
3803,44,239
3803,45,854
3803,46,303
3803,47,438
3803,48,141
3803,49,204
3803,50,142
3803,51,447
3803,52,16
3803,53,115
3803,54,146
3803,55,113
3803,56,112
3803,57,113
3803,58,114
3803,59,114
3803,60,438
3803,61,639
3803,62,185
3803,63,146
3803,64,146
3803,65,240
3803,66,209
3803,67,146
3803,68,764
3803,69,179
3803,70,543
3803,71,146
3803,72,112
3803,73,576
3803,74,271
3803,75,169
3803,76,169
3803,77,202
3803,78,172
3803,79,298
3803,80,783
3804,41,307
3804,42,811
3804,43,167
3804,44,200
3804,45,39
3804,46,630
3804,47,39
3804,48,355
3804,49,2
3804,50,2
3804,51,108
3804,52,48
3804,53,36
3804,54,35
3804,55,346
3804,56,782
3804,57,135
3804,58,359
3804,59,391
3804,60,20
3804,61,656
3804,62,653
3804,63,5
3804,64,217
3804,65,35
3804,66,65
3804,67,5
3804,68,270
3804,69,205
3804,70,634
3804,71,147
3804,72,853
3804,73,18
3804,74,434
3804,75,625
3804,76,616
3804,77,211
3804,78,147
3804,79,303
3804,80,398
3805,41,976
3805,42,553
3805,43,440
3805,44,439
3805,45,375
3805,46,404
3805,47,305
3805,48,275
3805,49,247
3805,50,247
3805,51,123
3805,52,817
3805,53,593
3805,54,111
3805,55,593
3805,56,237
3805,57,559
3805,58,623
3805,59,593
3805,60,453
3805,61,99
3805,62,369
3805,63,401
3805,64,437
3805,65,345
3805,66,344
3805,67,345
3805,68,277
3805,69,307
3805,70,277
3805,71,179
3805,72,146
3805,73,818
3805,74,80
3805,75,759
3805,76,179
3805,77,146
3805,78,209
3805,79,370
3805,80,179
3806,41,70
3806,42,641
3806,43,842
3806,44,842
3806,45,809
3806,46,810
3806,47,810
3806,48,810
3806,49,810
3806,50,810
3806,51,209
3806,52,810
3806,53,810
3806,54,810
3806,55,810
3806,56,810
3806,57,778
3806,58,745
3806,59,773
3806,60,838
3806,61,567
3806,62,30
3806,63,159
3806,64,973
3806,65,908
3806,66,875
3806,67,842
3806,68,974
3806,69,353
3806,70,941
3806,71,807
3806,72,904
3806,73,809
3806,74,809
3806,75,974
3806,76,1002
3806,77,1006
3806,78,875
3806,79,809
3806,80,839
3807,41,773
3807,42,814
3807,43,1016
3807,44,890
3807,45,922
3807,46,955
3807,47,923
3807,48,763
3807,49,888
3807,50,823
3807,51,890
3807,52,792
3807,53,792
3807,54,758
3807,55,757
3807,56,952
3807,57,856
3807,58,140
3807,59,821
3807,60,834
3807,61,536
3807,62,749
3807,63,918
3807,64,950
3807,65,856
3807,66,729
3807,67,818
3807,68,657
3807,69,593
3807,70,787
3807,71,851
3807,72,434
3807,73,920
3807,74,608
3807,75,919
3807,76,918
3807,77,951
3807,78,759
3807,79,856
3807,80,791
3808,41,997
3808,42,337
3808,43,431
3808,44,7
3808,45,40
3808,46,39
3808,47,622
3808,48,8
3808,49,39
3808,50,39
3808,51,40
3808,52,39
3808,53,7
3808,54,167
3808,55,494
3808,56,247
3808,57,378
3808,58,602
3808,59,666
3808,60,474
3808,61,282
3808,62,133
3808,63,391
3808,64,205
3808,65,389
3808,66,168
3808,67,389
3808,68,200
3808,69,295
3808,70,134
3808,71,901
3808,72,104
3808,73,336
3808,74,307
3808,75,245
3808,76,279
3808,77,279
3808,78,315
3808,79,312
3808,80,312
3809,41,212
3809,42,373
3809,43,714
3809,44,713
3809,45,552
3809,46,522
3809,47,552
3809,48,520
3809,49,520
3809,50,974
3809,51,941
3809,52,745
3809,53,394
3809,54,335
3809,55,713
3809,56,713
3809,57,875
3809,58,713
3809,59,968
3809,60,905
3809,61,704
3809,62,624
3809,63,711
3809,64,777
3809,65,841
3809,66,908
3809,67,722
3809,68,908
3809,69,649
3809,70,809
3809,71,598
3809,72,868
3809,73,868
3809,74,898
3809,75,899
3809,76,868
3809,77,868
3809,78,46
3809,79,936
3809,80,299
3810,41,941
3810,42,719
3810,43,166
3810,44,810
3810,45,778
3810,46,496
3810,47,777
3810,48,493
3810,49,713
3810,50,391
3810,51,395
3810,52,704
3810,53,238
3810,54,243
3810,55,209
3810,56,310
3810,57,342
3810,58,275
3810,59,699
3810,60,215
3810,61,194
3810,62,76
3810,63,296
3810,64,265
3810,65,273
3810,66,770
3810,67,243
3810,68,50
3810,69,179
3810,70,236
3810,71,437
3810,72,468
3810,73,467
3810,74,466
3810,75,801
3810,76,656
3810,77,499
3810,78,530
3810,79,469
3810,80,415
3811,41,857
3811,42,204
3811,43,39
3811,44,148
3811,45,109
3811,46,12
3811,47,11
3811,48,204
3811,49,51
3811,50,204
3811,51,141
3811,52,204
3811,53,142
3811,54,209
3811,55,434
3811,56,209
3811,57,209
3811,58,177
3811,59,143
3811,60,143
3811,61,702
3811,62,675
3811,63,8
3811,64,39
3811,65,72
3811,66,108
3811,67,142
3811,68,327
3811,69,335
3811,70,366
3811,71,361
3811,72,456
3811,73,359
3811,74,359
3811,75,199
3811,76,199
3811,77,422
3811,78,232
3811,79,232
3811,80,488
3812,41,275
3812,42,603
3812,43,844
3812,44,601
3812,45,332
3812,46,68
3812,47,597
3812,48,562
3812,49,627
3812,50,374
3812,51,501
3812,52,466
3812,53,1014
3812,54,181
3812,55,797
3812,56,896
3812,57,570
3812,58,407
3812,59,601
3812,60,568
3812,61,53
3812,62,419
3812,63,904
3812,64,805
3812,65,738
3812,66,709
3812,67,740
3812,68,678
3812,69,617
3812,70,371
3812,71,592
3812,72,620
3812,73,586
3812,74,451
3812,75,323
3812,76,323
3812,77,295
3812,78,391
3812,79,173
3812,80,769
3813,41,940
3813,42,262
3813,43,66
3813,44,479
3813,45,478
3813,46,480
3813,47,475
3813,48,479
3813,49,444
3813,50,444
3813,51,479
3813,52,444
3813,53,477
3813,54,409
3813,55,477
3813,56,473
3813,57,552
3813,58,698
3813,59,696
3813,60,696
3813,61,506
3813,62,351
3813,63,576
3813,64,576
3813,65,480
3813,66,444
3813,67,473
3813,68,346
3813,69,348
3813,70,349
3813,71,349
3813,72,349
3813,73,382
3813,74,348
3813,75,346
3813,76,1023
3813,77,629
3813,78,479
3813,79,479
3813,80,479
3814,41,538
3814,42,567
3814,43,454
3814,44,233
3814,45,454
3814,46,454
3814,47,487
3814,48,454
3814,49,455
3814,50,572
3814,51,485
3814,52,519
3814,53,456
3814,54,778
3814,55,777
3814,56,810
3814,57,811
3814,58,810
3814,59,331
3814,60,665
3814,61,158
3814,62,744
3814,63,271
3814,64,366
3814,65,366
3814,66,338
3814,67,271
3814,68,344
3814,69,344
3814,70,294
3814,71,409
3814,72,344
3814,73,596
3814,74,566
3814,75,566
3814,76,661
3814,77,630
3814,78,886
3814,79,886
3814,80,853
3815,41,913
3815,42,487
3815,43,552
3815,44,189
3815,45,45
3815,46,992
3815,47,960
3815,48,765
3815,49,864
3815,50,1024
3815,51,992
3815,52,667
3815,53,666
3815,54,733
3815,55,731
3815,56,698
3815,57,731
3815,58,217
3815,59,765
3815,60,698
3815,61,110
3815,62,727
3815,63,439
3815,64,408
3815,65,862
3815,66,480
3815,67,536
3815,68,378
3815,69,309
3815,70,787
3815,71,309
3815,72,986
3815,73,130
3815,74,410
3815,75,840
3815,76,410
3815,77,770
3815,78,245
3815,79,244
3815,80,227
3816,41,215
3816,42,695
3816,43,213
3816,44,147
3816,45,422
3816,46,333
3816,47,301
3816,48,235
3816,49,301
3816,50,334
3816,51,272
3816,52,211
3816,53,143
3816,54,211
3816,55,248
3816,56,151
3816,57,95
3816,58,152
3816,59,27
3816,60,60
3816,61,698
3816,62,343
3816,63,390
3816,64,141
3816,65,779
3816,66,748
3816,67,779
3816,68,842
3816,69,875
3816,70,922
3816,71,839
3816,72,805
3816,73,838
3816,74,658
3816,75,808
3816,76,681
3816,77,941
3816,78,941
3816,79,905
3816,80,904
3817,41,503
3817,42,558
3817,43,732
3817,44,762
3817,45,761
3817,46,762
3817,47,728
3817,48,728
3817,49,694
3817,50,695
3817,51,662
3817,52,662
3817,53,695
3817,54,556
3817,55,630
3817,56,694
3817,57,728
3817,58,695
3817,59,662
3817,60,761
3817,61,453
3817,62,33
3817,63,596
3817,64,598
3817,65,596
3817,66,311
3817,67,246
3817,68,84
3817,69,84
3817,70,182
3817,71,182
3817,72,210
3817,73,143
3817,74,181
3817,75,181
3817,76,211
3817,77,949
3817,78,224
3817,79,84
3817,80,83
3818,41,408
3818,42,630
3818,43,855
3818,44,794
3818,45,857
3818,46,732
3818,47,278
3818,48,569
3818,49,569
3818,50,538
3818,51,601
3818,52,600
3818,53,667
3818,54,830
3818,55,830
3818,56,635
3818,57,655
3818,58,765
3818,59,1024
3818,60,677
3818,61,609
3818,62,71
3818,63,1023
3818,64,726
3818,65,732
3818,66,758
3818,67,791
3818,68,244
3818,69,695
3818,70,968
3818,71,989
3818,72,895
3818,73,992
3818,74,863
3818,75,831
3818,76,928
3818,77,830
3818,78,765
3818,79,896
3818,80,813
3819,41,222
3819,42,85
3819,43,200
3819,44,295
3819,45,232
3819,46,68
3819,47,68
3819,48,36
3819,49,309
3819,50,437
3819,51,404
3819,52,130
3819,53,847
3819,54,569
3819,55,732
3819,56,570
3819,57,1024
3819,58,429
3819,59,895
3819,60,1024
3819,61,199
3819,62,376
3819,63,972
3819,64,1007
3819,65,1007
3819,66,1004
3819,67,818
3819,68,738
3819,69,723
3819,70,533
3819,71,662
3819,72,890
3819,73,776
3819,74,534
3819,75,532
3819,76,499
3819,77,307
3819,78,237
3819,79,104
3819,80,704
3820,41,180
3820,42,405
3820,43,285
3820,44,281
3820,45,216
3820,46,185
3820,47,183
3820,48,185
3820,49,513
3820,50,64
3820,51,91
3820,52,123
3820,53,122
3820,54,91
3820,55,27
3820,56,125
3820,57,185
3820,58,150
3820,59,151
3820,60,118
3820,61,388
3820,62,118
3820,63,223
3820,64,190
3820,65,157
3820,66,125
3820,67,127
3820,68,153
3820,69,59
3820,70,27
3820,71,95
3820,72,64
3820,73,835
3820,74,216
3820,75,378
3820,76,409
3820,77,831
3820,78,832
3820,79,935
3820,80,703
3821,41,632
3821,42,988
3821,43,840
3821,44,539
3821,45,509
3821,46,605
3821,47,640
3821,48,640
3821,49,541
3821,50,410
3821,51,538
3821,52,251
3821,53,832
3821,54,797
3821,55,538
3821,56,377
3821,57,279
3821,58,416
3821,59,171
3821,60,416
3821,61,584
3821,62,356
3821,63,506
3821,64,505
3821,65,505
3821,66,729
3821,67,597
3821,68,149
3821,69,149
3821,70,184
3821,71,60
3821,72,122
3821,73,29
3821,74,28
3821,75,25
3821,76,25
3821,77,1002
3821,78,60
3821,79,540
3821,80,96
3822,41,1009
3822,42,593
3822,43,207
3822,44,339
3822,45,390
3822,46,240
3822,47,240
3822,48,207
3822,49,207
3822,50,206
3822,51,285
3822,52,207
3822,53,207
3822,54,207
3822,55,239
3822,56,207
3822,57,207
3822,58,206
3822,59,730
3822,60,206
3822,61,575
3822,62,268
3822,63,569
3822,64,569
3822,65,569
3822,66,634
3822,67,634
3822,68,632
3822,69,407
3822,70,284
3822,71,342
3822,72,304
3822,73,472
3822,74,467
3822,75,532
3822,76,494
3822,77,557
3822,78,403
3822,79,664
3822,80,614
3823,41,731
3823,42,219
3823,43,501
3823,44,518
3823,45,518
3823,46,517
3823,47,516
3823,48,54
3823,49,517
3823,50,517
3823,51,485
3823,52,517
3823,53,487
3823,54,229
3823,55,456
3823,56,125
3823,57,401
3823,58,691
3823,59,684
3823,60,718
3823,61,949
3823,62,553
3823,63,745
3823,64,745
3823,65,841
3823,66,681
3823,67,875
3823,68,974
3823,69,849
3823,70,942
3823,71,475
3823,72,302
3823,73,472
3823,74,308
3823,75,312
3823,76,312
3823,77,246
3823,78,438
3823,79,564
3823,80,432
3824,41,259
3824,42,347
3824,43,361
3824,44,367
3824,45,276
3824,46,276
3824,47,150
3824,48,395
3824,49,516
3824,50,85
3824,51,749
3824,52,904
3824,53,274
3824,54,730
3824,55,306
3824,56,335
3824,57,361
3824,58,271
3824,59,103
3824,60,322
3824,61,831
3824,62,934
3824,63,6
3824,64,930
3824,65,34
3824,66,37
3824,67,68
3824,68,130
3824,69,3
3824,70,338
3824,71,307
3824,72,271
3824,73,271
3824,74,137
3824,75,108
3824,76,317
3824,77,267
3824,78,139
3824,79,74
3824,80,108
3825,41,664
3825,42,951
3825,43,406
3825,44,411
3825,45,278
3825,46,343
3825,47,343
3825,48,747
3825,49,554
3825,50,506
3825,51,732
3825,52,825
3825,53,733
3825,54,830
3825,55,867
3825,56,568
3825,57,695
3825,58,695
3825,59,724
3825,60,692
3825,61,568
3825,62,904
3825,63,91
3825,64,346
3825,65,375
3825,66,596
3825,67,564
3825,68,786
3825,69,535
3825,70,504
3825,71,596
3825,72,596
3825,73,278
3825,74,671
3825,75,275
3825,76,271
3825,77,307
3825,78,863
3825,79,137
3825,80,333
3826,41,563
3826,42,142
3826,43,268
3826,44,299
3826,45,603
3826,46,586
3826,47,271
3826,48,170
3826,49,331
3826,50,493
3826,51,420
3826,52,426
3826,53,464
3826,54,1011
3826,55,301
3826,56,602
3826,57,304
3826,58,847
3826,59,677
3826,60,209
3826,61,568
3826,62,102
3826,63,233
3826,64,238
3826,65,5
3826,66,137
3826,67,209
3826,68,182
3826,69,214
3826,70,248
3826,71,246
3826,72,182
3826,73,237
3826,74,680
3826,75,586
3826,76,160
3826,77,272
3826,78,263
3826,79,203
3826,80,271
3827,41,414
3827,42,818
3827,43,362
3827,44,472
3827,45,433
3827,46,434
3827,47,244
3827,48,469
3827,49,432
3827,50,940
3827,51,233
3827,52,232
3827,53,358
3827,54,326
3827,55,232
3827,56,362
3827,57,391
3827,58,424
3827,59,610
3827,60,742
3827,61,439
3827,62,822
3827,63,626
3827,64,781
3827,65,813
3827,66,811
3827,67,843
3827,68,840
3827,69,753
3827,70,893
3827,71,997
3827,72,935
3827,73,837
3827,74,870
3827,75,773
3827,76,722
3827,77,842
3827,78,480
3827,79,777
3827,80,547
3828,41,312
3828,42,448
3828,43,194
3828,44,40
3828,45,137
3828,46,236
3828,47,205
3828,48,236
3828,49,236
3828,50,794
3828,51,137
3828,52,682
3828,53,236
3828,54,205
3828,55,205
3828,56,236
3828,57,236
3828,58,202
3828,59,306
3828,60,311
3828,61,113
3828,62,41
3828,63,448
3828,64,569
3828,65,304
3828,66,656
3828,67,991
3828,68,271
3828,69,663
3828,70,169
3828,71,202
3828,72,236
3828,73,271
3828,74,238
3828,75,715
3828,76,4
3828,77,36
3828,78,72
3828,79,237
3828,80,330
3829,41,864
3829,42,893
3829,43,1
3829,44,71
3829,45,683
3829,46,134
3829,47,111
3829,48,7
3829,49,7
3829,50,71
3829,51,169
3829,52,2
3829,53,69
3829,54,335
3829,55,36
3829,56,3
3829,57,304
3829,58,338
3829,59,338
3829,60,520
3829,61,201
3829,62,664
3829,63,337
3829,64,270
3829,65,306
3829,66,927
3829,67,769
3829,68,194
3829,69,338
3829,70,505
3829,71,505
3829,72,505
3829,73,405
3829,74,1000
3829,75,686
3829,76,626
3829,77,688
3829,78,626
3829,79,422
3829,80,60
3830,41,288
3830,42,320
3830,43,544
3830,44,18
3830,45,539
3830,46,479
3830,47,479
3830,48,479
3830,49,479
3830,50,479
3830,51,444
3830,52,444
3830,53,444
3830,54,299
3830,55,376
3830,56,374
3830,57,376
3830,58,53
3830,59,411
3830,60,411
3830,61,123
3830,62,730
3830,63,576
3830,64,542
3830,65,961
3830,66,543
3830,67,608
3830,68,544
3830,69,544
3830,70,575
3830,71,543
3830,72,479
3830,73,479
3830,74,479
3830,75,475
3830,76,477
3830,77,313
3830,78,284
3830,79,444
3830,80,506
3831,41,685
3831,42,653
3831,43,303
3831,44,303
3831,45,334
3831,46,240
3831,47,176
3831,48,273
3831,49,370
3831,50,198
3831,51,876
3831,52,273
3831,53,168
3831,54,822
3831,55,144
3831,56,176
3831,57,208
3831,58,208
3831,59,243
3831,60,306
3831,61,189
3831,62,641
3831,63,985
3831,64,50
3831,65,110
3831,66,143
3831,67,485
3831,68,194
3831,69,403
3831,70,406
3831,71,402
3831,72,473
3831,73,346
3831,74,404
3831,75,473
3831,76,859
3831,77,539
3831,78,532
3831,79,807
3831,80,539
3832,41,199
3832,42,485
3832,43,71
3832,44,202
3832,45,238
3832,46,334
3832,47,303
3832,48,271
3832,49,176
3832,50,892
3832,51,80
3832,52,50
3832,53,383
3832,54,71
3832,55,224
3832,56,137
3832,57,625
3832,58,70
3832,59,70
3832,60,542
3832,61,851
3832,62,626
3832,63,207
3832,64,113
3832,65,115
3832,66,1008
3832,67,239
3832,68,655
3832,69,631
3832,70,18
3832,71,50
3832,72,82
3832,73,50
3832,74,81
3832,75,50
3832,76,112
3832,77,48
3832,78,48
3832,79,48
3832,80,205
3833,41,897
3833,42,892
3833,43,721
3833,44,270
3833,45,304
3833,46,237
3833,47,199
3833,48,166
3833,49,254
3833,50,36
3833,51,2
3833,52,865
3833,53,36
3833,54,820
3833,55,202
3833,56,201
3833,57,151
3833,58,170
3833,59,628
3833,60,419
3833,61,109
3833,62,825
3833,63,71
3833,64,203
3833,65,167
3833,66,358
3833,67,167
3833,68,199
3833,69,5
3833,70,131
3833,71,131
3833,72,2
3833,73,2
3833,74,102
3833,75,40
3833,76,36
3833,77,974
3833,78,70
3833,79,84
3833,80,2
3834,41,39
3834,42,542
3834,43,608
3834,44,541
3834,45,715
3834,46,362
3834,47,607
3834,48,608
3834,49,574
3834,50,608
3834,51,541
3834,52,608
3834,53,574
3834,54,59
3834,55,541
3834,56,608
3834,57,618
3834,58,607
3834,59,607
3834,60,607
3834,61,892
3834,62,374
3834,63,584
3834,64,541
3834,65,541
3834,66,839
3834,67,640
3834,68,640
3834,69,640
3834,70,640
3834,71,640
3834,72,640
3834,73,640
3834,74,640
3834,75,640
3834,76,640
3834,77,640
3834,78,640
3834,79,640
3834,80,235
3835,41,53
3835,42,884
3835,43,367
3835,44,336
3835,45,275
3835,46,246
3835,47,856
3835,48,246
3835,49,394
3835,50,425
3835,51,338
3835,52,366
3835,53,695
3835,54,369
3835,55,369
3835,56,366
3835,57,396
3835,58,396
3835,59,366
3835,60,222
3835,61,944
3835,62,15
3835,63,205
3835,64,87
3835,65,396
3835,66,366
3835,67,356
3835,68,356
3835,69,176
3835,70,467
3835,71,431
3835,72,626
3835,73,426
3835,74,431
3835,75,464
3835,76,398
3835,77,301
3835,78,362
3835,79,396
3835,80,333
3836,41,765
3836,42,527
3836,43,232
3836,44,390
3836,45,391
3836,46,167
3836,47,200
3836,48,200
3836,49,102
3836,50,901
3836,51,36
3836,52,102
3836,53,133
3836,54,735
3836,55,162
3836,56,730
3836,57,166
3836,58,232
3836,59,390
3836,60,390
3836,61,458
3836,62,683
3836,63,37
3836,64,37
3836,65,102
3836,66,326
3836,67,390
3836,68,769
3836,69,423
3836,70,56
3836,71,323
3836,72,257
3836,73,390
3836,74,390
3836,75,452
3836,76,213
3836,77,388
3836,78,389
3836,79,357
3836,80,361
3837,41,252
3837,42,207
3837,43,640
3837,44,509
3837,45,544
3837,46,575
3837,47,476
3837,48,541
3837,49,540
3837,50,446
3837,51,638
3837,52,457
3837,53,540
3837,54,638
3837,55,798
3837,56,665
3837,57,604
3837,58,509
3837,59,171
3837,60,509
3837,61,242
3837,62,618
3837,63,421
3837,64,442
3837,65,149
3837,66,216
3837,67,951
3837,68,184
3837,69,79
3837,70,125
3837,71,139
3837,72,219
3837,73,156
3837,74,219
3837,75,552
3837,76,215
3837,77,568
3837,78,455
3837,79,321
3837,80,108
3838,41,865
3838,42,770
3838,43,470
3838,44,505
3838,45,504
3838,46,531
3838,47,469
3838,48,736
3838,49,469
3838,50,811
3838,51,279
3838,52,310
3838,53,216
3838,54,216
3838,55,183
3838,56,154
3838,57,216
3838,58,217
3838,59,217
3838,60,217
3838,61,901
3838,62,287
3838,63,398
3838,64,273
3838,65,240
3838,66,240
3838,67,216
3838,68,104
3838,69,70
3838,70,268
3838,71,138
3838,72,824
3838,73,170
3838,74,3
3838,75,402
3838,76,267
3838,77,271
3838,78,363
3838,79,236
3838,80,278
3839,41,134
3839,42,290
3839,43,724
3839,44,981
3839,45,253
3839,46,564
3839,47,566
3839,48,566
3839,49,536
3839,50,536
3839,51,630
3839,52,725
3839,53,949
3839,54,217
3839,55,662
3839,56,554
3839,57,92
3839,58,119
3839,59,535
3839,60,792
3839,61,39
3839,62,909
3839,63,545
3839,64,378
3839,65,817
3839,66,141
3839,67,673
3839,68,930
3839,69,598
3839,70,692
3839,71,973
3839,72,790
3839,73,886
3839,74,288
3839,75,918
3839,76,950
3839,77,983
3839,78,691
3839,79,918
3839,80,950
3840,41,100
3840,42,541
3840,43,875
3840,44,240
3840,45,172
3840,46,137
3840,47,203
3840,48,108
3840,49,139
3840,50,312
3840,51,102
3840,52,101
3840,53,68
3840,54,101
3840,55,131
3840,56,933
3840,57,161
3840,58,161
3840,59,162
3840,60,938
3840,61,162
3840,62,865
3840,63,524
3840,64,90
3840,65,202
3840,66,436
3840,67,558
3840,68,383
3840,69,246
3840,70,367
3840,71,423
3840,72,334
3840,73,334
3840,74,243
3840,75,277
3840,76,868
3840,77,104
3840,78,236
3840,79,236
3840,80,236
3841,41,83
3841,42,665
3841,43,794
3841,44,920
3841,45,918
3841,46,856
3841,47,892
3841,48,920
3841,49,1016
3841,50,111
3841,51,889
3841,52,950
3841,53,1011
3841,54,1011
3841,55,1011
3841,56,336
3841,57,1012
3841,58,915
3841,59,1003
3841,60,387
3841,61,741
3841,62,160
3841,63,856
3841,64,666
3841,65,702
3841,66,165
3841,67,762
3841,68,728
3841,69,695
3841,70,812
3841,71,645
3841,72,664
3841,73,695
3841,74,791
3841,75,726
3841,76,695
3841,77,756
3841,78,536
3841,79,104
3841,80,537
3842,41,965
3842,42,927
3842,43,441
3842,44,315
3842,45,316
3842,46,317
3842,47,382
3842,48,382
3842,49,994
3842,50,5
3842,51,255
3842,52,224
3842,53,138
3842,54,223
3842,55,159
3842,56,285
3842,57,315
3842,58,315
3842,59,315
3842,60,584
3842,61,609
3842,62,691
3842,63,811
3842,64,137
3842,65,250
3842,66,553
3842,67,442
3842,68,315
3842,69,285
3842,70,255
3842,71,617
3842,72,288
3842,73,527
3842,74,287
3842,75,254
3842,76,288
3842,77,224
3842,78,224
3842,79,224
3842,80,224
3843,41,820
3843,42,991
3843,43,886
3843,44,529
3843,45,290
3843,46,565
3843,47,291
3843,48,425
3843,49,425
3843,50,425
3843,51,195
3843,52,1000
3843,53,224
3843,54,476
3843,55,410
3843,56,305
3843,57,640
3843,58,539
3843,59,575
3843,60,602
3843,61,908
3843,62,259
3843,63,517
3843,64,454
3843,65,548
3843,66,517
3843,67,486
3843,68,615
3843,69,453
3843,70,486
3843,71,486
3843,72,518
3843,73,548
3843,74,548
3843,75,485
3843,76,746
3843,77,454
3843,78,485
3843,79,518
3843,80,518
3844,41,323
3844,42,64
3844,43,161
3844,44,37
3844,45,1022
3844,46,356
3844,47,391
3844,48,390
3844,49,450
3844,50,344
3844,51,375
3844,52,375
3844,53,342
3844,54,307
3844,55,307
3844,56,825
3844,57,342
3844,58,375
3844,59,271
3844,60,390
3844,61,5
3844,62,125
3844,63,168
3844,64,99
3844,65,385
3844,66,49
3844,67,450
3844,68,158
3844,69,227
3844,70,66
3844,71,137
3844,72,72
3844,73,202
3844,74,161
3844,75,129
3844,76,907
3844,77,129
3844,78,129
3844,79,129
3844,80,129
3845,41,640
3845,42,156
3845,43,182
3845,44,215
3845,45,280
3845,46,20
3845,47,442
3845,48,570
3845,49,378
3845,50,480
3845,51,480
3845,52,484
3845,53,476
3845,54,702
3845,55,702
3845,56,672
3845,57,972
3845,58,2
3845,59,732
3845,60,665
3845,61,641
3845,62,969
3845,63,284
3845,64,285
3845,65,285
3845,66,955
3845,67,348
3845,68,384
3845,69,448
3845,70,352
3845,71,348
3845,72,348
3845,73,381
3845,74,416
3845,75,416
3845,76,352
3845,77,352
3845,78,352
3845,79,284
3845,80,165
3846,41,239
3846,42,491
3846,43,646
3846,44,406
3846,45,406
3846,46,374
3846,47,423
3846,48,422
3846,49,842
3846,50,428
3846,51,481
3846,52,481
3846,53,481
3846,54,676
3846,55,678
3846,56,612
3846,57,230
3846,58,649
3846,59,612
3846,60,584
3846,61,921
3846,62,604
3846,63,891
3846,64,363
3846,65,174
3846,66,189
3846,67,174
3846,68,207
3846,69,109
3846,70,109
3846,71,109
3846,72,143
3846,73,797
3846,74,76
3846,75,76
3846,76,176
3846,77,305
3846,78,275
3846,79,279
3846,80,279
3847,41,597
3847,42,329
3847,43,501
3847,44,437
3847,45,405
3847,46,435
3847,47,405
3847,48,406
3847,49,487
3847,50,281
3847,51,315
3847,52,255
3847,53,286
3847,54,316
3847,55,846
3847,56,507
3847,57,542
3847,58,539
3847,59,542
3847,60,451
3847,61,71
3847,62,430
3847,63,718
3847,64,656
3847,65,595
3847,66,657
3847,67,593
3847,68,592
3847,69,31
3847,70,590
3847,71,776
3847,72,589
3847,73,559
3847,74,461
3847,75,363
3847,76,795
3847,77,424
3847,78,363
3847,79,927
3847,80,299
3848,41,76
3848,42,458
3848,43,250
3848,44,314
3848,45,94
3848,46,782
3848,47,216
3848,48,185
3848,49,28
3848,50,173
3848,51,185
3848,52,187
3848,53,156
3848,54,316
3848,55,658
3848,56,796
3848,57,1017
3848,58,224
3848,59,190
3848,60,285
3848,61,88
3848,62,728
3848,63,60
3848,64,354
3848,65,720
3848,66,131
3848,67,312
3848,68,247
3848,69,312
3848,70,247
3848,71,247
3848,72,312
3848,73,312
3848,74,549
3848,75,153
3848,76,151
3848,77,22
3848,78,86
3848,79,246
3848,80,153
3849,41,675
3849,42,28
3849,43,263
3849,44,892
3849,45,102
3849,46,102
3849,47,102
3849,48,7
3849,49,199
3849,50,232
3849,51,264
3849,52,199
3849,53,135
3849,54,201
3849,55,232
3849,56,232
3849,57,358
3849,58,391
3849,59,785
3849,60,475
3849,61,76
3849,62,193
3849,63,389
3849,64,233
3849,65,36
3849,66,104
3849,67,102
3849,68,168
3849,69,358
3849,70,358
3849,71,134
3849,72,200
3849,73,167
3849,74,263
3849,75,232
3849,76,295
3849,77,939
3849,78,264
3849,79,674
3849,80,71
3850,41,325
3850,42,428
3850,43,214
3850,44,811
3850,45,214
3850,46,933
3850,47,576
3850,48,462
3850,49,114
3850,50,923
3850,51,183
3850,52,117
3850,53,117
3850,54,245
3850,55,114
3850,56,148
3850,57,115
3850,58,210
3850,59,176
3850,60,146
3850,61,312
3850,62,438
3850,63,212
3850,64,213
3850,65,214
3850,66,213
3850,67,396
3850,68,245
3850,69,147
3850,70,179
3850,71,115
3850,72,240
3850,73,82
3850,74,273
3850,75,147
3850,76,82
3850,77,18
3850,78,212
3850,79,82
3850,80,65
3851,41,968
3851,42,580
3851,43,427
3851,44,432
3851,45,602
3851,46,1024
3851,47,667
3851,48,1024
3851,49,765
3851,50,797
3851,51,703
3851,52,342
3851,53,602
3851,54,506
3851,55,776
3851,56,667
3851,57,896
3851,58,718
3851,59,831
3851,60,960
3851,61,426
3851,62,426
3851,63,465
3851,64,398
3851,65,398
3851,66,330
3851,67,394
3851,68,616
3851,69,584
3851,70,552
3851,71,586
3851,72,616
3851,73,951
3851,74,586
3851,75,190
3851,76,556
3851,77,556
3851,78,556
3851,79,523
3851,80,121
3852,41,492
3852,42,1007
3852,43,596
3852,44,596
3852,45,469
3852,46,346
3852,47,505
3852,48,505
3852,49,505
3852,50,601
3852,51,504
3852,52,535
3852,53,598
3852,54,601
3852,55,404
3852,56,473
3852,57,469
3852,58,474
3852,59,471
3852,60,505
3852,61,521
3852,62,197
3852,63,430
3852,64,430
3852,65,426
3852,66,906
3852,67,886
3852,68,265
3852,69,419
3852,70,946
3852,71,291
3852,72,385
3852,73,957
3852,74,323
3852,75,388
3852,76,323
3852,77,292
3852,78,292
3852,79,329
3852,80,324
3853,41,546
3853,42,772
3853,43,308
3853,44,1001
3853,45,6
3853,46,269
3853,47,908
3853,48,974
3853,49,875
3853,50,875
3853,51,409
3853,52,974
3853,53,973
3853,54,673
3853,55,748
3853,56,875
3853,57,312
3853,58,908
3853,59,558
3853,60,289
3853,61,251
3853,62,662
3853,63,1001
3853,64,1001
3853,65,1003
3853,66,834
3853,67,972
3853,68,897
3853,69,788
3853,70,848
3853,71,1003
3853,72,996
3853,73,848
3853,74,786
3853,75,521
3853,76,108
3853,77,639
3853,78,984
3853,79,569
3853,80,863
3854,41,311
3854,42,521
3854,43,608
3854,44,415
3854,45,895
3854,46,174
3854,47,412
3854,48,412
3854,49,369
3854,50,348
3854,51,345
3854,52,154
3854,53,69
3854,54,216
3854,55,217
3854,56,248
3854,57,511
3854,58,348
3854,59,127
3854,60,415
3854,61,618
3854,62,486
3854,63,441
3854,64,347
3854,65,349
3854,66,381
3854,67,379
3854,68,347
3854,69,315
3854,70,345
3854,71,216
3854,72,410
3854,73,255
3854,74,346
3854,75,88
3854,76,315
3854,77,283
3854,78,218
3854,79,282
3854,80,535
3855,41,609
3855,42,70
3855,43,164
3855,44,199
3855,45,199
3855,46,70
3855,47,162
3855,48,162
3855,49,37
3855,50,546
3855,51,101
3855,52,166
3855,53,595
3855,54,3
3855,55,102
3855,56,102
3855,57,102
3855,58,102
3855,59,69
3855,60,790
3855,61,126
3855,62,367
3855,63,529
3855,64,497
3855,65,16
3855,66,560
3855,67,619
3855,68,620
3855,69,560
3855,70,560
3855,71,820
3855,72,593
3855,73,562
3855,74,560
3855,75,557
3855,76,559
3855,77,647
3855,78,647
3855,79,609
3855,80,609
3856,41,783
3856,42,60
3856,43,638
3856,44,475
3856,45,467
3856,46,469
3856,47,476
3856,48,444
3856,49,476
3856,50,697
3856,51,550
3856,52,476
3856,53,478
3856,54,474
3856,55,476
3856,56,509
3856,57,474
3856,58,474
3856,59,379
3856,60,619
3856,61,891
3856,62,1001
3856,63,87
3856,64,228
3856,65,499
3856,66,499
3856,67,525
3856,68,622
3856,69,591
3856,70,53
3856,71,810
3856,72,619
3856,73,584
3856,74,842
3856,75,365
3856,76,841
3856,77,999
3856,78,905
3856,79,584
3856,80,622
3857,41,976
3857,42,228
3857,43,460
3857,44,813
3857,45,552
3857,46,27
3857,47,334
3857,48,276
3857,49,278
3857,50,787
3857,51,404
3857,52,375
3857,53,176
3857,54,455
3857,55,142
3857,56,497
3857,57,142
3857,58,142
3857,59,110
3857,60,176
3857,61,779
3857,62,327
3857,63,460
3857,64,530
3857,65,528
3857,66,530
3857,67,464
3857,68,430
3857,69,440
3857,70,278
3857,71,69
3857,72,409
3857,73,378
3857,74,442
3857,75,1004
3857,76,607
3857,77,376
3857,78,410
3857,79,538
3857,80,540
3858,41,1009
3858,42,948
3858,43,70
3858,44,163
3858,45,131
3858,46,385
3858,47,323
3858,48,164
3858,49,162
3858,50,235
3858,51,227
3858,52,291
3858,53,552
3858,54,395
3858,55,390
3858,56,391
3858,57,928
3858,58,200
3858,59,231
3858,60,762
3858,61,1011
3858,62,919
3858,63,67
3858,64,99
3858,65,131
3858,66,35
3858,67,33
3858,68,35
3858,69,34
3858,70,36
3858,71,66
3858,72,37
3858,73,33
3858,74,789
3858,75,640
3858,76,581
3858,77,3
3858,78,379
3858,79,5
3858,80,66
3859,41,1013
3859,42,648
3859,43,619
3859,44,470
3859,45,521
3859,46,488
3859,47,520
3859,48,172
3859,49,807
3859,50,773
3859,51,839
3859,52,807
3859,53,839
3859,54,748
3859,55,777
3859,56,336
3859,57,868
3859,58,986
3859,59,868
3859,60,868
3859,61,355
3859,62,287
3859,63,712
3859,64,713
3859,65,781
3859,66,840
3859,67,166
3859,68,718
3859,69,654
3859,70,752
3859,71,752
3859,72,717
3859,73,818
3859,74,681
3859,75,646
3859,76,580
3859,77,647
3859,78,647
3859,79,456
3859,80,456
3860,41,399
3860,42,825
3860,43,409
3860,44,473
3860,45,944
3860,46,730
3860,47,378
3860,48,190
3860,49,224
3860,50,172
3860,51,598
3860,52,473
3860,53,598
3860,54,696
3860,55,601
3860,56,630
3860,57,358
3860,58,627
3860,59,595
3860,60,630
3860,61,73
3860,62,827
3860,63,817
3860,64,311
3860,65,279
3860,66,43
3860,67,247
3860,68,217
3860,69,59
3860,70,122
3860,71,122
3860,72,60
3860,73,91
3860,74,63
3860,75,64
3860,76,677
3860,77,403
3860,78,740
3860,79,180
3860,80,639
3861,41,970
3861,42,355
3861,43,362
3861,44,80
3861,45,338
3861,46,392
3861,47,393
3861,48,306
3861,49,338
3861,50,452
3861,51,424
3861,52,516
3861,53,894
3861,54,337
3861,55,745
3861,56,616
3861,57,745
3861,58,709
3861,59,212
3861,60,738
3861,61,192
3861,62,648
3861,63,420
3861,64,513
3861,65,642
3861,66,257
3861,67,699
3861,68,434
3861,69,421
3861,70,297
3861,71,490
3861,72,288
3861,73,393
3861,74,395
3861,75,394
3861,76,298
3861,77,394
3861,78,618
3861,79,365
3861,80,362
3862,41,196
3862,42,773
3862,43,224
3862,44,239
3862,45,189
3862,46,82
3862,47,190
3862,48,224
3862,49,288
3862,50,810
3862,51,378
3862,52,143
3862,53,429
3862,54,381
3862,55,780
3862,56,349
3862,57,381
3862,58,316
3862,59,316
3862,60,189
3862,61,289
3862,62,788
3862,63,476
3862,64,980
3862,65,550
3862,66,472
3862,67,509
3862,68,430
3862,69,575
3862,70,144
3862,71,313
3862,72,248
3862,73,216
3862,74,251
3862,75,249
3862,76,415
3862,77,381
3862,78,834
3862,79,414
3862,80,416
3863,41,295
3863,42,512
3863,43,387
3863,44,718
3863,45,387
3863,46,387
3863,47,387
3863,48,419
3863,49,386
3863,50,419
3863,51,387
3863,52,386
3863,53,453
3863,54,756
3863,55,878
3863,56,453
3863,57,938
3863,58,613
3863,59,233
3863,60,930
3863,61,468
3863,62,963
3863,63,592
3863,64,195
3863,65,556
3863,66,259
3863,67,126
3863,68,326
3863,69,527
3863,70,294
3863,71,135
3863,72,323
3863,73,163
3863,74,163
3863,75,163
3863,76,389
3863,77,389
3863,78,290
3863,79,356
3863,80,354
3864,41,490
3864,42,108
3864,43,685
3864,44,289
3864,45,356
3864,46,356
3864,47,131
3864,48,79
3864,49,104
3864,50,38
3864,51,39
3864,52,102
3864,53,102
3864,54,162
3864,55,162
3864,56,1018
3864,57,36
3864,58,209
3864,59,323
3864,60,391
3864,61,683
3864,62,122
3864,63,428
3864,64,289
3864,65,484
3864,66,323
3864,67,353
3864,68,610
3864,69,562
3864,70,644
3864,71,609
3864,72,610
3864,73,323
3864,74,43
3864,75,392
3864,76,721
3864,77,356
3864,78,421
3864,79,180
3864,80,451
3865,41,643
3865,42,206
3865,43,81
3865,44,79
3865,45,374
3865,46,256
3865,47,531
3865,48,110
3865,49,18
3865,50,1005
3865,51,82
3865,52,733
3865,53,18
3865,54,68
3865,55,674
3865,56,824
3865,57,330
3865,58,833
3865,59,111
3865,60,80
3865,61,37
3865,62,569
3865,63,573
3865,64,49
3865,65,49
3865,66,110
3865,67,144
3865,68,50
3865,69,18
3865,70,18
3865,71,18
3865,72,18
3865,73,18
3865,74,18
3865,75,18
3865,76,112
3865,77,113
3865,78,142
3865,79,110
3865,80,198
3866,41,629
3866,42,209
3866,43,622
3866,44,54
3866,45,86
3866,46,150
3866,47,150
3866,48,392
3866,49,91
3866,50,152
3866,51,53
3866,52,85
3866,53,116
3866,54,738
3866,55,995
3866,56,281
3866,57,280
3866,58,280
3866,59,182
3866,60,836
3866,61,674
3866,62,908
3866,63,917
3866,64,17
3866,65,151
3866,66,352
3866,67,22
3866,68,86
3866,69,22
3866,70,118
3866,71,152
3866,72,60
3866,73,64
3866,74,95
3866,75,127
3866,76,127
3866,77,119
3866,78,421
3866,79,441
3866,80,181
3867,41,44
3867,42,512
3867,43,278
3867,44,276
3867,45,211
3867,46,21
3867,47,679
3867,48,52
3867,49,513
3867,50,474
3867,51,475
3867,52,13
3867,53,540
3867,54,567
3867,55,568
3867,56,597
3867,57,809
3867,58,874
3867,59,595
3867,60,732
3867,61,220
3867,62,735
3867,63,295
3867,64,420
3867,65,990
3867,66,430
3867,67,396
3867,68,367
3867,69,472
3867,70,433
3867,71,433
3867,72,162
3867,73,649
3867,74,481
3867,75,436
3867,76,747
3867,77,488
3867,78,617
3867,79,564
3867,80,597
3868,41,227
3868,42,32
3868,43,955
3868,44,239
3868,45,685
3868,46,331
3868,47,331
3868,48,393
3868,49,493
3868,50,546
3868,51,81
3868,52,683
3868,53,657
3868,54,564
3868,55,253
3868,56,430
3868,57,399
3868,58,402
3868,59,432
3868,60,425
3868,61,124
3868,62,209
3868,63,431
3868,64,162
3868,65,430
3868,66,430
3868,67,427
3868,68,423
3868,69,526
3868,70,450
3868,71,386
3868,72,322
3868,73,227
3868,74,323
3868,75,389
3868,76,242
3868,77,390
3868,78,202
3868,79,202
3868,80,232
3869,41,445
3869,42,207
3869,43,156
3869,44,185
3869,45,575
3869,46,221
3869,47,220
3869,48,521
3869,49,315
3869,50,160
3869,51,381
3869,52,349
3869,53,350
3869,54,349
3869,55,350
3869,56,381
3869,57,380
3869,58,415
3869,59,696
3869,60,188
3869,61,623
3869,62,541
3869,63,256
3869,64,287
3869,65,316
3869,66,796
3869,67,312
3869,68,312
3869,69,312
3869,70,312
3869,71,312
3869,72,312
3869,73,312
3869,74,473
3869,75,409
3869,76,379
3869,77,250
3869,78,250
3869,79,367
3869,80,250
3870,41,703
3870,42,753
3870,43,560
3870,44,922
3870,45,499
3870,46,344
3870,47,250
3870,48,344
3870,49,346
3870,50,21
3870,51,380
3870,52,381
3870,53,410
3870,54,338
3870,55,602
3870,56,475
3870,57,354
3870,58,471
3870,59,404
3870,60,278
3870,61,411
3870,62,480
3870,63,529
3870,64,561
3870,65,170
3870,66,492
3870,67,520
3870,68,225
3870,69,777
3870,70,552
3870,71,552
3870,72,295
3870,73,321
3870,74,200
3870,75,102
3870,76,199
3870,77,291
3870,78,134
3870,79,327
3870,80,358
3871,41,411
3871,42,315
3871,43,230
3871,44,118
3871,45,394
3871,46,227
3871,47,227
3871,48,354
3871,49,722
3871,50,99
3871,51,37
3871,52,99
3871,53,71
3871,54,72
3871,55,42
3871,56,74
3871,57,205
3871,58,236
3871,59,172
3871,60,172
3871,61,25
3871,62,876
3871,63,799
3871,64,825
3871,65,460
3871,66,460
3871,67,21
3871,68,567
3871,69,628
3871,70,974
3871,71,1007
3871,72,973
3871,73,337
3871,74,910
3871,75,942
3871,76,628
3871,77,120
3871,78,986
3871,79,406
3871,80,499
3872,41,694
3872,42,795
3872,43,137
3872,44,169
3872,45,238
3872,46,270
3872,47,342
3872,48,309
3872,49,244
3872,50,375
3872,51,342
3872,52,505
3872,53,277
3872,54,533
3872,55,501
3872,56,407
3872,57,409
3872,58,980
3872,59,305
3872,60,305
3872,61,99
3872,62,963
3872,63,283
3872,64,912
3872,65,271
3872,66,309
3872,67,439
3872,68,104
3872,69,299
3872,70,109
3872,71,77
3872,72,564
3872,73,923
3872,74,109
3872,75,633
3872,76,76
3872,77,76
3872,78,108
3872,79,75
3872,80,75
3873,41,312
3873,42,307
3873,43,306
3873,44,877
3873,45,267
3873,46,235
3873,47,203
3873,48,271
3873,49,305
3873,50,143
3873,51,242
3873,52,241
3873,53,266
3873,54,991
3873,55,849
3873,56,130
3873,57,374
3873,58,65
3873,59,237
3873,60,270
3873,61,383
3873,62,775
3873,63,286
3873,64,183
3873,65,255
3873,66,888
3873,67,407
3873,68,170
3873,69,924
3873,70,247
3873,71,243
3873,72,306
3873,73,338
3873,74,276
3873,75,316
3873,76,254
3873,77,306
3873,78,381
3873,79,345
3873,80,109
3874,41,603
3874,42,501
3874,43,295
3874,44,294
3874,45,875
3874,46,389
3874,47,674
3874,48,587
3874,49,557
3874,50,464
3874,51,530
3874,52,436
3874,53,415
3874,54,467
3874,55,501
3874,56,105
3874,57,688
3874,58,925
3874,59,566
3874,60,786
3874,61,251
3874,62,658
3874,63,400
3874,64,528
3874,65,529
3874,66,561
3874,67,647
3874,68,584
3874,69,323
3874,70,476
3874,71,466
3874,72,427
3874,73,427
3874,74,431
3874,75,426
3874,76,636
3874,77,323
3874,78,391
3874,79,389
3874,80,257
3875,41,377
3875,42,995
3875,43,916
3875,44,171
3875,45,171
3875,46,138
3875,47,79
3875,48,78
3875,49,72
3875,50,16
3875,51,16
3875,52,16
3875,53,49
3875,54,19
3875,55,51
3875,56,495
3875,57,51
3875,58,117
3875,59,182
3875,60,474
3875,61,837
3875,62,666
3875,63,80
3875,64,872
3875,65,79
3875,66,79
3875,67,77
3875,68,358
3875,69,76
3875,70,73
3875,71,74
3875,72,74
3875,73,74
3875,74,72
3875,75,69
3875,76,101
3875,77,159
3875,78,71
3875,79,134
3875,80,102
3876,41,744
3876,42,868
3876,43,69
3876,44,43
3876,45,319
3876,46,142
3876,47,799
3876,48,469
3876,49,310
3876,50,972
3876,51,440
3876,52,407
3876,53,343
3876,54,469
3876,55,471
3876,56,375
3876,57,374
3876,58,310
3876,59,343
3876,60,438
3876,61,207
3876,62,304
3876,63,69
3876,64,70
3876,65,102
3876,66,2
3876,67,37
3876,68,168
3876,69,203
3876,70,306
3876,71,414
3876,72,715
3876,73,338
3876,74,304
3876,75,203
3876,76,271
3876,77,304
3876,78,503
3876,79,469
3876,80,407
3877,41,809
3877,42,794
3877,43,781
3877,44,784
3877,45,693
3877,46,438
3877,47,533
3877,48,432
3877,49,470
3877,50,431
3877,51,421
3877,52,396
3877,53,394
3877,54,362
3877,55,103
3877,56,70
3877,57,232
3877,58,357
3877,59,69
3877,60,103
3877,61,172
3877,62,771
3877,63,1018
3877,64,830
3877,65,825
3877,66,694
3877,67,856
3877,68,763
3877,69,765
3877,70,1024
3877,71,719
3877,72,36
3877,73,701
3877,74,511
3877,75,570
3877,76,410
3877,77,376
3877,78,964
3877,79,489
3877,80,312
3878,41,497
3878,42,239
3878,43,479
3878,44,379
3878,45,122
3878,46,507
3878,47,722
3878,48,506
3878,49,606
3878,50,420
3878,51,759
3878,52,849
3878,53,339
3878,54,655
3878,55,626
3878,56,539
3878,57,607
3878,58,576
3878,59,540
3878,60,506
3878,61,948
3878,62,402
3878,63,703
3878,64,960
3878,65,928
3878,66,928
3878,67,538
3878,68,506
3878,69,542
3878,70,955
3878,71,477
3878,72,345
3878,73,313
3878,74,375
3878,75,208
3878,76,399
3878,77,333
3878,78,361
3878,79,260
3878,80,94
3879,41,374
3879,42,130
3879,43,478
3879,44,470
3879,45,403
3879,46,370
3879,47,365
3879,48,361
3879,49,370
3879,50,501
3879,51,517
3879,52,468
3879,53,469
3879,54,177
3879,55,431
3879,56,499
3879,57,707
3879,58,368
3879,59,84
3879,60,430
3879,61,961
3879,62,70
3879,63,467
3879,64,431
3879,65,432
3879,66,466
3879,67,592
3879,68,591
3879,69,620
3879,70,594
3879,71,551
3879,72,651
3879,73,650
3879,74,676
3879,75,805
3879,76,870
3879,77,737
3879,78,966
3879,79,490
3879,80,593
3880,41,251
3880,42,512
3880,43,371
3880,44,170
3880,45,301
3880,46,235
3880,47,169
3880,48,104
3880,49,3
3880,50,99
3880,51,137
3880,52,163
3880,53,235
3880,54,139
3880,55,509
3880,56,244
3880,57,18
3880,58,18
3880,59,247
3880,60,268
3880,61,166
3880,62,17
3880,63,598
3880,64,594
3880,65,719
3880,66,362
3880,67,567
3880,68,409
3880,69,505
3880,70,467
3880,71,125
3880,72,366
3880,73,451
3880,74,513
3880,75,421
3880,76,452
3880,77,452
3880,78,497
3880,79,334
3880,80,306
3881,41,818
3881,42,911
3881,43,450
3881,44,421
3881,45,451
3881,46,425
3881,47,433
3881,48,472
3881,49,431
3881,50,439
3881,51,472
3881,52,439
3881,53,407
3881,54,431
3881,55,402
3881,56,472
3881,57,432
3881,58,464
3881,59,266
3881,60,562
3881,61,401
3881,62,124
3881,63,333
3881,64,855
3881,65,398
3881,66,275
3881,67,502
3881,68,683
3881,69,469
3881,70,402
3881,71,467
3881,72,593
3881,73,497
3881,74,470
3881,75,497
3881,76,470
3881,77,473
3881,78,470
3881,79,429
3881,80,472
3882,41,103
3882,42,984
3882,43,200
3882,44,200
3882,45,200
3882,46,131
3882,47,164
3882,48,165
3882,49,139
3882,50,67
3882,51,161
3882,52,920
3882,53,17
3882,54,161
3882,55,260
3882,56,133
3882,57,132
3882,58,163
3882,59,227
3882,60,417
3882,61,528
3882,62,691
3882,63,327
3882,64,421
3882,65,894
3882,66,421
3882,67,386
3882,68,358
3882,69,200
3882,70,802
3882,71,1022
3882,72,162
3882,73,164
3882,74,524
3882,75,161
3882,76,198
3882,77,165
3882,78,768
3882,79,164
3882,80,161
3883,41,141
3883,42,729
3883,43,982
3883,44,818
3883,45,294
3883,46,755
3883,47,86
3883,48,971
3883,49,638
3883,50,973
3883,51,693
3883,52,787
3883,53,691
3883,54,723
3883,55,595
3883,56,848
3883,57,787
3883,58,789
3883,59,942
3883,60,604
3883,61,802
3883,62,608
3883,63,565
3883,64,562
3883,65,662
3883,66,566
3883,67,256
3883,68,787
3883,69,86
3883,70,1007
3883,71,469
3883,72,598
3883,73,692
3883,74,472
3883,75,694
3883,76,725
3883,77,759
3883,78,660
3883,79,660
3883,80,660
3884,41,149
3884,42,667
3884,43,304
3884,44,338
3884,45,155
3884,46,336
3884,47,361
3884,48,304
3884,49,307
3884,50,270
3884,51,236
3884,52,169
3884,53,95
3884,54,169
3884,55,267
3884,56,203
3884,57,311
3884,58,247
3884,59,254
3884,60,287
3884,61,316
3884,62,481
3884,63,237
3884,64,272
3884,65,402
3884,66,273
3884,67,37
3884,68,199
3884,69,263
3884,70,454
3884,71,745
3884,72,546
3884,73,546
3884,74,546
3884,75,546
3884,76,546
3884,77,546
3884,78,546
3884,79,546
3884,80,546
3885,41,205
3885,42,854
3885,43,321
3885,44,321
3885,45,285
3885,46,353
3885,47,354
3885,48,449
3885,49,642
3885,50,737
3885,51,107
3885,52,737
3885,53,737
3885,54,659
3885,55,740
3885,56,577
3885,57,740
3885,58,449
3885,59,353
3885,60,354
3885,61,107
3885,62,751
3885,63,431
3885,64,433
3885,65,433
3885,66,426
3885,67,331
3885,68,268
3885,69,174
3885,70,206
3885,71,268
3885,72,363
3885,73,236
3885,74,137
3885,75,168
3885,76,172
3885,77,79
3885,78,172
3885,79,903
3885,80,236
3886,41,679
3886,42,397
3886,43,108
3886,44,72
3886,45,36
3886,46,850
3886,47,835
3886,48,163
3886,49,67
3886,50,855
3886,51,600
3886,52,131
3886,53,131
3886,54,5
3886,55,1000
3886,56,99
3886,57,717
3886,58,259
3886,59,291
3886,60,195
3886,61,944
3886,62,661
3886,63,74
3886,64,131
3886,65,36
3886,66,5
3886,67,36
3886,68,273
3886,69,74
3886,70,108
3886,71,682
3886,72,72
3886,73,131
3886,74,558
3886,75,668
3886,76,133
3886,77,133
3886,78,133
3886,79,133
3886,80,430
3887,41,953
3887,42,813
3887,43,592
3887,44,6
3887,45,593
3887,46,561
3887,47,589
3887,48,525
3887,49,460
3887,50,460
3887,51,589
3887,52,495
3887,53,506
3887,54,534
3887,55,732
3887,56,870
3887,57,794
3887,58,888
3887,59,984
3887,60,918
3887,61,395
3887,62,819
3887,63,593
3887,64,13
3887,65,746
3887,66,781
3887,67,565
3887,68,349
3887,69,855
3887,70,564
3887,71,597
3887,72,352
3887,73,639
3887,74,481
3887,75,719
3887,76,626
3887,77,688
3887,78,688
3887,79,719
3887,80,961
3888,41,876
3888,42,179
3888,43,290
3888,44,356
3888,45,424
3888,46,630
3888,47,452
3888,48,426
3888,49,431
3888,50,223
3888,51,494
3888,52,344
3888,53,344
3888,54,508
3888,55,375
3888,56,468
3888,57,376
3888,58,344
3888,59,34
3888,60,505
3888,61,539
3888,62,164
3888,63,667
3888,64,428
3888,65,430
3888,66,420
3888,67,355
3888,68,428
3888,69,390
3888,70,338
3888,71,343
3888,72,441
3888,73,345
3888,74,345
3888,75,441
3888,76,501
3888,77,406
3888,78,408
3888,79,310
3888,80,2
3889,41,102
3889,42,537
3889,43,4
3889,44,395
3889,45,770
3889,46,169
3889,47,304
3889,48,520
3889,49,169
3889,50,203
3889,51,945
3889,52,229
3889,53,2
3889,54,104
3889,55,137
3889,56,103
3889,57,411
3889,58,360
3889,59,3
3889,60,103
3889,61,71
3889,62,900
3889,63,467
3889,64,404
3889,65,278
3889,66,311
3889,67,595
3889,68,472
3889,69,688
3889,70,472
3889,71,343
3889,72,501
3889,73,109
3889,74,74
3889,75,490
3889,76,137
3889,77,103
3889,78,42
3889,79,9
3889,80,560
3890,41,125
3890,42,844
3890,43,108
3890,44,263
3890,45,161
3890,46,919
3890,47,161
3890,48,162
3890,49,131
3890,50,34
3890,51,65
3890,52,35
3890,53,5
3890,54,2
3890,55,5
3890,56,5
3890,57,128
3890,58,68
3890,59,393
3890,60,696
3890,61,463
3890,62,940
3890,63,125
3890,64,224
3890,65,156
3890,66,830
3890,67,219
3890,68,156
3890,69,190
3890,70,94
3890,71,255
3890,72,329
3890,73,344
3890,74,522
3890,75,287
3890,76,399
3890,77,284
3890,78,264
3890,79,611
3890,80,378
3891,41,12
3891,42,903
3891,43,267
3891,44,204
3891,45,104
3891,46,237
3891,47,140
3891,48,727
3891,49,331
3891,50,206
3891,51,820
3891,52,677
3891,53,76
3891,54,12
3891,55,107
3891,56,79
3891,57,48
3891,58,140
3891,59,404
3891,60,140
3891,61,213
3891,62,947
3891,63,456
3891,64,430
3891,65,456
3891,66,557
3891,67,520
3891,68,557
3891,69,561
3891,70,623
3891,71,594
3891,72,620
3891,73,652
3891,74,557
3891,75,557
3891,76,587
3891,77,555
3891,78,557
3891,79,593
3891,80,619
3892,41,649
3892,42,606
3892,43,343
3892,44,235
3892,45,276
3892,46,544
3892,47,309
3892,48,485
3892,49,39
3892,50,267
3892,51,326
3892,52,914
3892,53,283
3892,54,103
3892,55,270
3892,56,236
3892,57,237
3892,58,245
3892,59,469
3892,60,783
3892,61,197
3892,62,1
3892,63,278
3892,64,408
3892,65,443
3892,66,40
3892,67,540
3892,68,542
3892,69,443
3892,70,153
3892,71,509
3892,72,405
3892,73,409
3892,74,863
3892,75,478
3892,76,459
3892,77,503
3892,78,478
3892,79,411
3892,80,379
3893,41,982
3893,42,563
3893,43,74
3893,44,110
3893,45,110
3893,46,108
3893,47,74
3893,48,237
3893,49,70
3893,50,38
3893,51,7
3893,52,39
3893,53,585
3893,54,270
3893,55,203
3893,56,410
3893,57,415
3893,58,935
3893,59,352
3893,60,348
3893,61,651
3893,62,269
3893,63,177
3893,64,145
3893,65,113
3893,66,50
3893,67,151
3893,68,193
3893,69,214
3893,70,573
3893,71,212
3893,72,211
3893,73,210
3893,74,211
3893,75,146
3893,76,146
3893,77,147
3893,78,213
3893,79,82
3893,80,147
3894,41,296
3894,42,220
3894,43,356
3894,44,390
3894,45,289
3894,46,422
3894,47,102
3894,48,295
3894,49,70
3894,50,368
3894,51,161
3894,52,301
3894,53,161
3894,54,161
3894,55,162
3894,56,259
3894,57,357
3894,58,390
3894,59,390
3894,60,390
3894,61,561
3894,62,486
3894,63,71
3894,64,139
3894,65,199
3894,66,161
3894,67,165
3894,68,67
3894,69,323
3894,70,323
3894,71,227
3894,72,195
3894,73,354
3894,74,354
3894,75,391
3894,76,391
3894,77,146
3894,78,227
3894,79,227
3894,80,163
3895,41,70
3895,42,941
3895,43,663
3895,44,356
3895,45,391
3895,46,425
3895,47,533
3895,48,452
3895,49,338
3895,50,365
3895,51,48
3895,52,902
3895,53,497
3895,54,425
3895,55,394
3895,56,238
3895,57,8
3895,58,8
3895,59,622
3895,60,205
3895,61,532
3895,62,416
3895,63,31
3895,64,924
3895,65,36
3895,66,432
3895,67,394
3895,68,593
3895,69,390
3895,70,481
3895,71,481
3895,72,825
3895,73,740
3895,74,675
3895,75,417
3895,76,851
3895,77,167
3895,78,71
3895,79,199
3895,80,169
3896,41,362
3896,42,360
3896,43,779
3896,44,843
3896,45,997
3896,46,626
3896,47,626
3896,48,718
3896,49,782
3896,50,687
3896,51,601
3896,52,821
3896,53,104
3896,54,681
3896,55,216
3896,56,310
3896,57,440
3896,58,466
3896,59,363
3896,60,488
3896,61,586
3896,62,570
3896,63,743
3896,64,617
3896,65,488
3896,66,395
3896,67,425
3896,68,289
3896,69,823
3896,70,942
3896,71,453
3896,72,771
3896,73,456
3896,74,805
3896,75,428
3896,76,533
3896,77,880
3896,78,36
3896,79,38
3896,80,39
3897,41,908
3897,42,477
3897,43,137
3897,44,402
3897,45,84
3897,46,473
3897,47,608
3897,48,410
3897,49,543
3897,50,40
3897,51,540
3897,52,478
3897,53,443
3897,54,681
3897,55,575
3897,56,575
3897,57,541
3897,58,640
3897,59,638
3897,60,608
3897,61,20
3897,62,630
3897,63,75
3897,64,75
3897,65,73
3897,66,73
3897,67,72
3897,68,326
3897,69,309
3897,70,478
3897,71,509
3897,72,604
3897,73,219
3897,74,638
3897,75,608
3897,76,638
3897,77,734
3897,78,671
3897,79,671
3897,80,701
3898,41,430
3898,42,249
3898,43,152
3898,44,152
3898,45,152
3898,46,54
3898,47,152
3898,48,54
3898,49,54
3898,50,449
3898,51,773
3898,52,248
3898,53,281
3898,54,21
3898,55,215
3898,56,626
3898,57,114
3898,58,404
3898,59,345
3898,60,278
3898,61,163
3898,62,982
3898,63,313
3898,64,281
3898,65,248
3898,66,345
3898,67,313
3898,68,182
3898,69,215
3898,70,345
3898,71,272
3898,72,599
3898,73,601
3898,74,565
3898,75,1007
3898,76,1001
3898,77,645
3898,78,911
3898,79,786
3898,80,972
3899,41,58
3899,42,74
3899,43,102
3899,44,328
3899,45,73
3899,46,107
3899,47,824
3899,48,134
3899,49,200
3899,50,102
3899,51,167
3899,52,34
3899,53,359
3899,54,296
3899,55,822
3899,56,391
3899,57,264
3899,58,327
3899,59,327
3899,60,326
3899,61,866
3899,62,836
3899,63,39
3899,64,102
3899,65,676
3899,66,102
3899,67,102
3899,68,101
3899,69,101
3899,70,919
3899,71,111
3899,72,51
3899,73,79
3899,74,179
3899,75,110
3899,76,142
3899,77,111
3899,78,48
3899,79,79
3899,80,535
3900,41,128
3900,42,862
3900,43,9
3900,44,2
3900,45,305
3900,46,310
3900,47,310
3900,48,365
3900,49,361
3900,50,304
3900,51,276
3900,52,395
3900,53,69
3900,54,238
3900,55,137
3900,56,309
3900,57,374
3900,58,479
3900,59,564
3900,60,117
3900,61,787
3900,62,29
3900,63,439
3900,64,163
3900,65,167
3900,66,344
3900,67,73
3900,68,203
3900,69,979
3900,70,275
3900,71,279
3900,72,353
3900,73,236
3900,74,363
3900,75,473
3900,76,425
3900,77,424
3900,78,1010
3900,79,485
3900,80,422
3901,41,581
3901,42,67
3901,43,70
3901,44,36
3901,45,67
3901,46,635
3901,47,166
3901,48,168
3901,49,168
3901,50,101
3901,51,2
3901,52,34
3901,53,235
3901,54,301
3901,55,304
3901,56,170
3901,57,307
3901,58,338
3901,59,336
3901,60,395
3901,61,579
3901,62,294
3901,63,375
3901,64,675
3901,65,598
3901,66,464
3901,67,562
3901,68,496
3901,69,497
3901,70,497
3901,71,562
3901,72,755
3901,73,1008
3901,74,623
3901,75,531
3901,76,674
3901,77,269
3901,78,595
3901,79,594
3901,80,889
3902,41,137
3902,42,668
3902,43,273
3902,44,210
3902,45,114
3902,46,112
3902,47,226
3902,48,111
3902,49,120
3902,50,236
3902,51,205
3902,52,270
3902,53,325
3902,54,278
3902,55,501
3902,56,786
3902,57,407
3902,58,271
3902,59,271
3902,60,271
3902,61,180
3902,62,462
3902,63,255
3902,64,285
3902,65,284
3902,66,285
3902,67,288
3902,68,468
3902,69,218
3902,70,185
3902,71,188
3902,72,153
3902,73,154
3902,74,216
3902,75,679
3902,76,246
3902,77,215
3902,78,92
3902,79,91
3902,80,183
3903,41,170
3903,42,596
3903,43,592
3903,44,995
3903,45,941
3903,46,852
3903,47,852
3903,48,398
3903,49,822
3903,50,822
3903,51,788
3903,52,458
3903,53,718
3903,54,683
3903,55,589
3903,56,525
3903,57,622
3903,58,685
3903,59,686
3903,60,665
3903,61,245
3903,62,51
3903,63,941
3903,64,941
3903,65,417
3903,66,941
3903,67,837
3903,68,294
3903,69,941
3903,70,842
3903,71,626
3903,72,719
3903,73,599
3903,74,602
3903,75,626
3903,76,596
3903,77,695
3903,78,757
3903,79,757
3903,80,210
3904,41,555
3904,42,736
3904,43,422
3904,44,338
3904,45,336
3904,46,368
3904,47,368
3904,48,396
3904,49,422
3904,50,686
3904,51,424
3904,52,422
3904,53,423
3904,54,835
3904,55,718
3904,56,16
3904,57,953
3904,58,650
3904,59,330
3904,60,306
3904,61,285
3904,62,65
3904,63,592
3904,64,648
3904,65,648
3904,66,622
3904,67,717
3904,68,682
3904,69,836
3904,70,682
3904,71,714
3904,72,684
3904,73,75
3904,74,681
3904,75,776
3904,76,712
3904,77,712
3904,78,616
3904,79,488
3904,80,396
3905,41,396
3905,42,746
3905,43,716
3905,44,779
3905,45,411
3905,46,779
3905,47,717
3905,48,688
3905,49,724
3905,50,725
3905,51,662
3905,52,368
3905,53,79
3905,54,602
3905,55,928
3905,56,537
3905,57,569
3905,58,785
3905,59,509
3905,60,604
3905,61,54
3905,62,473
3905,63,886
3905,64,481
3905,65,419
3905,66,421
3905,67,450
3905,68,450
3905,69,232
3905,70,164
3905,71,67
3905,72,139
3905,73,195
3905,74,259
3905,75,195
3905,76,422
3905,77,1024
3905,78,323
3905,79,165
3905,80,419
3906,41,323
3906,42,614
3906,43,516
3906,44,569
3906,45,536
3906,46,600
3906,47,220
3906,48,15
3906,49,692
3906,50,627
3906,51,754
3906,52,238
3906,53,868
3906,54,594
3906,55,469
3906,56,625
3906,57,904
3906,58,154
3906,59,566
3906,60,463
3906,61,297
3906,62,973
3906,63,505
3906,64,377
3906,65,378
3906,66,667
3906,67,409
3906,68,667
3906,69,733
3906,70,826
3906,71,825
3906,72,634
3906,73,851
3906,74,258
3906,75,350
3906,76,992
3906,77,896
3906,78,820
3906,79,992
3906,80,857
3907,41,476
3907,42,692
3907,43,268
3907,44,379
3907,45,431
3907,46,398
3907,47,301
3907,48,235
3907,49,705
3907,50,641
3907,51,99
3907,52,195
3907,53,165
3907,54,163
3907,55,227
3907,56,99
3907,57,130
3907,58,36
3907,59,70
3907,60,163
3907,61,688
3907,62,529
3907,63,681
3907,64,847
3907,65,268
3907,66,204
3907,67,176
3907,68,358
3907,69,141
3907,70,110
3907,71,167
3907,72,816
3907,73,133
3907,74,133
3907,75,133
3907,76,133
3907,77,133
3907,78,133
3907,79,909
3907,80,164
3908,41,65
3908,42,973
3908,43,366
3908,44,301
3908,45,443
3908,46,910
3908,47,303
3908,48,394
3908,49,577
3908,50,450
3908,51,422
3908,52,452
3908,53,450
3908,54,259
3908,55,629
3908,56,291
3908,57,354
3908,58,322
3908,59,326
3908,60,359
3908,61,779
3908,62,697
3908,63,882
3908,64,385
3908,65,289
3908,66,356
3908,67,324
3908,68,356
3908,69,392
3908,70,297
3908,71,391
3908,72,520
3908,73,678
3908,74,706
3908,75,769
3908,76,999
3908,77,842
3908,78,966
3908,79,905
3908,80,815
3909,41,284
3909,42,508
3909,43,24
3909,44,112
3909,45,309
3909,46,82
3909,47,181
3909,48,930
3909,49,91
3909,50,817
3909,51,153
3909,52,153
3909,53,122
3909,54,29
3909,55,586
3909,56,736
3909,57,234
3909,58,27
3909,59,135
3909,60,63
3909,61,710
3909,62,734
3909,63,996
3909,64,240
3909,65,277
3909,66,876
3909,67,211
3909,68,176
3909,69,180
3909,70,180
3909,71,50
3909,72,81
3909,73,50
3909,74,80
3909,75,113
3909,76,81
3909,77,210
3909,78,266
3909,79,674
3909,80,146
3910,41,1005
3910,42,204
3910,43,469
3910,44,270
3910,45,304
3910,46,437
3910,47,2
3910,48,594
3910,49,628
3910,50,501
3910,51,374
3910,52,437
3910,53,811
3910,54,507
3910,55,840
3910,56,853
3910,57,1000
3910,58,842
3910,59,843
3910,60,501
3910,61,453
3910,62,175
3910,63,146
3910,64,50
3910,65,50
3910,66,18
3910,67,81
3910,68,826
3910,69,81
3910,70,82
3910,71,115
3910,72,63
3910,73,445
3910,74,84
3910,75,375
3910,76,429
3910,77,427
3910,78,436
3910,79,868
3910,80,472
3911,41,648
3911,42,228
3911,43,504
3911,44,504
3911,45,664
3911,46,601
3911,47,536
3911,48,633
3911,49,596
3911,50,471
3911,51,285
3911,52,216
3911,53,514
3911,54,247
3911,55,312
3911,56,345
3911,57,190
3911,58,189
3911,59,189
3911,60,189
3911,61,817
3911,62,850
3911,63,1016
3911,64,984
3911,65,288
3911,66,984
3911,67,920
3911,68,921
3911,69,888
3911,70,951
3911,71,759
3911,72,955
3911,73,1020
3911,74,955
3911,75,955
3911,76,923
3911,77,856
3911,78,856
3911,79,302
3911,80,856
3912,41,709
3912,42,630
3912,43,277
3912,44,246
3912,45,277
3912,46,958
3912,47,370
3912,48,685
3912,49,236
3912,50,169
3912,51,330
3912,52,889
3912,53,338
3912,54,392
3912,55,276
3912,56,307
3912,57,287
3912,58,558
3912,59,276
3912,60,292
3912,61,630
3912,62,614
3912,63,499
3912,64,1017
3912,65,558
3912,66,558
3912,67,500
3912,68,97
3912,69,264
3912,70,530
3912,71,561
3912,72,593
3912,73,592
3912,74,338
3912,75,621
3912,76,592
3912,77,589
3912,78,587
3912,79,586
3912,80,587
3913,41,473
3913,42,785
3913,43,483
3913,44,1022
3913,45,101
3913,46,134
3913,47,117
3913,48,418
3913,49,24
3913,50,102
3913,51,200
3913,52,202
3913,53,240
3913,54,241
3913,55,949
3913,56,274
3913,57,431
3913,58,756
3913,59,227
3913,60,164
3913,61,856
3913,62,436
3913,63,424
3913,64,290
3913,65,296
3913,66,201
3913,67,230
3913,68,76
3913,69,142
3913,70,207
3913,71,206
3913,72,142
3913,73,137
3913,74,1006
3913,75,601
3913,76,168
3913,77,264
3913,78,201
3913,79,363
3913,80,427
3914,41,253
3914,42,985
3914,43,255
3914,44,287
3914,45,224
3914,46,922
3914,47,285
3914,48,45
3914,49,316
3914,50,409
3914,51,250
3914,52,250
3914,53,252
3914,54,286
3914,55,345
3914,56,345
3914,57,343
3914,58,278
3914,59,278
3914,60,734
3914,61,953
3914,62,46
3914,63,555
3914,64,556
3914,65,555
3914,66,895
3914,67,520
3914,68,520
3914,69,521
3914,70,649
3914,71,613
3914,72,558
3914,73,558
3914,74,752
3914,75,32
3914,76,927
3914,77,622
3914,78,652
3914,79,592
3914,80,173
3915,41,579
3915,42,882
3915,43,676
3915,44,765
3915,45,732
3915,46,830
3915,47,858
3915,48,667
3915,49,538
3915,50,481
3915,51,574
3915,52,730
3915,53,793
3915,54,405
3915,55,830
3915,56,173
3915,57,459
3915,58,699
3915,59,771
3915,60,699
3915,61,442
3915,62,954
3915,63,597
3915,64,344
3915,65,453
3915,66,718
3915,67,656
3915,68,688
3915,69,781
3915,70,501
3915,71,400
3915,72,342
3915,73,501
3915,74,407
3915,75,466
3915,76,472
3915,77,627
3915,78,478
3915,79,475
3915,80,602
3916,41,810
3916,42,917
3916,43,561
3916,44,434
3916,45,622
3916,46,536
3916,47,528
3916,48,528
3916,49,538
3916,50,528
3916,51,528
3916,52,438
3916,53,781
3916,54,351
3916,55,342
3916,56,243
3916,57,239
3916,58,245
3916,59,174
3916,60,448
3916,61,110
3916,62,1021
3916,63,782
3916,64,750
3916,65,782
3916,66,718
3916,67,750
3916,68,657
3916,69,499
3916,70,598
3916,71,593
3916,72,625
3916,73,782
3916,74,1000
3916,75,966
3916,76,935
3916,77,841
3916,78,750
3916,79,782
3916,80,601
3917,41,272
3917,42,564
3917,43,182
3917,44,182
3917,45,182
3917,46,181
3917,47,182
3917,48,149
3917,49,216
3917,50,621
3917,51,247
3917,52,312
3917,53,247
3917,54,112
3917,55,396
3917,56,2
3917,57,354
3917,58,236
3917,59,329
3917,60,168
3917,61,78
3917,62,548
3917,63,923
3917,64,248
3917,65,306
3917,66,246
3917,67,221
3917,68,943
3917,69,70
3917,70,104
3917,71,395
3917,72,461
3917,73,365
3917,74,395
3917,75,669
3917,76,240
3917,77,240
3917,78,104
3917,79,75
3917,80,696
3918,41,877
3918,42,827
3918,43,224
3918,44,866
3918,45,507
3918,46,830
3918,47,960
3918,48,832
3918,49,901
3918,50,916
3918,51,602
3918,52,599
3918,53,765
3918,54,796
3918,55,3
3918,56,831
3918,57,893
3918,58,893
3918,59,763
3918,60,732
3918,61,936
3918,62,29
3918,63,468
3918,64,468
3918,65,276
3918,66,562
3918,67,89
3918,68,335
3918,69,430
3918,70,431
3918,71,429
3918,72,497
3918,73,215
3918,74,594
3918,75,625
3918,76,719
3918,77,779
3918,78,687
3918,79,688
3918,80,529
3919,41,324
3919,42,711
3919,43,280
3919,44,346
3919,45,344
3919,46,313
3919,47,316
3919,48,313
3919,49,477
3919,50,411
3919,51,444
3919,52,436
3919,53,478
3919,54,618
3919,55,575
3919,56,719
3919,57,537
3919,58,537
3919,59,537
3919,60,537
3919,61,258
3919,62,297
3919,63,404
3919,64,244
3919,65,808
3919,66,312
3919,67,853
3919,68,178
3919,69,143
3919,70,211
3919,71,211
3919,72,211
3919,73,211
3919,74,179
3919,75,177
3919,76,693
3919,77,181
3919,78,211
3919,79,176
3919,80,146
3920,41,687
3920,42,934
3920,43,798
3920,44,960
3920,45,473
3920,46,347
3920,47,880
3920,48,379
3920,49,389
3920,50,285
3920,51,315
3920,52,478
3920,53,254
3920,54,286
3920,55,215
3920,56,315
3920,57,315
3920,58,285
3920,59,249
3920,60,216
3920,61,199
3920,62,113
3920,63,409
3920,64,157
3920,65,430
3920,66,372
3920,67,471
3920,68,473
3920,69,224
3920,70,284
3920,71,254
3920,72,222
3920,73,21
3920,74,224
3920,75,224
3920,76,231
3920,77,315
3920,78,439
3920,79,211
3920,80,210
3921,41,700
3921,42,745
3921,43,804
3921,44,461
3921,45,395
3921,46,395
3921,47,452
3921,48,420
3921,49,450
3921,50,450
3921,51,586
3921,52,127
3921,53,427
3921,54,429
3921,55,559
3921,56,208
3921,57,622
3921,58,912
3921,59,557
3921,60,425
3921,61,410
3921,62,428
3921,63,276
3921,64,214
3921,65,276
3921,66,277
3921,67,277
3921,68,81
3921,69,111
3921,70,113
3921,71,494
3921,72,113
3921,73,114
3921,74,243
3921,75,143
3921,76,210
3921,77,181
3921,78,626
3921,79,826
3921,80,110
3922,41,237
3922,42,835
3922,43,952
3922,44,471
3922,45,469
3922,46,203
3922,47,171
3922,48,409
3922,49,341
3922,50,773
3922,51,276
3922,52,275
3922,53,407
3922,54,407
3922,55,342
3922,56,272
3922,57,644
3922,58,305
3922,59,374
3922,60,342
3922,61,94
3922,62,215
3922,63,423
3922,64,826
3922,65,439
3922,66,271
3922,67,596
3922,68,430
3922,69,244
3922,70,115
3922,71,814
3922,72,116
3922,73,113
3922,74,177
3922,75,146
3922,76,19
3922,77,210
3922,78,215
3922,79,281
3922,80,909
3923,41,629
3923,42,536
3923,43,9
3923,44,533
3923,45,681
3923,46,535
3923,47,535
3923,48,505
3923,49,506
3923,50,506
3923,51,506
3923,52,507
3923,53,541
3923,54,841
3923,55,540
3923,56,540
3923,57,540
3923,58,408
3923,59,540
3923,60,540
3923,61,378
3923,62,71
3923,63,563
3923,64,587
3923,65,618
3923,66,534
3923,67,403
3923,68,563
3923,69,619
3923,70,620
3923,71,493
3923,72,620
3923,73,560
3923,74,829
3923,75,689
3923,76,530
3923,77,532
3923,78,532
3923,79,532
3923,80,532
3924,41,834
3924,42,603
3924,43,588
3924,44,313
3924,45,313
3924,46,284
3924,47,346
3924,48,309
3924,49,749
3924,50,214
3924,51,82
3924,52,179
3924,53,213
3924,54,511
3924,55,212
3924,56,386
3924,57,147
3924,58,311
3924,59,311
3924,60,311
3924,61,148
3924,62,284
3924,63,348
3924,64,541
3924,65,350
3924,66,415
3924,67,905
3924,68,381
3924,69,382
3924,70,523
3924,71,307
3924,72,317
3924,73,25
3924,74,409
3924,75,344
3924,76,315
3924,77,68
3924,78,467
3924,79,415
3924,80,224
3925,41,749
3925,42,639
3925,43,556
3925,44,396
3925,45,106
3925,46,579
3925,47,652
3925,48,493
3925,49,618
3925,50,563
3925,51,562
3925,52,499
3925,53,193
3925,54,628
3925,55,558
3925,56,530
3925,57,958
3925,58,499
3925,59,393
3925,60,528
3925,61,61
3925,62,728
3925,63,36
3925,64,67
3925,65,67
3925,66,131
3925,67,74
3925,68,139
3925,69,108
3925,70,41
3925,71,9
3925,72,41
3925,73,232
3925,74,232
3925,75,232
3925,76,232
3925,77,164
3925,78,162
3925,79,161
3925,80,175
3926,41,837
3926,42,730
3926,43,299
3926,44,356
3926,45,139
3926,46,139
3926,47,72
3926,48,74
3926,49,171
3926,50,12
3926,51,142
3926,52,141
3926,53,109
3926,54,187
3926,55,143
3926,56,143
3926,57,176
3926,58,110
3926,59,296
3926,60,48
3926,61,784
3926,62,254
3926,63,395
3926,64,1016
3926,65,309
3926,66,309
3926,67,505
3926,68,596
3926,69,596
3926,70,566
3926,71,504
3926,72,537
3926,73,311
3926,74,275
3926,75,306
3926,76,337
3926,77,365
3926,78,365
3926,79,365
3926,80,365
3927,41,334
3927,42,309
3927,43,517
3927,44,487
3927,45,616
3927,46,617
3927,47,618
3927,48,649
3927,49,617
3927,50,678
3927,51,677
3927,52,707
3927,53,806
3927,54,805
3927,55,742
3927,56,128
3927,57,737
3927,58,706
3927,59,868
3927,60,616
3927,61,302
3927,62,350
3927,63,403
3927,64,279
3927,65,149
3927,66,185
3927,67,444
3927,68,441
3927,69,444
3927,70,544
3927,71,474
3927,72,171
3927,73,478
3927,74,471
3927,75,474
3927,76,443
3927,77,480
3927,78,512
3927,79,448
3927,80,448
3928,41,790
3928,42,855
3928,43,361
3928,44,391
3928,45,356
3928,46,323
3928,47,888
3928,48,355
3928,49,290
3928,50,556
3928,51,796
3928,52,429
3928,53,752
3928,54,558
3928,55,493
3928,56,493
3928,57,495
3928,58,460
3928,59,525
3928,60,197
3928,61,240
3928,62,414
3928,63,290
3928,64,291
3928,65,355
3928,66,356
3928,67,431
3928,68,428
3928,69,426
3928,70,426
3928,71,500
3928,72,591
3928,73,593
3928,74,649
3928,75,584
3928,76,585
3928,77,488
3928,78,584
3928,79,487
3928,80,486
3929,41,876
3929,42,456
3929,43,245
3929,44,23
3929,45,370
3929,46,147
3929,47,209
3929,48,241
3929,49,176
3929,50,209
3929,51,176
3929,52,143
3929,53,143
3929,54,142
3929,55,142
3929,56,895
3929,57,337
3929,58,948
3929,59,274
3929,60,247
3929,61,606
3929,62,414
3929,63,247
3929,64,247
3929,65,247
3929,66,775
3929,67,391
3929,68,391
3929,69,391
3929,70,42
3929,71,366
3929,72,365
3929,73,306
3929,74,404
3929,75,184
3929,76,91
3929,77,276
3929,78,240
3929,79,859
3929,80,366
3930,41,420
3930,42,106
3930,43,1003
3930,44,36
3930,45,813
3930,46,718
3930,47,718
3930,48,67
3930,49,718
3930,50,813
3930,51,812
3930,52,842
3930,53,649
3930,54,552
3930,55,456
3930,56,398
3930,57,300
3930,58,203
3930,59,304
3930,60,305
3930,61,32
3930,62,582
3930,63,974
3930,64,941
3930,65,616
3930,66,661
3930,67,649
3930,68,610
3930,69,451
3930,70,448
3930,71,577
3930,72,610
3930,73,36
3930,74,740
3930,75,742
3930,76,740
3930,77,675
3930,78,482
3930,79,674
3930,80,609
3931,41,694
3931,42,286
3931,43,470
3931,44,426
3931,45,1011
3931,46,425
3931,47,485
3931,48,636
3931,49,456
3931,50,64
3931,51,808
3931,52,499
3931,53,777
3931,54,712
3931,55,616
3931,56,616
3931,57,745
3931,58,812
3931,59,810
3931,60,782
3931,61,515
3931,62,14
3931,63,430
3931,64,427
3931,65,428
3931,66,431
3931,67,575
3931,68,540
3931,69,541
3931,70,540
3931,71,607
3931,72,506
3931,73,474
3931,74,608
3931,75,541
3931,76,408
3931,77,407
3931,78,244
3931,79,342
3931,80,243
3932,41,674
3932,42,423
3932,43,200
3932,44,135
3932,45,101
3932,46,102
3932,47,199
3932,48,168
3932,49,37
3932,50,134
3932,51,134
3932,52,820
3932,53,167
3932,54,134
3932,55,167
3932,56,210
3932,57,275
3932,58,304
3932,59,237
3932,60,342
3932,61,676
3932,62,649
3932,63,739
3932,64,357
3932,65,391
3932,66,771
3932,67,290
3932,68,712
3932,69,424
3932,70,433
3932,71,426
3932,72,10
3932,73,401
3932,74,467
3932,75,469
3932,76,338
3932,77,336
3932,78,325
3932,79,275
3932,80,306
3933,41,656
3933,42,268
3933,43,667
3933,44,410
3933,45,307
3933,46,610
3933,47,135
3933,48,69
3933,49,1017
3933,50,338
3933,51,365
3933,52,365
3933,53,366
3933,54,396
3933,55,392
3933,56,327
3933,57,327
3933,58,327
3933,59,391
3933,60,411
3933,61,856
3933,62,172
3933,63,1010
3933,64,847
3933,65,930
3933,66,60
3933,67,376
3933,68,873
3933,69,274
3933,70,276
3933,71,236
3933,72,134
3933,73,422
3933,74,492
3933,75,356
3933,76,633
3933,77,342
3933,78,584
3933,79,745
3933,80,649
3934,41,675
3934,42,319
3934,43,693
3934,44,786
3934,45,787
3934,46,849
3934,47,1004
3934,48,1003
3934,49,723
3934,50,535
3934,51,786
3934,52,977
3934,53,628
3934,54,341
3934,55,880
3934,56,975
3934,57,536
3934,58,181
3934,59,440
3934,60,408
3934,61,968
3934,62,349
3934,63,808
3934,64,375
3934,65,345
3934,66,191
3934,67,405
3934,68,327
3934,69,436
3934,70,405
3934,71,375
3934,72,279
3934,73,374
3934,74,279
3934,75,406
3934,76,535
3934,77,345
3934,78,375
3934,79,313
3934,80,313
3935,41,181
3935,42,717
3935,43,102
3935,44,7
3935,45,260
3935,46,394
3935,47,662
3935,48,529
3935,49,529
3935,50,531
3935,51,532
3935,52,530
3935,53,622
3935,54,99
3935,55,654
3935,56,563
3935,57,935
3935,58,531
3935,59,535
3935,60,732
3935,61,66
3935,62,72
3935,63,557
3935,64,638
3935,65,601
3935,66,169
3935,67,595
3935,68,264
3935,69,200
3935,70,289
3935,71,167
3935,72,235
3935,73,264
3935,74,241
3935,75,966
3935,76,675
3935,77,170
3935,78,237
3935,79,237
3935,80,237
3936,41,346
3936,42,907
3936,43,451
3936,44,451
3936,45,485
3936,46,454
3936,47,517
3936,48,516
3936,49,517
3936,50,451
3936,51,451
3936,52,17
3936,53,425
3936,54,427
3936,55,398
3936,56,554
3936,57,430
3936,58,360
3936,59,464
3936,60,997
3936,61,659
3936,62,338
3936,63,454
3936,64,910
3936,65,517
3936,66,517
3936,67,371
3936,68,454
3936,69,455
3936,70,454
3936,71,453
3936,72,454
3936,73,96
3936,74,423
3936,75,466
3936,76,430
3936,77,429
3936,78,432
3936,79,466
3936,80,433
3937,41,671
3937,42,432
3937,43,596
3937,44,569
3937,45,569
3937,46,601
3937,47,940
3937,48,628
3937,49,628
3937,50,595
3937,51,717
3937,52,573
3937,53,634
3937,54,601
3937,55,634
3937,56,409
3937,57,699
3937,58,666
3937,59,795
3937,60,329
3937,61,603
3937,62,381
3937,63,569
3937,64,535
3937,65,536
3937,66,555
3937,67,567
3937,68,374
3937,69,629
3937,70,629
3937,71,653
3937,72,597
3937,73,505
3937,74,545
3937,75,567
3937,76,505
3937,77,344
3937,78,344
3937,79,891
3937,80,441
3938,41,681
3938,42,253
3938,43,718
3938,44,781
3938,45,809
3938,46,630
3938,47,566
3938,48,843
3938,49,594
3938,50,626
3938,51,532
3938,52,594
3938,53,599
3938,54,568
3938,55,472
3938,56,472
3938,57,146
3938,58,688
3938,59,781
3938,60,781
3938,61,316
3938,62,168
3938,63,245
3938,64,787
3938,65,692
3938,66,818
3938,67,785
3938,68,320
3938,69,627
3938,70,782
3938,71,812
3938,72,688
3938,73,593
3938,74,688
3938,75,781
3938,76,811
3938,77,657
3938,78,595
3938,79,634
3938,80,179
3939,41,836
3939,42,98
3939,43,75
3939,44,180
3939,45,107
3939,46,178
3939,47,176
3939,48,176
3939,49,240
3939,50,207
3939,51,322
3939,52,958
3939,53,65
3939,54,505
3939,55,505
3939,56,536
3939,57,535
3939,58,597
3939,59,593
3939,60,688
3939,61,733
3939,62,701
3939,63,242
3939,64,244
3939,65,214
3939,66,214
3939,67,214
3939,68,212
3939,69,213
3939,70,213
3939,71,215
3939,72,310
3939,73,533
3939,74,530
3939,75,468
3939,76,899
3939,77,502
3939,78,502
3939,79,533
3939,80,533
3940,41,974
3940,42,936
3940,43,250
3940,44,66
3940,45,471
3940,46,255
3940,47,223
3940,48,224
3940,49,156
3940,50,316
3940,51,378
3940,52,303
3940,53,348
3940,54,254
3940,55,7
3940,56,286
3940,57,318
3940,58,318
3940,59,351
3940,60,416
3940,61,642
3940,62,109
3940,63,218
3940,64,157
3940,65,185
3940,66,183
3940,67,281
3940,68,250
3940,69,379
3940,70,347
3940,71,415
3940,72,44
3940,73,743
3940,74,189
3940,75,370
3940,76,689
3940,77,189
3940,78,250
3940,79,154
3940,80,154
3941,41,372
3941,42,242
3941,43,279
3941,44,149
3941,45,785
3941,46,509
3941,47,409
3941,48,505
3941,49,506
3941,50,992
3941,51,794
3941,52,797
3941,53,992
3941,54,873
3941,55,1024
3941,56,336
3941,57,960
3941,58,634
3941,59,538
3941,60,537
3941,61,568
3941,62,470
3941,63,520
3941,64,712
3941,65,104
3941,66,875
3941,67,769
3941,68,424
3941,69,295
3941,70,421
3941,71,570
3941,72,451
3941,73,253
3941,74,906
3941,75,617
3941,76,552
3941,77,810
3941,78,810
3941,79,63
3941,80,422
3942,41,585
3942,42,134
3942,43,720
3942,44,747
3942,45,589
3942,46,562
3942,47,625
3942,48,313
3942,49,298
3942,50,427
3942,51,524
3942,52,573
3942,53,27
3942,54,937
3942,55,903
3942,56,781
3942,57,812
3942,58,782
3942,59,873
3942,60,781
3942,61,408
3942,62,186
3942,63,827
3942,64,148
3942,65,874
3942,66,719
3942,67,817
3942,68,89
3942,69,692
3942,70,718
3942,71,759
3942,72,825
3942,73,732
3942,74,818
3942,75,648
3942,76,692
3942,77,692
3942,78,785
3942,79,918
3942,80,918
3943,41,536
3943,42,278
3943,43,104
3943,44,172
3943,45,204
3943,46,237
3943,47,471
3943,48,141
3943,49,360
3943,50,140
3943,51,138
3943,52,107
3943,53,138
3943,54,916
3943,55,141
3943,56,171
3943,57,205
3943,58,205
3943,59,236
3943,60,202
3943,61,146
3943,62,969
3943,63,131
3943,64,67
3943,65,163
3943,66,323
3943,67,259
3943,68,169
3943,69,236
3943,70,202
3943,71,233
3943,72,236
3943,73,270
3943,74,237
3943,75,205
3943,76,922
3943,77,204
3943,78,172
3943,79,268
3943,80,331
3944,41,992
3944,42,40
3944,43,165
3944,44,167
3944,45,199
3944,46,133
3944,47,200
3944,48,166
3944,49,195
3944,50,165
3944,51,164
3944,52,261
3944,53,235
3944,54,301
3944,55,273
3944,56,273
3944,57,817
3944,58,306
3944,59,351
3944,60,274
3944,61,217
3944,62,862
3944,63,168
3944,64,161
3944,65,161
3944,66,162
3944,67,162
3944,68,70
3944,69,820
3944,70,237
3944,71,239
3944,72,240
3944,73,303
3944,74,240
3944,75,303
3944,76,147
3944,77,212
3944,78,211
3944,79,240
3944,80,303
3945,41,962
3945,42,415
3945,43,303
3945,44,240
3945,45,240
3945,46,277
3945,47,277
3945,48,275
3945,49,74
3945,50,107
3945,51,71
3945,52,388
3945,53,134
3945,54,69
3945,55,71
3945,56,238
3945,57,977
3945,58,331
3945,59,303
3945,60,303
3945,61,795
3945,62,511
3945,63,276
3945,64,137
3945,65,2
3945,66,2
3945,67,4
3945,68,36
3945,69,70
3945,70,835
3945,71,137
3945,72,201
3945,73,232
3945,74,104
3945,75,36
3945,76,138
3945,77,70
3945,78,5
3945,79,104
3945,80,338
3946,41,507
3946,42,411
3946,43,276
3946,44,365
3946,45,374
3946,46,376
3946,47,509
3946,48,410
3946,49,863
3946,50,798
3946,51,442
3946,52,410
3946,53,476
3946,54,410
3946,55,378
3946,56,378
3946,57,378
3946,58,378
3946,59,378
3946,60,570
3946,61,21
3946,62,573
3946,63,685
3946,64,407
3946,65,472
3946,66,472
3946,67,375
3946,68,212
3946,69,697
3946,70,28
3946,71,434
3946,72,407
3946,73,415
3946,74,145
3946,75,619
3946,76,142
3946,77,810
3946,78,142
3946,79,142
3946,80,142
3947,41,824
3947,42,818
3947,43,827
3947,44,39
3947,45,398
3947,46,8
3947,47,8
3947,48,39
3947,49,71
3947,50,37
3947,51,508
3947,52,104
3947,53,238
3947,54,170
3947,55,203
3947,56,104
3947,57,107
3947,58,600
3947,59,20
3947,60,103
3947,61,217
3947,62,857
3947,63,50
3947,64,112
3947,65,142
3947,66,174
3947,67,81
3947,68,443
3947,69,18
3947,70,50
3947,71,50
3947,72,627
3947,73,50
3947,74,82
3947,75,394
3947,76,112
3947,77,112
3947,78,179
3947,79,179
3947,80,146
3948,41,119
3948,42,59
3948,43,698
3948,44,410
3948,45,380
3948,46,469
3948,47,474
3948,48,478
3948,49,473
3948,50,434
3948,51,601
3948,52,542
3948,53,444
3948,54,477
3948,55,443
3948,56,477
3948,57,476
3948,58,479
3948,59,474
3948,60,479
3948,61,862
3948,62,422
3948,63,553
3948,64,471
3948,65,346
3948,66,506
3948,67,506
3948,68,346
3948,69,313
3948,70,255
3948,71,346
3948,72,281
3948,73,776
3948,74,281
3948,75,281
3948,76,281
3948,77,378
3948,78,378
3948,79,719
3948,80,634
3949,41,1004
3949,42,873
3949,43,429
3949,44,267
3949,45,104
3949,46,68
3949,47,35
3949,48,167
3949,49,71
3949,50,179
3949,51,20
3949,52,118
3949,53,294
3949,54,54
3949,55,118
3949,56,152
3949,57,152
3949,58,813
3949,59,884
3949,60,152
3949,61,271
3949,62,347
3949,63,140
3949,64,110
3949,65,48
3949,66,224
3949,67,12
3949,68,109
3949,69,16
3949,70,48
3949,71,206
3949,72,173
3949,73,236
3949,74,236
3949,75,237
3949,76,303
3949,77,96
3949,78,164
3949,79,263
3949,80,226
3950,41,180
3950,42,485
3950,43,296
3950,44,8
3950,45,385
3950,46,323
3950,47,295
3950,48,395
3950,49,452
3950,50,357
3950,51,323
3950,52,742
3950,53,719
3950,54,356
3950,55,359
3950,56,661
3950,57,419
3950,58,422
3950,59,481
3950,60,356
3950,61,755
3950,62,374
3950,63,552
3950,64,784
3950,65,585
3950,66,683
3950,67,552
3950,68,359
3950,69,232
3950,70,289
3950,71,359
3950,72,149
3950,73,362
3950,74,343
3950,75,361
3950,76,290
3950,77,295
3950,78,431
3950,79,672
3950,80,292
3951,41,325
3951,42,642
3951,43,227
3951,44,133
3951,45,133
3951,46,995
3951,47,71
3951,48,71
3951,49,71
3951,50,275
3951,51,176
3951,52,276
3951,53,307
3951,54,276
3951,55,181
3951,56,244
3951,57,212
3951,58,247
3951,59,268
3951,60,110
3951,61,252
3951,62,258
3951,63,461
3951,64,428
3951,65,423
3951,66,456
3951,67,423
3951,68,358
3951,69,135
3951,70,73
3951,71,73
3951,72,698
3951,73,107
3951,74,109
3951,75,73
3951,76,71
3951,77,107
3951,78,212
3951,79,209
3951,80,212
3952,41,100
3952,42,268
3952,43,136
3952,44,136
3952,45,136
3952,46,136
3952,47,103
3952,48,100
3952,49,68
3952,50,101
3952,51,100
3952,52,101
3952,53,1
3952,54,1
3952,55,561
3952,56,36
3952,57,70
3952,58,70
3952,59,336
3952,60,70
3952,61,607
3952,62,980
3952,63,101
3952,64,101
3952,65,101
3952,66,101
3952,67,101
3952,68,101
3952,69,103
3952,70,104
3952,71,104
3952,72,71
3952,73,134
3952,74,200
3952,75,522
3952,76,71
3952,77,137
3952,78,36
3952,79,985
3952,80,70
3953,41,992
3953,42,987
3953,43,441
3953,44,505
3953,45,643
3953,46,602
3953,47,634
3953,48,692
3953,49,915
3953,50,731
3953,51,825
3953,52,407
3953,53,763
3953,54,400
3953,55,923
3953,56,923
3953,57,984
3953,58,984
3953,59,598
3953,60,753
3953,61,662
3953,62,467
3953,63,366
3953,64,236
3953,65,370
3953,66,467
3953,67,53
3953,68,651
3953,69,202
3953,70,103
3953,71,135
3953,72,3
3953,73,70
3953,74,270
3953,75,304
3953,76,8
3953,77,986
3953,78,67
3953,79,1
3953,80,37
3954,41,38
3954,42,158
3954,43,364
3954,44,451
3954,45,395
3954,46,557
3954,47,398
3954,48,432
3954,49,396
3954,50,432
3954,51,562
3954,52,625
3954,53,687
3954,54,657
3954,55,874
3954,56,935
3954,57,874
3954,58,966
3954,59,905
3954,60,905
3954,61,919
3954,62,8
3954,63,398
3954,64,430
3954,65,429
3954,66,786
3954,67,391
3954,68,337
3954,69,402
3954,70,306
3954,71,246
3954,72,17
3954,73,240
3954,74,272
3954,75,274
3954,76,130
3954,77,49
3954,78,50
3954,79,62
3954,80,508
3955,41,215
3955,42,766
3955,43,366
3955,44,419
3955,45,452
3955,46,449
3955,47,456
3955,48,889
3955,49,420
3955,50,385
3955,51,481
3955,52,91
3955,53,769
3955,54,769
3955,55,769
3955,56,737
3955,57,706
3955,58,610
3955,59,417
3955,60,354
3955,61,183
3955,62,729
3955,63,456
3955,64,584
3955,65,713
3955,66,586
3955,67,15
3955,68,456
3955,69,520
3955,70,167
3955,71,656
3955,72,359
3955,73,135
3955,74,751
3955,75,202
3955,76,71
3955,77,134
3955,78,39
3955,79,167
3955,80,669
3956,41,1023
3956,42,764
3956,43,874
3956,44,657
3956,45,595
3956,46,688
3956,47,596
3956,48,598
3956,49,824
3956,50,861
3956,51,565
3956,52,756
3956,53,177
3956,54,595
3956,55,599
3956,56,532
3956,57,563
3956,58,534
3956,59,812
3956,60,282
3956,61,767
3956,62,647
3956,63,680
3956,64,773
3956,65,676
3956,66,610
3956,67,481
3956,68,451
3956,69,578
3956,70,807
3956,71,874
3956,72,300
3956,73,998
3956,74,501
3956,75,597
3956,76,634
3956,77,538
3956,78,506
3956,79,637
3956,80,570
3957,41,159
3957,42,211
3957,43,139
3957,44,146
3957,45,79
3957,46,44
3957,47,45
3957,48,16
3957,49,613
3957,50,12
3957,51,108
3957,52,107
3957,53,678
3957,54,69
3957,55,71
3957,56,107
3957,57,400
3957,58,240
3957,59,842
3957,60,73
3957,61,924
3957,62,502
3957,63,40
3957,64,71
3957,65,40
3957,66,905
3957,67,74
3957,68,71
3957,69,108
3957,70,110
3957,71,45
3957,72,13
3957,73,77
3957,74,45
3957,75,45
3957,76,108
3957,77,1001
3957,78,83
3957,79,184
3957,80,909
3958,41,193
3958,42,504
3958,43,467
3958,44,446
3958,45,430
3958,46,473
3958,47,432
3958,48,466
3958,49,52
3958,50,844
3958,51,504
3958,52,504
3958,53,504
3958,54,504
3958,55,244
3958,56,467
3958,57,499
3958,58,429
3958,59,499
3958,60,306
3958,61,605
3958,62,201
3958,63,601
3958,64,632
3958,65,470
3958,66,470
3958,67,468
3958,68,429
3958,69,471
3958,70,471
3958,71,466
3958,72,472
3958,73,473
3958,74,466
3958,75,475
3958,76,471
3958,77,471
3958,78,466
3958,79,119
3958,80,429
3959,41,60
3959,42,219
3959,43,131
3959,44,354
3959,45,323
3959,46,356
3959,47,389
3959,48,419
3959,49,389
3959,50,354
3959,51,563
3959,52,163
3959,53,161
3959,54,198
3959,55,227
3959,56,417
3959,57,291
3959,58,132
3959,59,290
3959,60,431
3959,61,697
3959,62,756
3959,63,163
3959,64,161
3959,65,194
3959,66,68
3959,67,778
3959,68,3
3959,69,295
3959,70,575
3959,71,357
3959,72,257
3959,73,180
3959,74,257
3959,75,291
3959,76,163
3959,77,385
3959,78,3
3959,79,322
3959,80,291
3960,41,372
3960,42,688
3960,43,704
3960,44,704
3960,45,704
3960,46,667
3960,47,58
3960,48,763
3960,49,732
3960,50,666
3960,51,599
3960,52,728
3960,53,728
3960,54,925
3960,55,791
3960,56,757
3960,57,662
3960,58,726
3960,59,571
3960,60,827
3960,61,582
3960,62,712
3960,63,890
3960,64,794
3960,65,1016
3960,66,984
3960,67,920
3960,68,918
3960,69,918
3960,70,951
3960,71,886
3960,72,817
3960,73,755
3960,74,848
3960,75,626
3960,76,276
3960,77,700
3960,78,193
3960,79,732
3960,80,732
3961,41,756
3961,42,806
3961,43,842
3961,44,616
3961,45,637
3961,46,681
3961,47,127
3961,48,713
3961,49,811
3961,50,503
3961,51,622
3961,52,653
3961,53,618
3961,54,555
3961,55,559
3961,56,559
3961,57,592
3961,58,255
3961,59,499
3961,60,498
3961,61,440
3961,62,615
3961,63,504
3961,64,552
3961,65,681
3961,66,586
3961,67,618
3961,68,4
3961,69,532
3961,70,558
3961,71,527
3961,72,589
3961,73,622
3961,74,622
3961,75,593
3961,76,593
3961,77,622
3961,78,687
3961,79,623
3961,80,593
3962,41,965
3962,42,466
3962,43,511
3962,44,305
3962,45,342
3962,46,921
3962,47,375
3962,48,377
3962,49,549
3962,50,409
3962,51,719
3962,52,211
3962,53,211
3962,54,182
3962,55,46
3962,56,247
3962,57,284
3962,58,510
3962,59,415
3962,60,381
3962,61,336
3962,62,421
3962,63,287
3962,64,408
3962,65,391
3962,66,430
3962,67,467
3962,68,467
3962,69,423
3962,70,450
3962,71,642
3962,72,675
3962,73,741
3962,74,188
3962,75,706
3962,76,572
3962,77,870
3962,78,838
3962,79,155
3962,80,51
3963,41,881
3963,42,176
3963,43,82
3963,44,471
3963,45,145
3963,46,113
3963,47,143
3963,48,181
3963,49,80
3963,50,144
3963,51,115
3963,52,147
3963,53,210
3963,54,339
3963,55,176
3963,56,143
3963,57,209
3963,58,151
3963,59,181
3963,60,861
3963,61,184
3963,62,143
3963,63,85
3963,64,85
3963,65,85
3963,66,85
3963,67,85
3963,68,85
3963,69,52
3963,70,52
3963,71,181
3963,72,214
3963,73,181
3963,74,181
3963,75,181
3963,76,146
3963,77,211
3963,78,181
3963,79,664
3963,80,116
3964,41,846
3964,42,338
3964,43,765
3964,44,928
3964,45,960
3964,46,928
3964,47,832
3964,48,634
3964,49,1024
3964,50,830
3964,51,346
3964,52,483
3964,53,798
3964,54,960
3964,55,832
3964,56,797
3964,57,765
3964,58,471
3964,59,214
3964,60,831
3964,61,406
3964,62,441
3964,63,505
3964,64,505
3964,65,471
3964,66,430
3964,67,441
3964,68,505
3964,69,672
3964,70,671
3964,71,701
3964,72,562
3964,73,896
3964,74,125
3964,75,928
3964,76,1024
3964,77,798
3964,78,703
3964,79,442
3964,80,442
3965,41,207
3965,42,946
3965,43,534
3965,44,398
3965,45,133
3965,46,872
3965,47,242
3965,48,210
3965,49,107
3965,50,73
3965,51,950
3965,52,107
3965,53,765
3965,54,73
3965,55,73
3965,56,73
3965,57,73
3965,58,107
3965,59,938
3965,60,73
3965,61,614
3965,62,825
3965,63,504
3965,64,628
3965,65,373
3965,66,562
3965,67,529
3965,68,464
3965,69,461
3965,70,425
3965,71,854
3965,72,545
3965,73,115
3965,74,394
3965,75,336
3965,76,57
3965,77,562
3965,78,189
3965,79,973
3965,80,305
3966,41,285
3966,42,639
3966,43,189
3966,44,190
3966,45,842
3966,46,348
3966,47,345
3966,48,415
3966,49,462
3966,50,381
3966,51,381
3966,52,345
3966,53,596
3966,54,501
3966,55,152
3966,56,246
3966,57,149
3966,58,278
3966,59,342
3966,60,244
3966,61,528
3966,62,505
3966,63,315
3966,64,349
3966,65,350
3966,66,415
3966,67,895
3966,68,381
3966,69,315
3966,70,314
3966,71,848
3966,72,485
3966,73,86
3966,74,269
3966,75,308
3966,76,557
3966,77,215
3966,78,182
3966,79,83
3966,80,214
3967,41,780
3967,42,433
3967,43,992
3967,44,960
3967,45,863
3967,46,454
3967,47,540
3967,48,570
3967,49,505
3967,50,595
3967,51,764
3967,52,49
3967,53,998
3967,54,936
3967,55,986
3967,56,596
3967,57,626
3967,58,596
3967,59,438
3967,60,439
3967,61,689
3967,62,986
3967,63,211
3967,64,68
3967,65,184
3967,66,310
3967,67,406
3967,68,626
3967,69,597
3967,70,754
3967,71,87
3967,72,724
3967,73,596
3967,74,473
3967,75,469
3967,76,438
3967,77,811
3967,78,805
3967,79,514
3967,80,935
3968,41,537
3968,42,827
3968,43,330
3968,44,81
3968,45,367
3968,46,336
3968,47,367
3968,48,367
3968,49,306
3968,50,361
3968,51,336
3968,52,428
3968,53,279
3968,54,406
3968,55,280
3968,56,607
3968,57,246
3968,58,156
3968,59,215
3968,60,182
3968,61,22
3968,62,357
3968,63,564
3968,64,345
3968,65,281
3968,66,314
3968,67,122
3968,68,473
3968,69,538
3968,70,281
3968,71,306
3968,72,71
3968,73,166
3968,74,356
3968,75,356
3968,76,290
3968,77,356
3968,78,356
3968,79,588
3968,80,99
3969,41,758
3969,42,457
3969,43,906
3969,44,183
3969,45,111
3969,46,111
3969,47,682
3969,48,48
3969,49,142
3969,50,79
3969,51,48
3969,52,79
3969,53,109
3969,54,112
3969,55,688
3969,56,156
3969,57,285
3969,58,210
3969,59,89
3969,60,406
3969,61,950
3969,62,128
3969,63,122
3969,64,60
3969,65,151
3969,66,86
3969,67,151
3969,68,182
3969,69,313
3969,70,474
3969,71,289
3969,72,509
3969,73,506
3969,74,928
3969,75,992
3969,76,765
3969,77,119
3969,78,601
3969,79,15
3969,80,602
3970,41,568
3970,42,269
3970,43,163
3970,44,446
3970,45,5
3970,46,318
3970,47,104
3970,48,99
3970,49,129
3970,50,481
3970,51,161
3970,52,67
3970,53,139
3970,54,106
3970,55,50
3970,56,138
3970,57,582
3970,58,140
3970,59,137
3970,60,201
3970,61,614
3970,62,512
3970,63,4
3970,64,100
3970,65,5
3970,66,5
3970,67,5
3970,68,2
3970,69,236
3970,70,172
3970,71,11
3970,72,12
3970,73,44
3970,74,44
3970,75,44
3970,76,744
3970,77,698
3970,78,12
3970,79,590
3970,80,280
3971,41,417
3971,42,387
3971,43,238
3971,44,345
3971,45,265
3971,46,344
3971,47,313
3971,48,408
3971,49,506
3971,50,409
3971,51,201
3971,52,501
3971,53,684
3971,54,473
3971,55,538
3971,56,443
3971,57,443
3971,58,410
3971,59,538
3971,60,919
3971,61,695
3971,62,743
3971,63,389
3971,64,893
3971,65,557
3971,66,795
3971,67,493
3971,68,363
3971,69,331
3971,70,82
3971,71,211
3971,72,177
3971,73,114
3971,74,179
3971,75,111
3971,76,111
3971,77,331
3971,78,299
3971,79,235
3971,80,452
3972,41,983
3972,42,269
3972,43,641
3972,44,56
3972,45,302
3972,46,366
3972,47,779
3972,48,18
3972,49,890
3972,50,851
3972,51,883
3972,52,818
3972,53,785
3972,54,752
3972,55,785
3972,56,818
3972,57,155
3972,58,853
3972,59,852
3972,60,931
3972,61,91
3972,62,833
3972,63,202
3972,64,272
3972,65,166
3972,66,272
3972,67,273
3972,68,212
3972,69,82
3972,70,82
3972,71,147
3972,72,213
3972,73,213
3972,74,245
3972,75,214
3972,76,869
3972,77,529
3972,78,505
3972,79,12
3972,80,505
3973,41,406
3973,42,1011
3973,43,475
3973,44,540
3973,45,474
3973,46,476
3973,47,542
3973,48,137
3973,49,475
3973,50,448
3973,51,448
3973,52,474
3973,53,509
3973,54,440
3973,55,542
3973,56,575
3973,57,480
3973,58,448
3973,59,480
3973,60,653
3973,61,609
3973,62,804
3973,63,895
3973,64,354
3973,65,933
3973,66,356
3973,67,552
3973,68,809
3973,69,840
3973,70,722
3973,71,648
3973,72,679
3973,73,775
3973,74,477
3973,75,679
3973,76,679
3973,77,679
3973,78,572
3973,79,679
3973,80,799
3974,41,291
3974,42,412
3974,43,942
3974,44,85
3974,45,804
3974,46,794
3974,47,886
3974,48,818
3974,49,911
3974,50,692
3974,51,734
3974,52,352
3974,53,581
3974,54,179
3974,55,863
3974,56,765
3974,57,699
3974,58,378
3974,59,931
3974,60,1024
3974,61,256
3974,62,955
3974,63,807
3974,64,840
3974,65,584
3974,66,649
3974,67,585
3974,68,830
3974,69,589
3974,70,620
3974,71,525
3974,72,592
3974,73,528
3974,74,682
3974,75,492
3974,76,492
3974,77,492
3974,78,737
3974,79,286
3974,80,710
3975,41,220
3975,42,622
3975,43,684
3975,44,199
3975,45,488
3975,46,459
3975,47,437
3975,48,158
3975,49,486
3975,50,908
3975,51,973
3975,52,662
3975,53,611
3975,54,941
3975,55,129
3975,56,817
3975,57,848
3975,58,1017
3975,59,9
3975,60,819
3975,61,1019
3975,62,21
3975,63,744
3975,64,936
3975,65,649
3975,66,941
3975,67,874
3975,68,681
3975,69,520
3975,70,456
3975,71,488
3975,72,747
3975,73,871
3975,74,1000
3975,75,936
3975,76,870
3975,77,906
3975,78,906
3975,79,906
3975,80,777
3976,41,965
3976,42,1019
3976,43,642
3976,44,748
3976,45,389
3976,46,255
3976,47,605
3976,48,662
3976,49,596
3976,50,600
3976,51,473
3976,52,750
3976,53,627
3976,54,750
3976,55,584
3976,56,839
3976,57,936
3976,58,809
3976,59,842
3976,60,779
3976,61,465
3976,62,718
3976,63,91
3976,64,91
3976,65,92
3976,66,258
3976,67,64
3976,68,91
3976,69,959
3976,70,92
3976,71,29
3976,72,60
3976,73,29
3976,74,309
3976,75,181
3976,76,185
3976,77,64
3976,78,463
3976,79,29
3976,80,184
3977,41,717
3977,42,401
3977,43,1004
3977,44,605
3977,45,605
3977,46,640
3977,47,294
3977,48,602
3977,49,601
3977,50,688
3977,51,594
3977,52,473
3977,53,285
3977,54,534
3977,55,317
3977,56,381
3977,57,381
3977,58,166
3977,59,348
3977,60,414
3977,61,524
3977,62,376
3977,63,935
3977,64,842
3977,65,874
3977,66,841
3977,67,812
3977,68,813
3977,69,814
3977,70,814
3977,71,781
3977,72,841
3977,73,597
3977,74,595
3977,75,597
3977,76,758
3977,77,918
3977,78,398
3977,79,430
3977,80,451
3978,41,327
3978,42,29
3978,43,426
3978,44,2
3978,45,451
3978,46,425
3978,47,420
3978,48,420
3978,49,452
3978,50,510
3978,51,739
3978,52,577
3978,53,888
3978,54,707
3978,55,769
3978,56,678
3978,57,648
3978,58,528
3978,59,594
3978,60,126
3978,61,107
3978,62,154
3978,63,421
3978,64,418
3978,65,422
3978,66,552
3978,67,423
3978,68,423
3978,69,170
3978,70,168
3978,71,141
3978,72,44
3978,73,12
3978,74,107
3978,75,77
3978,76,12
3978,77,76
3978,78,78
3978,79,172
3978,80,138
3979,41,743
3979,42,747
3979,43,794
3979,44,825
3979,45,825
3979,46,825
3979,47,602
3979,48,602
3979,49,635
3979,50,665
3979,51,344
3979,52,699
3979,53,733
3979,54,1024
3979,55,634
3979,56,802
3979,57,982
3979,58,843
3979,59,444
3979,60,763
3979,61,990
3979,62,408
3979,63,700
3979,64,600
3979,65,634
3979,66,992
3979,67,700
3979,68,766
3979,69,901
3979,70,832
3979,71,703
3979,72,282
3979,73,697
3979,74,797
3979,75,960
3979,76,797
3979,77,597
3979,78,595
3979,79,626
3979,80,503
3980,41,510
3980,42,846
3980,43,161
3980,44,165
3980,45,161
3980,46,639
3980,47,198
3980,48,139
3980,49,168
3980,50,710
3980,51,633
3980,52,162
3980,53,168
3980,54,265
3980,55,202
3980,56,751
3980,57,34
3980,58,1013
3980,59,481
3980,60,139
3980,61,475
3980,62,78
3980,63,162
3980,64,144
3980,65,753
3980,66,139
3980,67,236
3980,68,377
3980,69,362
3980,70,79
3980,71,310
3980,72,247
3980,73,923
3980,74,338
3980,75,436
3980,76,435
3980,77,375
3980,78,503
3980,79,777
3980,80,438
3981,41,759
3981,42,457
3981,43,432
3981,44,680
3981,45,920
3981,46,422
3981,47,430
3981,48,430
3981,49,469
3981,50,149
3981,51,326
3981,52,364
3981,53,289
3981,54,422
3981,55,423
3981,56,454
3981,57,454
3981,58,225
3981,59,423
3981,60,423
3981,61,852
3981,62,842
3981,63,324
3981,64,830
3981,65,906
3981,66,198
3981,67,170
3981,68,168
3981,69,170
3981,70,7
3981,71,242
3981,72,276
3981,73,184
3981,74,247
3981,75,310
3981,76,276
3981,77,184
3981,78,184
3981,79,34
3981,80,185
3982,41,280
3982,42,934
3982,43,80
3982,44,48
3982,45,112
3982,46,180
3982,47,79
3982,48,79
3982,49,394
3982,50,513
3982,51,452
3982,52,295
3982,53,327
3982,54,70
3982,55,36
3982,56,70
3982,57,167
3982,58,379
3982,59,40
3982,60,102
3982,61,803
3982,62,481
3982,63,172
3982,64,140
3982,65,182
3982,66,182
3982,67,215
3982,68,280
3982,69,473
3982,70,645
3982,71,122
3982,72,93
3982,73,92
3982,74,590
3982,75,122
3982,76,306
3982,77,239
3982,78,246
3982,79,809
3982,80,154
3983,41,1017
3983,42,738
3983,43,480
3983,44,574
3983,45,509
3983,46,608
3983,47,544
3983,48,144
3983,49,607
3983,50,938
3983,51,444
3983,52,305
3983,53,409
3983,54,273
3983,55,477
3983,56,105
3983,57,479
3983,58,444
3983,59,443
3983,60,957
3983,61,708
3983,62,624
3983,63,819
3983,64,306
3983,65,342
3983,66,306
3983,67,405
3983,68,435
3983,69,404
3983,70,501
3983,71,374
3983,72,310
3983,73,692
3983,74,785
3983,75,752
3983,76,682
3983,77,852
3983,78,819
3983,79,856
3983,80,892
3984,41,62
3984,42,574
3984,43,564
3984,44,343
3984,45,480
3984,46,70
3984,47,444
3984,48,480
3984,49,477
3984,50,410
3984,51,443
3984,52,478
3984,53,602
3984,54,667
3984,55,602
3984,56,605
3984,57,806
3984,58,154
3984,59,587
3984,60,557
3984,61,579
3984,62,885
3984,63,754
3984,64,600
3984,65,601
3984,66,598
3984,67,633
3984,68,511
3984,69,699
3984,70,605
3984,71,474
3984,72,733
3984,73,409
3984,74,476
3984,75,477
3984,76,476
3984,77,480
3984,78,480
3984,79,539
3984,80,602
3985,41,240
3985,42,543
3985,43,223
3985,44,273
3985,45,318
3985,46,351
3985,47,318
3985,48,815
3985,49,255
3985,50,280
3985,51,473
3985,52,380
3985,53,350
3985,54,380
3985,55,410
3985,56,444
3985,57,280
3985,58,377
3985,59,474
3985,60,344
3985,61,776
3985,62,95
3985,63,344
3985,64,376
3985,65,991
3985,66,154
3985,67,504
3985,68,535
3985,69,477
3985,70,806
3985,71,544
3985,72,506
3985,73,473
3985,74,284
3985,75,285
3985,76,224
3985,77,223
3985,78,441
3985,79,441
3985,80,31
3986,41,802
3986,42,461
3986,43,351
3986,44,561
3986,45,561
3986,46,622
3986,47,592
3986,48,620
3986,49,586
3986,50,586
3986,51,359
3986,52,90
3986,53,494
3986,54,495
3986,55,494
3986,56,770
3986,57,351
3986,58,558
3986,59,558
3986,60,558
3986,61,530
3986,62,610
3986,63,592
3986,64,621
3986,65,622
3986,66,184
3986,67,620
3986,68,215
3986,69,527
3986,70,711
3986,71,729
3986,72,525
3986,73,525
3986,74,525
3986,75,416
3986,76,614
3986,77,612
3986,78,615
3986,79,313
3986,80,614
3987,41,332
3987,42,60
3987,43,157
3987,44,469
3987,45,469
3987,46,471
3987,47,471
3987,48,469
3987,49,736
3987,50,469
3987,51,469
3987,52,351
3987,53,471
3987,54,792
3987,55,670
3987,56,436
3987,57,863
3987,58,408
3987,59,888
3987,60,472
3987,61,971
3987,62,551
3987,63,471
3987,64,469
3987,65,471
3987,66,471
3987,67,471
3987,68,432
3987,69,432
3987,70,471
3987,71,469
3987,72,469
3987,73,469
3987,74,469
3987,75,471
3987,76,471
3987,77,260
3987,78,471
3987,79,471
3987,80,652
3988,41,482
3988,42,235
3988,43,315
3988,44,378
3988,45,185
3988,46,315
3988,47,315
3988,48,284
3988,49,281
3988,50,316
3988,51,992
3988,52,964
3988,53,213
3988,54,286
3988,55,20
3988,56,185
3988,57,185
3988,58,219
3988,59,187
3988,60,219
3988,61,399
3988,62,742
3988,63,298
3988,64,5
3988,65,5
3988,66,5
3988,67,5
3988,68,5
3988,69,5
3988,70,5
3988,71,5
3988,72,99
3988,73,163
3988,74,163
3988,75,3
3988,76,534
3988,77,195
3988,78,291
3988,79,291
3988,80,259
3989,41,397
3989,42,34
3989,43,328
3989,44,51
3989,45,182
3989,46,215
3989,47,183
3989,48,430
3989,49,215
3989,50,53
3989,51,409
3989,52,159
3989,53,454
3989,54,562
3989,55,528
3989,56,460
3989,57,561
3989,58,558
3989,59,618
3989,60,618
3989,61,610
3989,62,114
3989,63,210
3989,64,176
3989,65,48
3989,66,144
3989,67,111
3989,68,331
3989,69,331
3989,70,76
3989,71,138
3989,72,213
3989,73,103
3989,74,99
3989,75,37
3989,76,7
3989,77,76
3989,78,53
3989,79,460
3989,80,307
3990,41,434
3990,42,856
3990,43,8
3990,44,187
3990,45,71
3990,46,42
3990,47,108
3990,48,277
3990,49,110
3990,50,204
3990,51,142
3990,52,44
3990,53,110
3990,54,143
3990,55,922
3990,56,73
3990,57,406
3990,58,36
3990,59,691
3990,60,37
3990,61,914
3990,62,932
3990,63,93
3990,64,71
3990,65,71
3990,66,504
3990,67,73
3990,68,7
3990,69,315
3990,70,134
3990,71,668
3990,72,69
3990,73,68
3990,74,68
3990,75,134
3990,76,137
3990,77,72
3990,78,96
3990,79,72
3990,80,72
3991,41,521
3991,42,605
3991,43,713
3991,44,538
3991,45,255
3991,46,255
3991,47,316
3991,48,255
3991,49,190
3991,50,856
3991,51,156
3991,52,457
3991,53,255
3991,54,11
3991,55,125
3991,56,393
3991,57,63
3991,58,157
3991,59,189
3991,60,189
3991,61,861
3991,62,689
3991,63,216
3991,64,249
3991,65,216
3991,66,122
3991,67,185
3991,68,219
3991,69,223
3991,70,431
3991,71,315
3991,72,285
3991,73,156
3991,74,250
3991,75,94
3991,76,157
3991,77,639
3991,78,415
3991,79,380
3991,80,743
3992,41,78
3992,42,689
3992,43,290
3992,44,259
3992,45,391
3992,46,617
3992,47,777
3992,48,287
3992,49,870
3992,50,1000
3992,51,809
3992,52,520
3992,53,618
3992,54,777
3992,55,1000
3992,56,873
3992,57,120
3992,58,840
3992,59,809
3992,60,480
3992,61,179
3992,62,552
3992,63,481
3992,64,610
3992,65,678
3992,66,583
3992,67,584
3992,68,584
3992,69,616
3992,70,431
3992,71,428
3992,72,427
3992,73,468
3992,74,467
3992,75,430
3992,76,791
3992,77,211
3992,78,393
3992,79,452
3992,80,110
3993,41,821
3993,42,551
3993,43,808
3993,44,808
3993,45,806
3993,46,738
3993,47,577
3993,48,596
3993,49,577
3993,50,642
3993,51,675
3993,52,644
3993,53,763
3993,54,1005
3993,55,613
3993,56,610
3993,57,676
3993,58,737
3993,59,577
3993,60,611
3993,61,24
3993,62,766
3993,63,740
3993,64,742
3993,65,742
3993,66,675
3993,67,323
3993,68,577
3993,69,545
3993,70,675
3993,71,675
3993,72,610
3993,73,544
3993,74,613
3993,75,610
3993,76,610
3993,77,675
3993,78,707
3993,79,451
3993,80,610
3994,41,149
3994,42,522
3994,43,166
3994,44,64
3994,45,122
3994,46,122
3994,47,215
3994,48,93
3994,49,528
3994,50,125
3994,51,801
3994,52,94
3994,53,184
3994,54,437
3994,55,278
3994,56,309
3994,57,406
3994,58,894
3994,59,435
3994,60,375
3994,61,74
3994,62,433
3994,63,439
3994,64,543
3994,65,374
3994,66,227
3994,67,408
3994,68,408
3994,69,816
3994,70,408
3994,71,408
3994,72,4
3994,73,407
3994,74,407
3994,75,727
3994,76,505
3994,77,505
3994,78,395
3994,79,439
3994,80,342
3995,41,965
3995,42,370
3995,43,773
3995,44,992
3995,45,992
3995,46,992
3995,47,928
3995,48,928
3995,49,928
3995,50,480
3995,51,960
3995,52,766
3995,53,638
3995,54,766
3995,55,766
3995,56,766
3995,57,364
3995,58,703
3995,59,109
3995,60,479
3995,61,874
3995,62,491
3995,63,992
3995,64,992
3995,65,864
3995,66,960
3995,67,896
3995,68,890
3995,69,895
3995,70,765
3995,71,991
3995,72,928
3995,73,928
3995,74,570
3995,75,538
3995,76,570
3995,77,539
3995,78,640
3995,79,37
3995,80,671
3996,41,286
3996,42,586
3996,43,709
3996,44,905
3996,45,649
3996,46,621
3996,47,563
3996,48,589
3996,49,621
3996,50,591
3996,51,622
3996,52,621
3996,53,679
3996,54,611
3996,55,648
3996,56,622
3996,57,492
3996,58,557
3996,59,538
3996,60,558
3996,61,618
3996,62,126
3996,63,870
3996,64,870
3996,65,805
3996,66,806
3996,67,840
3996,68,584
3996,69,578
3996,70,611
3996,71,586
3996,72,326
3996,73,356
3996,74,389
3996,75,149
3996,76,456
3996,77,163
3996,78,389
3996,79,424
3996,80,195
3997,41,329
3997,42,423
3997,43,506
3997,44,506
3997,45,819
3997,46,671
3997,47,704
3997,48,704
3997,49,394
3997,50,873
3997,51,830
3997,52,144
3997,53,864
3997,54,765
3997,55,864
3997,56,1021
3997,57,830
3997,58,732
3997,59,704
3997,60,575
3997,61,1016
3997,62,687
3997,63,640
3997,64,638
3997,65,607
3997,66,410
3997,67,576
3997,68,700
3997,69,538
3997,70,574
3997,71,94
3997,72,115
3997,73,509
3997,74,608
3997,75,638
3997,76,541
3997,77,474
3997,78,446
3997,79,607
3997,80,608
3998,41,559
3998,42,122
3998,43,132
3998,44,100
3998,45,80
3998,46,67
3998,47,35
3998,48,674
3998,49,69
3998,50,573
3998,51,40
3998,52,69
3998,53,259
3998,54,289
3998,55,289
3998,56,911
3998,57,356
3998,58,163
3998,59,290
3998,60,432
3998,61,558
3998,62,344
3998,63,102
3998,64,102
3998,65,102
3998,66,102
3998,67,64
3998,68,633
3998,69,165
3998,70,687
3998,71,322
3998,72,357
3998,73,999
3998,74,355
3998,75,99
3998,76,133
3998,77,554
3998,78,73
3998,79,107
3998,80,853
3999,41,925
3999,42,11
3999,43,595
3999,44,688
3999,45,626
3999,46,598
3999,47,973
3999,48,755
3999,49,880
3999,50,974
3999,51,402
3999,52,363
3999,53,534
3999,54,532
3999,55,614
3999,56,614
3999,57,613
3999,58,892
3999,59,884
3999,60,611
3999,61,388
3999,62,315
3999,63,563
3999,64,619
3999,65,563
3999,66,637
3999,67,594
3999,68,496
3999,69,407
3999,70,764
3999,71,579
3999,72,71
3999,73,104
3999,74,305
3999,75,318
3999,76,170
3999,77,270
3999,78,276
3999,79,279
3999,80,52
4000,41,736
4000,42,612
4000,43,132
4000,44,291
4000,45,227
4000,46,291
4000,47,68
4000,48,35
4000,49,33
4000,50,403
4000,51,70
4000,52,4
4000,53,385
4000,54,732
4000,55,195
4000,56,135
4000,57,259
4000,58,101
4000,59,101
4000,60,576
4000,61,762
4000,62,106
4000,63,354
4000,64,328
4000,65,291
4000,66,99
4000,67,101
4000,68,872
4000,69,100
4000,70,103
4000,71,103
4000,72,104
4000,73,104
4000,74,238
4000,75,203
4000,76,137
4000,77,136
4000,78,579
4000,79,304
4000,80,235
